   2.4000000000000018E-002    1773.708333337298     
   2.4000000000000018E-002    1805.614583337530     
   2.4000000000000018E-002    1836.250000004420     
   2.4000000000000018E-002    1865.812500004635     
   2.4000000000000018E-002    1894.458333338177     
   2.4000000000000018E-002    1922.291666671712     
   2.4000000000000018E-002    1949.375000005243     
   2.4000000000000018E-002    1975.802083338768     
   2.4000000000000018E-002    2001.614583338956     
   2.4000000000000018E-002    2026.875000005807     
   2.4000000000000018E-002    2051.635416672574     
   2.4000000000000018E-002    2075.937500005554     
   2.4000000000000018E-002    2099.822916671873     
   2.4000000000000018E-002    2123.312500004864     
   2.4000000000000018E-002    2146.447916671194     
   2.4000000000000018E-002    2169.250000004196     
   2.4000000000000018E-002    2191.739583337202     
   2.4000000000000018E-002    2213.947916670212     
   2.4000000000000018E-002    2235.885416669893     
   2.4000000000000018E-002    2257.572916669577     
   2.4000000000000018E-002    2279.031250002598     
   2.4000000000000018E-002    2300.281250002289     
   2.4000000000000018E-002    2321.312500001983     
   2.4000000000000018E-002    2342.166666668346     
   2.4000000000000018E-002    2362.833333334712     
   2.4000000000000018E-002    2383.333333334414     
   2.4000000000000018E-002    2403.677083334118     
   2.4000000000000018E-002    2423.864583333824     
   2.4000000000000018E-002    2443.916666666866     
   2.4000000000000018E-002    2463.833333333243     
   2.4000000000000018E-002    2483.624999999621     
   2.4000000000000018E-002    2503.291666666002     
   2.4000000000000018E-002    2522.843749999050     
   2.4000000000000018E-002    2542.291666665434     
   2.4000000000000018E-002    2561.635416665153     
   2.4000000000000018E-002    2580.874999998206     
   2.4000000000000018E-002    2600.031249997927     
   2.4000000000000018E-002    2619.093749997650     
   2.4000000000000018E-002    2638.062499997374     
   2.4000000000000018E-002    2656.968749997099     
   2.4000000000000018E-002    2675.781249996825     
   2.4000000000000018E-002    2694.531249996552     
   2.4000000000000018E-002    2713.208333329614     
   2.4000000000000018E-002    2731.812499996010     
   2.4000000000000018E-002    2750.354166662406     
   2.4000000000000018E-002    2768.843749995471     
   2.4000000000000018E-002    2787.260416661869     
   2.4000000000000018E-002    2805.635416661602     
   2.4000000000000018E-002    2823.947916661336     
   2.4000000000000018E-002    2842.208333327736     
   2.4000000000000018E-002    2860.427083327471     
   2.4000000000000018E-002    2878.593749993874     
   2.4000000000000018E-002    2896.708333326943     
   2.4000000000000018E-002    2914.791666660014     
   2.4000000000000018E-002    2932.822916659751     
   2.4000000000000018E-002    2950.812499992823     
   2.4000000000000018E-002    2968.770833325895     
   2.4000000000000018E-002    2986.697916658967     
   2.4000000000000018E-002    3004.572916658707     
   2.4000000000000018E-002    3022.427083325114     
   2.4000000000000018E-002    3040.249999991521     
   2.4000000000000018E-002    3058.031249991262     
   2.4000000000000018E-002    3075.791666657671     
   2.4000000000000018E-002    3093.510416657413     
   2.4000000000000018E-002    3111.208333323822     
   2.4000000000000018E-002    3128.885416656898     
   2.4000000000000018E-002    3146.531249989975     
   2.4000000000000018E-002    3164.145833323052     
   2.4000000000000018E-002    3181.749999989462     
   2.4000000000000018E-002    3199.322916655873     
   2.4000000000000018E-002    3216.874999988951     
   2.4000000000000018E-002    3234.406249988696     
   2.4000000000000018E-002    3251.906249988441     
   2.4000000000000018E-002    3269.395833321520     
   2.4000000000000018E-002    3286.864583321266     
   2.4000000000000018E-002    3304.322916654345     
   2.4000000000000018E-002    3321.749999987425     
   2.4000000000000018E-002    3339.166666653838     
   2.4000000000000018E-002    3356.572916653585     
   2.4000000000000018E-002    3373.958333319998     
   2.4000000000000018E-002    3391.322916653079     
   2.4000000000000018E-002    3408.677083319493     
   2.4000000000000018E-002    3426.020833319241     
   2.4000000000000018E-002    3443.343749985655     
   2.4000000000000018E-002    3460.656249985404     
   2.4000000000000018E-002    3477.958333318485     
   2.4000000000000018E-002    3495.239583318234     
   2.4000000000000018E-002    3512.510416651316     
   2.4000000000000018E-002    3529.781249984398     
   2.4000000000000018E-002    3547.031249984147     
   2.4000000000000018E-002    3564.270833317229     
   2.4000000000000018E-002    3581.499999983645     
   2.4000000000000018E-002    3598.718749983394     
   2.4000000000000018E-002    3615.937499983144     
   2.4000000000000018E-002    3633.135416649560     
   2.4000000000000018E-002    3650.322916649310     
   2.4000000000000018E-002    3667.510416649060     
   2.4000000000000018E-002    3684.687499982143     
   2.4000000000000018E-002    3701.854166648560     
   2.4000000000000018E-002    3719.010416648311     
   2.4000000000000018E-002    3736.166666648061     
   2.4000000000000018E-002    3753.312499981145     
   2.4000000000000018E-002    3770.447916647562     
   2.4000000000000018E-002    3787.572916647313     
   2.4000000000000018E-002    3804.697916647064     
   2.4000000000000018E-002    3821.812499980148     
   2.4000000000000018E-002    3838.927083313232     
   2.4000000000000018E-002    3856.031249979650     
   2.4000000000000018E-002    3873.124999979401     
   2.4000000000000018E-002    3890.218749979153     
   2.4000000000000018E-002    3907.312499978904     
   2.4000000000000018E-002    3924.395833311989     
   2.4000000000000018E-002    3941.468749978407     
   2.4000000000000018E-002    3958.541666644825     
   2.4000000000000018E-002    3975.604166644577     
   2.4000000000000018E-002    3992.666666644328     
   2.4000000000000018E-002    4009.729166644080     
   2.4000000000000018E-002    4026.781249977165     
   2.4000000000000018E-002    4043.833333310251     
   2.4000000000000018E-002    4060.874999976669     
   2.4000000000000018E-002    4077.916666643088     
   2.4000000000000018E-002    4094.958333309507     
   2.4000000000000018E-002    4111.989583309956     
   2.4000000000000018E-002    4129.020833310452     
   2.4000000000000018E-002    4146.052083310948     
   2.4000000000000018E-002    4163.072916644776     
   2.4000000000000018E-002    4180.093749978605     
   2.4000000000000018E-002    4197.114583312434     
   2.4000000000000018E-002    4214.124999979595     
   2.4000000000000018E-002    4231.135416646757     
   2.4000000000000018E-002    4248.145833313919     
   2.4000000000000018E-002    4265.156249981081     
   2.4000000000000018E-002    4282.156249981575     
   2.4000000000000018E-002    4299.156249982070     
   2.4000000000000018E-002    4316.156249982565     
   2.4000000000000018E-002    4333.145833316393     
   2.4000000000000018E-002    4350.145833316888     
   2.4000000000000018E-002    4367.135416650715     
   2.4000000000000018E-002    4384.124999984543     
   2.4000000000000018E-002    4401.114583318371     
   2.4000000000000018E-002    4418.093749985532     
   2.4000000000000018E-002    4435.083333319360     
   2.4000000000000018E-002    4452.062499986520     
   2.4000000000000018E-002    4469.041666653681     
   2.4000000000000018E-002    4486.020833320842     
   2.4000000000000018E-002    4502.989583321336     
   2.4000000000000018E-002    4519.968749988497     
   2.4000000000000018E-002    4536.937499988991     
   2.4000000000000018E-002    4553.906249989484     
   2.4000000000000018E-002    4570.874999989978     
   2.4000000000000018E-002    4587.843749990472     
   2.4000000000000018E-002    4604.812499990966     
   2.4000000000000018E-002    4621.781249991460     
   2.4000000000000018E-002    4638.739583325287     
   2.4000000000000018E-002    4655.708333325781     
   2.4000000000000018E-002    4672.666666659607     
   2.4000000000000018E-002    4689.624999993434     
   2.4000000000000018E-002    4706.583333327261     
   2.4000000000000018E-002    4723.541666661088     
   2.4000000000000018E-002    4740.499999994915     
   2.4000000000000018E-002    4757.447916662075     
   2.4000000000000018E-002    4774.406249995902     
   2.4000000000000018E-002    4791.354166663062     
   2.4000000000000018E-002    4808.312499996889     
   2.4000000000000018E-002    4825.260416664049     
   2.4000000000000018E-002    4842.208333331208     
   2.4000000000000018E-002    4859.166666665035     
   2.4000000000000018E-002    4876.114583332195     
   2.4000000000000018E-002    4893.062499999355     
   2.4000000000000018E-002    4910.010416666515     
   2.4000000000000018E-002    4926.947916667008     
   2.4000000000000018E-002    4943.895833334168     
   2.4000000000000018E-002    4960.843750001328     
   2.4000000000000018E-002    4977.781250001821     
   2.4000000000000018E-002    4994.729166668981     
   2.4000000000000018E-002    5011.666666669474     
   2.4000000000000018E-002    5028.614583336634     
   2.4000000000000018E-002    5045.552083337127     
   2.4000000000000018E-002    5062.500000004286     
   2.4000000000000018E-002    5079.437500004779     
   2.4000000000000018E-002    5096.375000005272     
   2.4000000000000018E-002    5113.312500005765     
   2.4000000000000018E-002    5130.250000006258     
   2.4000000000000018E-002    5147.187500006751     
   2.4000000000000018E-002    5164.125000007244     
   2.4000000000000018E-002    5181.062500007737     
   2.4000000000000018E-002    5198.000000008230     
   2.4000000000000018E-002    5214.937500008723     
   2.4000000000000018E-002    5231.875000009216     
   2.4000000000000018E-002    5248.812500009709     
   2.4000000000000018E-002    5265.739583343535     
   2.4000000000000018E-002    5282.677083344028     
   2.4000000000000018E-002    5299.614583344521     
   2.4000000000000018E-002    5316.541666678347     
   2.4000000000000018E-002    5333.479166678840     
   2.4000000000000018E-002    5350.406250012666     
   2.4000000000000018E-002    5367.343750013159     
   2.4000000000000018E-002    5384.270833346985     
   2.4000000000000018E-002    5401.208333347477     
   2.4000000000000018E-002    5418.135416681303     
   2.4000000000000018E-002    5435.072916681796     
   2.4000000000000018E-002    5452.000000015622     
   2.4000000000000018E-002    5468.927083349448     
   2.4000000000000018E-002    5485.864583349941     
   2.4000000000000018E-002    5502.791666683767     
   2.4000000000000018E-002    5519.718750017593     
   2.4000000000000018E-002    5536.656250018086     
   2.4000000000000018E-002    5553.583333351912     
   2.4000000000000018E-002    5570.510416685738     
   2.4000000000000018E-002    5587.437500019564     
   2.4000000000000018E-002    5604.364583353390     
   2.4000000000000018E-002    5621.291666687216     
   2.4000000000000018E-002    5638.229166687709     
   2.4000000000000018E-002    5655.156250021535     
   2.4000000000000018E-002    5672.083333355361     
   2.4000000000000018E-002    5689.010416689187     
   2.4000000000000018E-002    5705.937500023013     
   2.4000000000000018E-002    5722.864583356839     
   2.4500000000000018E-002    177.7812499999780     
   2.4500000000000018E-002    193.8645833332967     
   2.4500000000000018E-002    209.9270833332821     
   2.4500000000000018E-002    225.9791666666008     
   2.4500000000000018E-002    241.9999999999196     
   2.4500000000000018E-002    258.0104166665772     
   2.4500000000000018E-002    273.9999999999396     
   2.4500000000000018E-002    289.9687499999686     
   2.4500000000000018E-002    305.9166666666643     
   2.4500000000000018E-002    321.8437500000266     
   2.4500000000000018E-002    337.7604166667222     
   2.4500000000000018E-002    353.6562500000845     
   2.4500000000000018E-002    369.5416666667800     
   2.4500000000000018E-002    385.3958333334755     
   2.4500000000000018E-002    401.2500000001710     
   2.4500000000000018E-002    417.0833333335332     
   2.4500000000000018E-002    432.8958333335619     
   2.4500000000000018E-002    448.6979166669240     
   2.4500000000000018E-002    464.4895833336194     
   2.4500000000000018E-002    480.2708333336481     
   2.4500000000000018E-002    496.0312500003434     
   2.4500000000000018E-002    511.7812500003721     
   2.4500000000000018E-002    527.5208333336493     
   2.4500000000000018E-002    543.2500000002588     
   2.4500000000000018E-002    558.9687500002016     
   2.4500000000000018E-002    574.6666666668111     
   2.4500000000000018E-002    590.3645833334207     
   2.4500000000000018E-002    606.0520833333636     
   2.4500000000000018E-002    621.7291666666399     
   2.4500000000000018E-002    637.3958333332496     
   2.4500000000000018E-002    653.0520833331926     
   2.4500000000000018E-002    668.6979166664690     
   2.4500000000000018E-002    684.3437499997455     
   2.4500000000000018E-002    699.9687499996886     
   2.4500000000000018E-002    715.5937499996318     
   2.4500000000000018E-002    731.2187499995749     
   2.4500000000000018E-002    746.8229166661848     
   2.4500000000000018E-002    762.4270833327947     
   2.4500000000000018E-002    778.0208333327380     
   2.4500000000000018E-002    793.6145833326813     
   2.4500000000000018E-002    809.1979166659579     
   2.4500000000000018E-002    824.7708333325679     
   2.4500000000000018E-002    840.3437499991779     
   2.4500000000000018E-002    855.9062499991213     
   2.4500000000000018E-002    871.4687499990647     
   2.4500000000000018E-002    887.0208333323415     
   2.4500000000000018E-002    902.5729166656182     
   2.4500000000000018E-002    918.1145833322283     
   2.4500000000000018E-002    933.6458333321718     
   2.4500000000000018E-002    949.1874999987820     
   2.4500000000000018E-002    964.7187499987255     
   2.4500000000000018E-002    980.2395833320023     
   2.4500000000000018E-002    995.7604166652792     
   2.4500000000000018E-002    1011.281249998556     
   2.4500000000000018E-002    1026.791666665197     
   2.4500000000000018E-002    1042.302083331976     
   2.4500000000000018E-002    1057.802083332089     
   2.4500000000000018E-002    1073.312499998869     
   2.4500000000000018E-002    1088.802083332315     
   2.4500000000000018E-002    1104.302083332427     
   2.4500000000000018E-002    1119.791666665873     
   2.4500000000000018E-002    1135.281249999319     
   2.4500000000000018E-002    1150.770833332766     
   2.4500000000000018E-002    1166.249999999545     
   2.4500000000000018E-002    1181.729166666324     
   2.4500000000000018E-002    1197.208333333103     
   2.4500000000000018E-002    1212.677083333216     
   2.4500000000000018E-002    1228.156249999995     
   2.4500000000000018E-002    1243.625000000108     
   2.4500000000000018E-002    1259.093750000220     
   2.4500000000000018E-002    1274.552083333666     
   2.4500000000000018E-002    1290.020833333779     
   2.4500000000000018E-002    1305.479166667224     
   2.4500000000000018E-002    1320.937500000670     
   2.4500000000000018E-002    1336.395833334116     
   2.4500000000000018E-002    1351.843750000895     
   2.4500000000000018E-002    1367.302083334341     
   2.4500000000000018E-002    1382.750000001120     
   2.4500000000000018E-002    1398.197916667899     
   2.4500000000000018E-002    1413.645833334678     
   2.4500000000000018E-002    1429.093750001457     
   2.4500000000000018E-002    1444.531250001570     
   2.4500000000000018E-002    1459.979166668349     
   2.4500000000000018E-002    1475.416666668461     
   2.4500000000000018E-002    1490.854166668573     
   2.4500000000000018E-002    1506.291666668686     
   2.4500000000000018E-002    1521.729166668798     
   2.4500000000000018E-002    1537.166666668910     
   2.4500000000000018E-002    1552.593750002356     
   2.4500000000000018E-002    1568.031250002468     
   2.4500000000000018E-002    1583.458333335914     
   2.4500000000000018E-002    1598.895833336026     
   2.4500000000000018E-002    1614.322916669472     
   2.4500000000000018E-002    1629.750000002917     
   2.4500000000000018E-002    1645.177083336363     
   2.4500000000000018E-002    1660.604166669808     
   2.4500000000000018E-002    1676.020833336587     
   2.4500000000000018E-002    1691.447916670033     
   2.4500000000000018E-002    1706.875000003478     
   2.4500000000000018E-002    1722.291666670257     
   2.4500000000000018E-002    1737.718750003703     
   2.4500000000000018E-002    1753.135416670482     
   2.4500000000000018E-002    1768.552083337260     
   2.4500000000000018E-002    1783.968750004039     
   2.4500000000000018E-002    1799.385416670818     
   2.4500000000000018E-002    1814.812500004264     
   2.4500000000000018E-002    1830.218750004376     
   2.4500000000000018E-002    1845.635416671155     
   2.4500000000000018E-002    1861.052083337933     
   2.4500000000000018E-002    1876.468750004712     
   2.4500000000000018E-002    1891.885416671491     
   2.4500000000000018E-002    1907.291666671603     
   2.4500000000000018E-002    1922.708333338382     
   2.4500000000000018E-002    1938.114583338494     
   2.4500000000000018E-002    1953.531250005273     
   2.4500000000000018E-002    1968.937500005385     
   2.4500000000000018E-002    1984.354166672164     
   2.4500000000000018E-002    1999.760416672276     
   2.4500000000000018E-002    2015.166666672388     
   2.4500000000000018E-002    2030.583333339167     
   2.4500000000000018E-002    2045.989583339279     
   2.4500000000000018E-002    2061.395833339099     
   2.4500000000000018E-002    2076.802083338875     
   2.4500000000000018E-002    2092.208333338650     
   2.4500000000000018E-002    2107.614583338426     
   2.4500000000000018E-002    2123.020833338202     
   2.4500000000000018E-002    2138.427083337978     
   2.4500000000000018E-002    2153.833333337754     
   2.4500000000000018E-002    2169.239583337529     
   2.4500000000000018E-002    2184.645833337305     
   2.4500000000000018E-002    2200.041666670415     
   2.4500000000000018E-002    2215.447916670190     
   2.4500000000000018E-002    2230.854166669966     
   2.4500000000000018E-002    2246.260416669742     
   2.4500000000000018E-002    2261.656250002851     
   2.4500000000000018E-002    2277.062500002627     
   2.4500000000000018E-002    2292.468750002403     
   2.4500000000000018E-002    2307.864583335512     
   2.4500000000000018E-002    2323.270833335288     
   2.4500000000000018E-002    2338.666666668397     
   2.4500000000000018E-002    2354.072916668173     
   2.4500000000000018E-002    2369.468750001282     
   2.4500000000000018E-002    2384.875000001058     
   2.4500000000000018E-002    2400.270833334167     
   2.4500000000000018E-002    2415.677083333943     
   2.4500000000000018E-002    2431.072916667053     
   2.4500000000000018E-002    2446.479166666828     
   2.4500000000000018E-002    2461.874999999938     
   2.4500000000000018E-002    2477.270833333047     
   2.4500000000000018E-002    2492.677083332823     
   2.4500000000000018E-002    2508.072916665932     
   2.4500000000000018E-002    2523.468749999041     
   2.4500000000000018E-002    2538.874999998817     
   2.4500000000000018E-002    2554.270833331926     
   2.4500000000000018E-002    2569.666666665036     
   2.4500000000000018E-002    2585.062499998145     
   2.4500000000000018E-002    2600.468749997921     
   2.4500000000000018E-002    2615.864583331030     
   2.4500000000000018E-002    2631.260416664139     
   2.4500000000000018E-002    2646.656249997249     
   2.4500000000000018E-002    2662.062499997025     
   2.4500000000000018E-002    2677.458333330134     
   2.4500000000000018E-002    2692.854166663243     
   2.4500000000000018E-002    2708.249999996352     
   2.4500000000000018E-002    2723.645833329462     
   2.4500000000000018E-002    2739.041666662571     
   2.4500000000000018E-002    2754.437499995680     
   2.4500000000000018E-002    2769.833333328790     
   2.4500000000000018E-002    2785.239583328565     
   2.4500000000000018E-002    2800.635416661675     
   2.4500000000000018E-002    2816.031249994784     
   2.4500000000000018E-002    2831.427083327893     
   2.4500000000000018E-002    2846.822916661003     
   2.4500000000000018E-002    2862.218749994112     
   2.4500000000000018E-002    2877.614583327221     
   2.4500000000000018E-002    2893.010416660331     
   2.4500000000000018E-002    2908.406249993440     
   2.4500000000000018E-002    2923.802083326549     
   2.4500000000000018E-002    2939.197916659658     
   2.4500000000000018E-002    2954.593749992768     
   2.4500000000000018E-002    2969.989583325877     
   2.4500000000000018E-002    2985.385416658986     
   2.4500000000000018E-002    3000.781249992096     
   2.4500000000000018E-002    3016.177083325205     
   2.5000000000000019E-002    730.6458333329103     
   2.5000000000000019E-002    744.9062499995251     
   2.5000000000000019E-002    759.1666666661399     
   2.5000000000000019E-002    773.4479166660880     
   2.5000000000000019E-002    787.7291666660360     
   2.5000000000000019E-002    802.0104166659841     
   2.5000000000000019E-002    816.2916666659321     
   2.5000000000000019E-002    830.5729166658801     
   2.5000000000000019E-002    844.8541666658282     
   2.5000000000000019E-002    859.1354166657762     
   2.5000000000000019E-002    873.4270833323909     
   2.5000000000000019E-002    887.7083333323390     
   2.5000000000000019E-002    901.9895833322870     
   2.5000000000000019E-002    916.2708333322350     
   2.5000000000000019E-002    930.5416666655165     
   2.5000000000000019E-002    944.8229166654645     
   2.5000000000000019E-002    959.1041666654125     
   2.5000000000000019E-002    973.3749999986940     
   2.5000000000000019E-002    987.6458333319754     
   2.5000000000000019E-002    1001.927083331923     
   2.5000000000000019E-002    1016.197916665205     
   2.5000000000000019E-002    1030.468749998557     
   2.5000000000000019E-002    1044.729166665327     
   2.5000000000000019E-002    1058.999999998764     
   2.5000000000000019E-002    1073.270833332202     
   2.5000000000000019E-002    1087.531249998972     
   2.5000000000000019E-002    1101.791666665742     
   2.5000000000000019E-002    1116.062499999180     
   2.5000000000000019E-002    1130.322916665950     
   2.5000000000000019E-002    1144.583333332720     
   2.5000000000000019E-002    1158.843749999491     
   2.5000000000000019E-002    1173.093749999595     
   2.5000000000000019E-002    1187.354166666365     
   2.5000000000000019E-002    1201.614583333135     
   2.5000000000000019E-002    1215.864583333239     
   2.5000000000000019E-002    1230.114583333343     
   2.5000000000000019E-002    1244.375000000113     
   2.5000000000000019E-002    1258.625000000217     
   2.5000000000000019E-002    1272.875000000321     
   2.5000000000000019E-002    1287.125000000424     
   2.5000000000000019E-002    1301.375000000528     
   2.5000000000000019E-002    1315.625000000632     
   2.5000000000000019E-002    1329.875000000735     
   2.5000000000000019E-002    1344.114583334172     
   2.5000000000000019E-002    1358.364583334276     
   2.5000000000000019E-002    1372.604166667713     
   2.5000000000000019E-002    1386.854166667817     
   2.5000000000000019E-002    1401.093750001254     
   2.5000000000000019E-002    1415.343750001357     
   2.5000000000000019E-002    1429.583333334794     
   2.5000000000000019E-002    1443.822916668231     
   2.5000000000000019E-002    1458.062500001668     
   2.5000000000000019E-002    1472.302083335105     
   2.5000000000000019E-002    1486.541666668542     
   2.5000000000000019E-002    1500.781250001979     
   2.5000000000000019E-002    1515.020833335416     
   2.5000000000000019E-002    1529.260416668853     
   2.5000000000000019E-002    1543.500000002290     
   2.5000000000000019E-002    1557.739583335727     
   2.5000000000000019E-002    1571.968750002497     
   2.5000000000000019E-002    1586.208333335934     
   2.5000000000000019E-002    1600.447916669371     
   2.5000000000000019E-002    1614.677083336141     
   2.5000000000000019E-002    1628.916666669578     
   2.5000000000000019E-002    1643.145833336348     
   2.5000000000000019E-002    1657.385416669785     
   2.5000000000000019E-002    1671.614583336555     
   2.5000000000000019E-002    1685.843750003325     
   2.5000000000000019E-002    1700.083333336762     
   2.5000000000000019E-002    1714.312500003532     
   2.5000000000000019E-002    1728.541666670303     
   2.5000000000000019E-002    1742.781250003740     
   2.5000000000000019E-002    1757.010416670510     
   2.5000000000000019E-002    1771.239583337280     
   2.5000000000000019E-002    1785.468750004050     
   2.5000000000000019E-002    1799.697916670820     
   2.5000000000000019E-002    1813.927083337591     
   2.5000000000000019E-002    1828.156250004361     
   2.5000000000000019E-002    1842.385416671131     
   2.5000000000000019E-002    1856.614583337901     
   2.5000000000000019E-002    1870.843750004671     
   2.5000000000000019E-002    1885.072916671442     
   2.5000000000000019E-002    1899.302083338212     
   2.5000000000000019E-002    1913.531250004982     
   2.5000000000000019E-002    1927.760416671752     
   2.5000000000000019E-002    1941.989583338522     
   2.5000000000000019E-002    1956.218750005293     
   2.5000000000000019E-002    1970.447916672063     
   2.5000000000000019E-002    1984.677083338833     
   2.5000000000000019E-002    1998.895833338936     
   2.5000000000000019E-002    2013.125000005707     
   2.5000000000000019E-002    2027.354166672477     
   2.5000000000000019E-002    2041.583333339247     
   2.5000000000000019E-002    2055.802083339180     
   2.5000000000000019E-002    2070.031250005640     
   2.5000000000000019E-002    2084.260416672099     
   2.5000000000000019E-002    2098.479166671892     
   2.5000000000000019E-002    2112.708333338352     
   2.5000000000000019E-002    2126.937500004812     
   2.5000000000000019E-002    2141.156250004605     
   2.5000000000000019E-002    2155.385416671064     
   2.5000000000000019E-002    2169.614583337524     
   2.5000000000000019E-002    2183.833333337317     
   2.5000000000000019E-002    2198.062500003777     
   2.5000000000000019E-002    2212.281250003570     
   2.5000000000000019E-002    2226.510416670029     
   2.5000000000000019E-002    2240.729166669822     
   2.5000000000000019E-002    2254.958333336282     
   2.5000000000000019E-002    2269.177083336075     
   2.5000000000000019E-002    2283.406250002535     
   2.5000000000000019E-002    2297.625000002328     
   2.5000000000000019E-002    2311.854166668787     
   2.5000000000000019E-002    2326.072916668581     
   2.5000000000000019E-002    2340.302083335040     
   2.5000000000000019E-002    2354.520833334833     
   2.5000000000000019E-002    2368.750000001293     
   2.5000000000000019E-002    2382.968750001086     
   2.5000000000000019E-002    2397.197916667546     
   2.5000000000000019E-002    2411.416666667339     
   2.5000000000000019E-002    2425.645833333798     
   2.5000000000000019E-002    2439.864583333591     
   2.5000000000000019E-002    2454.083333333384     
   2.5000000000000019E-002    2468.312499999844     
   2.5000000000000019E-002    2482.531249999637     
   2.5000000000000019E-002    2496.760416666097     
   2.5000000000000019E-002    2510.979166665890     
   2.5000000000000019E-002    2525.197916665683     
   2.5000000000000019E-002    2539.427083332143     
   2.5000000000000019E-002    2553.645833331936     
   2.5000000000000019E-002    2567.874999998395     
   2.5000000000000019E-002    2582.093749998188     
   2.5000000000000019E-002    2596.312499997981     
   2.5000000000000019E-002    2610.541666664441     
   2.5000000000000019E-002    2624.760416664234     
   2.5000000000000019E-002    2638.979166664027     
   2.5000000000000019E-002    2653.208333330487     
   2.5000000000000019E-002    2667.427083330280     
   2.5000000000000019E-002    2681.645833330073     
   2.5000000000000019E-002    2695.874999996533     
   2.5000000000000019E-002    2710.093749996326     
   2.5000000000000019E-002    2724.312499996119     
   2.5000000000000019E-002    2738.541666662578     
   2.5000000000000019E-002    2752.760416662371     
   2.5500000000000019E-002    1090.104166665657     
   2.5500000000000019E-002    1103.322916665754     
   2.5500000000000019E-002    1116.541666665850     
   2.5500000000000019E-002    1129.781249999279     
   2.5500000000000019E-002    1143.020833332709     
   2.5500000000000019E-002    1156.270833332806     
   2.5500000000000019E-002    1169.520833332902     
   2.5500000000000019E-002    1182.770833332998     
   2.5500000000000019E-002    1196.020833333095     
   2.5500000000000019E-002    1209.281249999858     
   2.5500000000000019E-002    1222.541666666621     
   2.5500000000000019E-002    1235.802083333384     
   2.5500000000000019E-002    1249.062500000147     
   2.5500000000000019E-002    1262.333333333577     
   2.5500000000000019E-002    1275.593750000340     
   2.5500000000000019E-002    1288.864583333770     
   2.5500000000000019E-002    1302.135416667200     
   2.5500000000000019E-002    1315.395833333963     
   2.5500000000000019E-002    1328.666666667393     
   2.5500000000000019E-002    1341.937500000823     
   2.5500000000000019E-002    1355.208333334253     
   2.5500000000000019E-002    1368.479166667683     
   2.5500000000000019E-002    1381.750000001113     
   2.5500000000000019E-002    1395.020833334543     
   2.5500000000000019E-002    1408.291666667973     
   2.5500000000000019E-002    1421.562500001402     
   2.5500000000000019E-002    1434.833333334832     
   2.5500000000000019E-002    1448.104166668262     
   2.5500000000000019E-002    1461.375000001692     
   2.5500000000000019E-002    1474.645833335122     
   2.5500000000000019E-002    1487.916666668552     
   2.5500000000000019E-002    1501.197916668649     
   2.5500000000000019E-002    1514.468750002078     
   2.5500000000000019E-002    1527.739583335508     
   2.5500000000000019E-002    1541.010416668938     
   2.5500000000000019E-002    1554.281250002368     
   2.5500000000000019E-002    1567.562500002465     
   2.5500000000000019E-002    1580.833333335895     
   2.5500000000000019E-002    1594.104166669325     
   2.5500000000000019E-002    1607.385416669421     
   2.5500000000000019E-002    1620.656250002851     
   2.5500000000000019E-002    1633.927083336281     
   2.5500000000000019E-002    1647.197916669711     
   2.5500000000000019E-002    1660.479166669807     
   2.5500000000000019E-002    1673.750000003237     
   2.5500000000000019E-002    1687.020833336667     
   2.5500000000000019E-002    1700.302083336764     
   2.5500000000000019E-002    1713.572916670194     
   2.5500000000000019E-002    1726.843750003624     
   2.5500000000000019E-002    1740.125000003720     
   2.5500000000000019E-002    1753.395833337150     
   2.5500000000000019E-002    1766.666666670580     
   2.5500000000000019E-002    1779.947916670677     
   2.5500000000000019E-002    1793.218750004107     
   2.5500000000000019E-002    1806.489583337536     
   2.5500000000000019E-002    1819.770833337633     
   2.5500000000000019E-002    1833.041666671063     
   2.5500000000000019E-002    1846.312500004493     
   2.5500000000000019E-002    1859.593750004590     
   2.5500000000000019E-002    1872.864583338019     
   2.5500000000000019E-002    1886.135416671449     
   2.5500000000000019E-002    1899.416666671546     
   2.5500000000000019E-002    1912.687500004976     
   2.5500000000000019E-002    1925.958333338406     
   2.5500000000000019E-002    1939.239583338502     
   2.5500000000000019E-002    1952.510416671932     
   2.5500000000000019E-002    1965.781250005362     
   2.5500000000000019E-002    1979.062500005459     
   2.5500000000000019E-002    1992.333333338889     
   2.5500000000000019E-002    2005.614583338985     
   2.5500000000000019E-002    2018.885416672415     
   2.5500000000000019E-002    2032.156250005845     
   2.5500000000000019E-002    2045.437500005942     
   2.5500000000000019E-002    2058.708333339138     
   2.5500000000000019E-002    2071.979166672278     
   2.5500000000000019E-002    2085.260416672085     
   2.5500000000000019E-002    2098.531250005225     
   2.5500000000000019E-002    2111.802083338365     
   2.5500000000000019E-002    2125.083333338172     
   2.5500000000000019E-002    2138.354166671312     
   2.5500000000000019E-002    2151.635416671119     
   2.5500000000000019E-002    2164.906250004259     
   2.5500000000000019E-002    2178.177083337399     
   2.5500000000000019E-002    2191.458333337206     
   2.5500000000000019E-002    2204.729166670346     
   2.5500000000000019E-002    2218.000000003487     
   2.5500000000000019E-002    2231.281250003293     
   2.5500000000000019E-002    2244.552083336433     
   2.5500000000000019E-002    2257.833333336240     
   2.5500000000000019E-002    2271.104166669380     
   2.5500000000000019E-002    2284.375000002521     
   2.5500000000000019E-002    2297.656250002327     
   2.5500000000000019E-002    2310.927083335468     
   2.5500000000000019E-002    2324.197916668608     
   2.5500000000000019E-002    2337.479166668415     
   2.5500000000000019E-002    2350.750000001555     
   2.5500000000000019E-002    2364.031250001362     
   2.5500000000000019E-002    2377.302083334502     
   2.5500000000000019E-002    2390.572916667642     
   2.5500000000000019E-002    2403.854166667449     
   2.5500000000000019E-002    2417.125000000589     
   2.5500000000000019E-002    2430.406250000396     
   2.5500000000000019E-002    2443.677083333536     
   2.5500000000000019E-002    2456.947916666676     
   2.5500000000000019E-002    2470.229166666483     
   2.5500000000000019E-002    2483.499999999623     
   2.5500000000000019E-002    2496.781249999430     
   2.5500000000000019E-002    2510.052083332570     
   2.5500000000000019E-002    2523.322916665710     
   2.5500000000000019E-002    2536.604166665517     
   2.5500000000000019E-002    2549.874999998657     
   2.5500000000000019E-002    2563.145833331797     
   2.5500000000000019E-002    2576.427083331604     
   2.5500000000000019E-002    2589.697916664744     
   2.5500000000000019E-002    2602.979166664551     
   2.6000000000000020E-002    1429.395833334793     
   2.6000000000000020E-002    1441.781250001550     
   2.6000000000000020E-002    1454.187500001640     
   2.6000000000000020E-002    1466.604166668397     
   2.6000000000000020E-002    1479.031250001821     
   2.6000000000000020E-002    1491.458333335244     
   2.6000000000000020E-002    1503.895833335335     
   2.6000000000000020E-002    1516.333333335425     
   2.6000000000000020E-002    1528.781250002183     
   2.6000000000000020E-002    1541.218750002273     
   2.6000000000000020E-002    1553.666666669030     
   2.6000000000000020E-002    1566.114583335788     
   2.6000000000000020E-002    1578.572916669212     
   2.6000000000000020E-002    1591.020833335969     
   2.6000000000000020E-002    1603.479166669393     
   2.6000000000000020E-002    1615.937500002817     
   2.6000000000000020E-002    1628.385416669574     
   2.6000000000000020E-002    1640.854166669665     
   2.6000000000000020E-002    1653.312500003089     
   2.6000000000000020E-002    1665.770833336513     
   2.6000000000000020E-002    1678.229166669937     
   2.6000000000000020E-002    1690.697916670027     
   2.6000000000000020E-002    1703.156250003451     
   2.6000000000000020E-002    1715.625000003542     
   2.6000000000000020E-002    1728.093750003633     
   2.6000000000000020E-002    1740.552083337057     
   2.6000000000000020E-002    1753.020833337147     
   2.6000000000000020E-002    1765.489583337238     
   2.6000000000000020E-002    1777.958333337329     
   2.6000000000000020E-002    1790.427083337420     
   2.6000000000000020E-002    1802.895833337510     
   2.6000000000000020E-002    1815.364583337601     
   2.6000000000000020E-002    1827.833333337692     
   2.6000000000000020E-002    1840.302083337783     
   2.6000000000000020E-002    1852.781250004540     
   2.6000000000000020E-002    1865.250000004631     
   2.6000000000000020E-002    1877.718750004721     
   2.6000000000000020E-002    1890.187500004812     
   2.6000000000000020E-002    1902.666666671570     
   2.6000000000000020E-002    1915.135416671660     
   2.6000000000000020E-002    1927.614583338418     
   2.6000000000000020E-002    1940.083333338509     
   2.6000000000000020E-002    1952.562500005266     
   2.6000000000000020E-002    1965.031250005357     
   2.6000000000000020E-002    1977.510416672114     
   2.6000000000000020E-002    1989.979166672205     
   2.6000000000000020E-002    2002.458333338962     
   2.6000000000000020E-002    2014.927083339053     
   2.6000000000000020E-002    2027.406250005811     
   2.6000000000000020E-002    2039.885416672568     
   2.6000000000000020E-002    2052.354166672564     
   2.6000000000000020E-002    2064.833333339049     
   2.6000000000000020E-002    2077.312500005534     
   2.6000000000000020E-002    2089.791666672019     
   2.6000000000000020E-002    2102.260416671837     
   2.6000000000000020E-002    2114.739583338323     
   2.6000000000000020E-002    2127.218750004808     
   2.6000000000000020E-002    2139.697916671293     
   2.6000000000000020E-002    2152.177083337778     
   2.6000000000000020E-002    2164.656250004263     
   2.6000000000000020E-002    2177.135416670748     
   2.6000000000000020E-002    2189.604166670566     
   2.6000000000000020E-002    2202.083333337051     
   2.6000000000000020E-002    2214.562500003537     
   2.6000000000000020E-002    2227.041666670022     
   2.6000000000000020E-002    2239.520833336507     
   2.6000000000000020E-002    2252.000000002992     
   2.6000000000000020E-002    2264.479166669477     
   2.6000000000000020E-002    2276.958333335962     
   2.6000000000000020E-002    2289.437500002447     
   2.6000000000000020E-002    2301.916666668932     
   2.6000000000000020E-002    2314.395833335417     
   2.6000000000000020E-002    2326.875000001902     
   2.6000000000000020E-002    2339.354166668387     
   2.6000000000000020E-002    2351.833333334872     
   2.6000000000000020E-002    2364.312500001357     
   2.6000000000000020E-002    2376.802083334509     
   2.6000000000000020E-002    2389.281250000994     
   2.6000000000000020E-002    2401.760416667479     
   2.6000000000000020E-002    2414.239583333964     
   2.6000000000000020E-002    2426.718750000449     
   2.6000000000000020E-002    2439.197916666934     
   2.6000000000000020E-002    2451.677083333419     
   2.6000000000000020E-002    2464.156249999905     
   2.6000000000000020E-002    2476.645833333056     
   2.6000000000000020E-002    2489.124999999541     
   2.6500000000000020E-002    1825.520833337675     
   2.6500000000000020E-002    1837.239583337760     
   2.6500000000000020E-002    1848.968750004512     
   2.6500000000000020E-002    1860.697916671264     
   2.6500000000000020E-002    1872.437500004683     
   2.6500000000000020E-002    1884.187500004768     
   2.6500000000000020E-002    1895.937500004854     
   2.6500000000000020E-002    1907.687500004939     
   2.6500000000000020E-002    1919.447916671692     
   2.6500000000000020E-002    1931.208333338444     
   2.6500000000000020E-002    1942.968750005196     
   2.6500000000000020E-002    1954.729166671948     
   2.6500000000000020E-002    1966.489583338701     
   2.6500000000000020E-002    1978.260416672120     
   2.6500000000000020E-002    1990.031250005539     
   2.6500000000000020E-002    2001.802083338958     
   2.6500000000000020E-002    2013.572916672377     
   2.6500000000000020E-002    2025.343750005796     
   2.6500000000000020E-002    2037.114583339215     
   2.6500000000000020E-002    2048.885416672614     
   2.6500000000000020E-002    2060.666666672443     
   2.6500000000000020E-002    2072.437500005605     
   2.6500000000000020E-002    2084.218750005433     
   2.6500000000000020E-002    2096.000000005262     
   2.6500000000000020E-002    2107.781250005090     
   2.6500000000000020E-002    2119.562500004919     
   2.6500000000000020E-002    2131.333333338081     
   2.6500000000000020E-002    2143.125000004576     
   2.6500000000000020E-002    2154.906250004405     
   2.6500000000000020E-002    2166.687500004233     
   2.6500000000000020E-002    2178.468750004062     
   2.6500000000000020E-002    2190.250000003890     
   2.6500000000000020E-002    2202.031250003719     
   2.6500000000000020E-002    2213.822916670214     
   2.6500000000000020E-002    2225.604166670043     
   2.6500000000000020E-002    2237.395833336538     
   2.6500000000000020E-002    2249.177083336366     
   2.6500000000000020E-002    2260.968750002861     
   2.6500000000000020E-002    2272.750000002690     
   2.6500000000000020E-002    2284.541666669185     
   2.6500000000000020E-002    2296.333333335680     
   2.6500000000000020E-002    2308.114583335509     
   2.6500000000000020E-002    2319.906250002004     
   2.6500000000000020E-002    2331.697916668499     
   2.6500000000000020E-002    2343.479166668327     
   2.6500000000000020E-002    2355.270833334822     
   2.6500000000000020E-002    2367.062500001317     
   2.6500000000000020E-002    2378.854166667812     
   2.6500000000000020E-002    2390.645833334308     
   2.6500000000000020E-002    2402.437500000803     
   2.6500000000000020E-002    2414.229166667298     
   2.6500000000000020E-002    2426.020833333793     
   2.6500000000000020E-002    2437.812500000288     
   2.6500000000000020E-002    2449.604166666783     
   2.6500000000000020E-002    2461.395833333278     
   2.6500000000000020E-002    2473.187499999773     
   2.6500000000000020E-002    2484.979166666268     
   2.6500000000000020E-002    2496.770833332763     
   2.7000000000000021E-002    2332.562500001819     
   2.7000000000000021E-002    2343.677083334991     
   2.7000000000000021E-002    2354.791666668163     
   2.7000000000000021E-002    2365.927083334667     
   2.7000000000000021E-002    2377.062500001172     
   2.7000000000000021E-002    2388.208333334343     
   2.7000000000000021E-002    2399.354166667514     
   2.7000000000000021E-002    2410.500000000685     
   2.7000000000000021E-002    2421.645833333856     
   2.7000000000000021E-002    2432.802083333694     
   2.7000000000000021E-002    2443.958333333532     
   2.7000000000000021E-002    2455.114583333369     
   2.7000000000000021E-002    2466.281249999874     
   2.7000000000000021E-002    2477.437499999711     
   2.7000000000000021E-002    2488.604166666215     
   2.7000000000000021E-002    2499.770833332720     
   2.7000000000000021E-002    2510.937499999224     
   2.7000000000000021E-002    2522.104166665728     
   2.7000000000000021E-002    2533.270833332232     
   2.7000000000000021E-002    2544.437499998736     
   2.7000000000000021E-002    2555.604166665240     
   2.7000000000000021E-002    2566.781249998411     
   2.7000000000000021E-002    2577.947916664915     
   2.7000000000000021E-002    2589.124999998086     
   2.7000000000000021E-002    2600.302083331257     
   2.7500000000000021E-002    3133.437499990165     
   2.7500000000000021E-002    3144.010416656678     
   2.7500000000000021E-002    3154.583333323191     
   2.7500000000000021E-002    3165.166666656370     
   2.7500000000000021E-002    3175.760416656216     
   2.7500000000000021E-002    3186.354166656062     
   2.7500000000000021E-002    3196.947916655908     
   2.7500000000000021E-002    3207.552083322420     
   2.7500000000000021E-002    3218.156249988932     
   2.7500000000000021E-002    3228.760416655445     
   2.8000000000000021E-002    4895.208333332751     
   2.8000000000000021E-002    4905.249999999710     
   2.8000000000000021E-002    4915.312500000003     
   2.8000000000000021E-002    4925.364583333629     
   2.8000000000000021E-002    4935.427083333921     
   2.8000000000000021E-002    4945.489583334214     
   2.8000000000000021E-002    4955.562500001174     
   2.8000000000000021E-002    4965.635416668134     
   2.8000000000000021E-002    4975.697916668427     
   2.8000000000000021E-002    4985.781250002054     
   2.8000000000000021E-002    4995.854166669013     
