   4.6500000000000034E-002    4183.500000002228     
   4.6500000000000034E-002    4203.913333336935     
   4.6500000000000034E-002    4223.306666671574     
   4.6500000000000034E-002    4241.906666672826     
   4.6500000000000034E-002    4259.833333340699     
   4.6500000000000034E-002    4277.133333341863     
   4.6500000000000034E-002    4293.920000009660     
   4.6500000000000034E-002    4310.240000010758     
   4.6500000000000034E-002    4326.140000011828     
   4.6500000000000034E-002    4341.653333346206     
   4.6500000000000034E-002    4356.806666680559     
   4.6500000000000034E-002    4371.626666681556     
   4.6500000000000034E-002    4386.153333349201     
   4.6500000000000034E-002    4400.406666683493     
   4.6500000000000034E-002    4414.406666684436     
   4.6500000000000034E-002    4428.180000018696     
   4.6500000000000034E-002    4441.733333352941     
   4.6500000000000034E-002    4455.100000020508     
   4.6500000000000034E-002    4468.280000021395     
   4.6500000000000034E-002    4481.293333355604     
   4.6500000000000034E-002    4494.153333356469     
   4.6500000000000034E-002    4506.873333357325     
   4.6500000000000034E-002    4519.473333358173     
   4.6500000000000034E-002    4531.973333359015     
   4.6500000000000034E-002    4544.433333359853     
   4.6500000000000034E-002    5563.486666761772     
   4.6500000000000034E-002    5572.793333429065     
   4.6500000000000034E-002    5582.133333429693     
   4.6500000000000034E-002    5591.480000096989     
   4.6500000000000034E-002    5600.840000097619     
   4.6500000000000034E-002    5610.206666764916     
   4.6500000000000034E-002    5619.573333432213     
   4.6500000000000034E-002    5628.940000099510     
   4.6500000000000034E-002    5638.313333433474     
   4.6500000000000034E-002    5647.680000100771     
   4.6500000000000034E-002    5657.046666768068     
   4.6500000000000034E-002    5666.420000102033     
   4.6500000000000034E-002    5675.786666769330     
   4.6500000000000034E-002    5685.153333436627     
   4.6500000000000034E-002    5694.520000103924     
   4.6500000000000034E-002    5703.886666771221     
   4.6500000000000034E-002    5713.253333438518     
   4.6500000000000034E-002    5722.613333439148     
   4.6500000000000034E-002    5731.980000106445     
   4.6500000000000034E-002    5741.340000107075     
   4.6500000000000034E-002    5750.700000107705     
   4.6500000000000034E-002    5760.060000108335     
   4.6500000000000034E-002    5769.420000108965     
   4.6500000000000034E-002    5778.780000109595     
   4.6500000000000034E-002    5788.133333443558     
   4.6500000000000034E-002    5797.486666777520     
   4.6500000000000034E-002    5806.840000111483     
   4.6500000000000034E-002    5816.193333445446     
   4.6500000000000034E-002    5825.546666779409     
   4.6500000000000034E-002    5834.900000113372     
   4.6500000000000034E-002    5844.246666780668     
   4.6500000000000034E-002    5853.600000114630     
   4.6500000000000034E-002    5862.946666781926     
   4.6500000000000034E-002    5872.293333449222     
   4.6500000000000034E-002    5881.640000116518     
   4.6500000000000034E-002    5890.986666783813     
   4.6500000000000034E-002    5900.326666784442     
   4.6500000000000034E-002    5909.673333451738     
   4.6500000000000034E-002    5919.013333452366     
   4.6500000000000034E-002    5928.353333452995     
   4.6500000000000034E-002    5937.693333453623     
   4.6500000000000034E-002    5947.033333454252     
   4.6500000000000034E-002    5956.373333454881     
   4.6500000000000034E-002    5965.713333455509     
   4.6500000000000034E-002    5975.046666789471     
   4.6500000000000034E-002    5984.386666790099     
   4.6500000000000034E-002    5993.720000124061     
   4.6500000000000034E-002    6003.053333458022     
   4.6500000000000034E-002    6012.393333458651     
   4.6500000000000034E-002    6021.726666792612     
   4.6500000000000034E-002    6031.060000126574     
   4.6500000000000034E-002    6040.386666793868     
   4.6500000000000034E-002    6049.720000127830     
   4.6500000000000034E-002    6059.053333461791     
   4.6500000000000034E-002    6068.380000129086     
   4.6500000000000034E-002    6077.713333463047     
   4.6500000000000034E-002    6087.040000130341     
   4.6500000000000034E-002    6096.366666797636     
   4.6500000000000034E-002    6105.700000131597     
   4.6500000000000034E-002    6115.026666798892     
   4.6500000000000034E-002    6124.353333466186     
   4.6500000000000034E-002    6133.680000133480     
   4.6500000000000034E-002    6143.006666800775     
   4.6500000000000034E-002    6152.326666801402     
   4.6500000000000034E-002    6161.653333468696     
   4.6500000000000034E-002    6170.980000135991     
   4.6500000000000034E-002    6180.300000136618     
   4.6500000000000034E-002    6189.626666803912     
   4.6500000000000034E-002    6198.946666804540     
   4.6500000000000034E-002    6208.273333471834     
   4.6500000000000034E-002    6217.593333472461     
   4.6500000000000034E-002    6226.913333473089     
   4.6500000000000034E-002    6236.240000140383     
   4.6500000000000034E-002    6245.560000141010     
   4.6500000000000034E-002    6254.880000141638     
   4.6500000000000034E-002    6264.200000142265     
   4.6500000000000034E-002    6273.520000142892     
   4.6500000000000034E-002    6282.840000143519     
   4.6500000000000034E-002    6292.160000144147     
   4.6500000000000034E-002    6301.480000144774     
   4.6500000000000034E-002    6310.800000145401     
   4.6500000000000034E-002    6320.113333479361     
   4.6500000000000034E-002    6329.433333479989     
   4.6500000000000034E-002    6338.753333480616     
   4.6500000000000034E-002    6348.066666814576     
   4.6500000000000034E-002    6357.386666815203     
   4.6500000000000034E-002    6366.700000149163     
   4.6500000000000034E-002    6376.020000149791     
   4.6500000000000034E-002    6385.333333483751     
   4.6500000000000034E-002    6394.653333484378     
   4.6500000000000034E-002    6403.966666818338     
   4.6500000000000034E-002    6413.280000152298     
   4.6500000000000034E-002    6422.600000152926     
   4.6500000000000034E-002    6431.913333486886     
   4.6500000000000034E-002    6441.226666820846     
   4.6500000000000034E-002    6450.540000154806     
   4.6500000000000034E-002    6459.860000155433     
   4.6500000000000034E-002    6469.173333489393     
   4.6500000000000034E-002    6478.486666823354     
   4.6500000000000034E-002    6487.800000157314     
   4.6500000000000034E-002    6497.113333491274     
   4.6500000000000034E-002    6506.426666825234     
   4.6500000000000034E-002    6515.740000159194     
   4.6500000000000034E-002    6525.053333493154     
   4.6500000000000034E-002    6534.366666827114     
   4.6500000000000034E-002    6543.680000161075     
   4.6500000000000034E-002    6552.993333495035     
   4.6500000000000034E-002    6562.300000162328     
   4.6500000000000034E-002    6571.613333496288     
   4.6500000000000034E-002    6580.926666830248     
   4.6500000000000034E-002    6590.240000164208     
   4.6500000000000034E-002    6599.553333498168     
   4.6500000000000034E-002    6608.860000165461     
   4.6500000000000034E-002    6618.173333499421     
   4.6500000000000034E-002    6627.486666833382     
   4.6500000000000034E-002    6636.793333500675     
   4.6500000000000034E-002    6646.106666834635     
   4.6500000000000034E-002    6655.420000168595     
   4.6500000000000034E-002    6664.726666835888     
   4.6500000000000034E-002    6674.040000169848     
   4.6500000000000034E-002    6683.353333503808     
   4.6500000000000034E-002    6692.660000171101     
   4.6500000000000034E-002    6701.973333505061     
   4.6500000000000034E-002    6711.280000172354     
   4.6500000000000034E-002    6720.593333506315     
   4.6500000000000034E-002    6729.900000173608     
   4.6500000000000034E-002    6739.213333507568     
   4.6500000000000034E-002    6748.520000174861     
   4.6500000000000034E-002    6757.833333508821     
   4.6500000000000034E-002    6767.140000176114     
   4.6500000000000034E-002    6776.453333510074     
   4.6500000000000034E-002    6785.760000177367     
   4.6500000000000034E-002    6795.066666844660     
   4.6500000000000034E-002    6804.380000178620     
   4.6500000000000034E-002    6813.686666845913     
   4.6500000000000034E-002    6823.000000179873     
   4.6500000000000034E-002    6832.306666847167     
   4.6500000000000034E-002    6841.613333514460     
   4.6500000000000034E-002    6850.926666848420     
   4.6500000000000034E-002    6860.233333515713     
   4.6500000000000034E-002    6869.540000183006     
   4.6500000000000034E-002    6878.853333516966     
   4.6500000000000034E-002    6888.160000184259     
   4.6500000000000034E-002    6897.466666851552     
   4.6500000000000034E-002    6906.773333518845     
   4.6500000000000034E-002    6916.086666852805     
   4.6500000000000034E-002    6925.393333520098     
   4.6500000000000034E-002    6934.700000187391     
   4.6500000000000034E-002    6944.006666854684     
   4.6500000000000034E-002    6953.320000188644     
   4.6500000000000034E-002    6962.626666855937     
   4.6500000000000034E-002    6971.933333523230     
   4.6500000000000034E-002    6981.240000190523     
   4.6500000000000034E-002    6990.546666857816     
   4.6500000000000034E-002    6999.860000191777     
   4.6500000000000034E-002    7009.166666859070     
   4.6500000000000034E-002    7018.473333526363     
   4.6500000000000034E-002    7027.780000193656     
   4.6500000000000034E-002    7037.086666860949     
   4.6500000000000034E-002    7046.393333528242     
   4.6500000000000034E-002    7055.706666862202     
   4.6500000000000034E-002    7065.013333529495     
   4.6500000000000034E-002    7074.320000196788     
   4.6500000000000034E-002    7083.626666864081     
   4.6500000000000034E-002    7092.933333531374     
   4.6500000000000034E-002    7102.240000198667     
   4.6500000000000034E-002    7111.546666865960     
   4.6500000000000034E-002    7120.853333533253     
   4.6500000000000034E-002    7130.166666867213     
   4.6500000000000034E-002    7139.473333534506     
   4.6500000000000034E-002    7148.780000201799     
   4.6500000000000034E-002    7158.086666869092     
   4.6500000000000034E-002    7167.393333536385     
   4.6500000000000034E-002    7176.700000203678     
   4.6500000000000034E-002    7186.006666870971     
   4.6500000000000034E-002    7195.313333538264     
   4.6500000000000034E-002    7204.620000205558     
   4.6500000000000034E-002    7213.926666872851     
   4.6500000000000034E-002    7223.233333540144     
   4.6500000000000034E-002    7232.540000207437     
   4.6500000000000034E-002    7241.846666874730     
   4.6500000000000034E-002    7251.153333542023     
   4.6500000000000034E-002    7260.460000209316     
   4.6500000000000034E-002    7269.766666876609     
   4.6500000000000034E-002    7279.080000210569     
   4.6500000000000034E-002    7288.386666877862     
   4.6500000000000034E-002    7297.693333545155     
   4.6500000000000034E-002    7307.000000212448     
   4.6500000000000034E-002    7316.306666879741     
   4.6500000000000034E-002    7325.613333547034     
   4.7000000000000035E-002    511.7933333329328     
   4.7000000000000035E-002    520.7199999995914     
   4.7000000000000035E-002    529.6599999995833     
   4.7000000000000035E-002    538.5999999995752     
   4.7000000000000035E-002    547.5399999995670     
   4.7000000000000035E-002    556.4866666662256     
   4.7000000000000035E-002    565.4399999995508     
   4.7000000000000035E-002    574.3866666662093     
   4.7000000000000035E-002    583.3399999995345     
   4.7000000000000035E-002    592.2933333328597     
   4.7000000000000035E-002    601.2466666661849     
   4.7000000000000035E-002    610.1999999995101     
   4.7000000000000035E-002    619.1533333328352     
   4.7000000000000035E-002    628.1066666661604     
   4.7000000000000035E-002    637.0599999994856     
   4.7000000000000035E-002    646.0199999994775     
   4.7000000000000035E-002    654.9733333328027     
   4.7000000000000035E-002    663.9266666661279     
   4.7000000000000035E-002    672.8799999994530     
   4.7000000000000035E-002    681.8333333327782     
   4.7000000000000035E-002    690.7933333327701     
   4.7000000000000035E-002    699.7466666660953     
   4.7000000000000035E-002    708.6999999994205     
   4.7000000000000035E-002    717.6533333327457     
   4.7000000000000035E-002    726.6066666660709     
   4.7000000000000035E-002    735.5599999993960     
   4.7000000000000035E-002    744.5133333327212     
   4.7000000000000035E-002    753.4666666660464     
   4.7000000000000035E-002    762.4199999993716     
   4.7000000000000035E-002    771.3733333326968     
   4.7000000000000035E-002    780.3266666660220     
   4.7000000000000035E-002    789.2799999993472     
   4.7000000000000035E-002    798.2266666660057     
   4.7000000000000035E-002    807.1799999993309     
   4.7000000000000035E-002    816.1333333326561     
   4.7000000000000035E-002    825.0866666659813     
   4.7000000000000035E-002    834.0333333326398     
   4.7000000000000035E-002    842.9866666659650     
   4.7000000000000035E-002    851.9399999992902     
   4.7000000000000035E-002    860.8866666659487     
   4.7000000000000035E-002    869.8399999992739     
   4.7000000000000035E-002    878.7866666659324     
   4.7000000000000035E-002    887.7399999992576     
   4.7000000000000035E-002    896.6866666659162     
   4.7000000000000035E-002    905.6399999992414     
   4.7000000000000035E-002    914.5866666658999     
   4.7000000000000035E-002    923.5333333325584     
   4.7000000000000035E-002    932.4866666658836     
   4.7000000000000035E-002    941.4333333325421     
   4.7000000000000035E-002    950.3799999992007     
   4.7000000000000035E-002    959.3266666658592     
   4.7000000000000035E-002    968.2799999991844     
   4.7000000000000035E-002    977.2266666658429     
   4.7000000000000035E-002    986.1733333325014     
   4.7000000000000035E-002    995.1199999991600     
   4.7000000000000035E-002    1004.066666665819     
   4.7000000000000035E-002    1013.013333332477     
   4.7000000000000035E-002    1021.959999999136     
   4.7000000000000035E-002    1030.906666665794     
   4.7000000000000035E-002    1039.853333332453     
   4.7000000000000035E-002    1048.799999999111     
   4.7000000000000035E-002    1057.746666665770     
   4.7000000000000035E-002    1066.693333332428     
   4.7000000000000035E-002    1075.639999999087     
   4.7000000000000035E-002    1084.586666665745     
   4.7000000000000035E-002    1093.533333332404     
   4.7000000000000035E-002    1102.479999999062     
   4.7000000000000035E-002    1111.426666665721     
   4.7000000000000035E-002    1120.366666665713     
   4.7000000000000035E-002    1129.313333332371     
   4.7000000000000035E-002    1138.259999999030     
   4.7000000000000035E-002    1147.206666665688     
   4.7000000000000035E-002    1156.146666665680     
   4.7000000000000035E-002    1165.093333332339     
   4.7000000000000035E-002    1174.039999998997     
   4.7000000000000035E-002    1182.986666665656     
   4.7000000000000035E-002    1191.926666665648     
   4.7000000000000035E-002    1200.873333332306     
   4.7000000000000035E-002    1209.813333332298     
   4.7000000000000035E-002    1218.759999998957     
   4.7000000000000035E-002    1227.706666665615     
   4.7000000000000035E-002    1236.646666665607     
   4.7000000000000035E-002    1245.593333332266     
   4.7000000000000035E-002    1254.533333332257     
   4.7000000000000035E-002    1263.479999998916     
   4.7000000000000035E-002    1272.419999998908     
   4.7000000000000035E-002    1281.366666665566     
   4.7000000000000035E-002    1290.313333332225     
   4.7000000000000035E-002    1299.253333332217     
   4.7000000000000035E-002    1308.199999998875     
   4.7000000000000035E-002    1317.139999998867     
   4.7000000000000035E-002    1326.079999998859     
   4.7000000000000035E-002    1335.026666665517     
   4.7000000000000035E-002    1343.966666665509     
   4.7000000000000035E-002    1352.913333332168     
   4.7000000000000035E-002    1361.853333332160     
   4.7000000000000035E-002    1370.799999998818     
   4.7000000000000035E-002    1379.739999998810     
   4.7000000000000035E-002    1388.679999998802     
   4.7000000000000035E-002    1397.626666665461     
   4.7000000000000035E-002    1406.566666665452     
   4.7000000000000035E-002    1415.513333332111     
   4.7000000000000035E-002    1424.453333332103     
   4.7000000000000035E-002    1433.393333332095     
   4.7000000000000035E-002    1442.339999998753     
   4.7000000000000035E-002    1451.279999998745     
   4.7000000000000035E-002    1460.219999998737     
   4.7000000000000035E-002    1469.166666665395     
   4.7000000000000035E-002    1478.106666665387     
   4.7000000000000035E-002    1487.046666665379     
   4.7000000000000035E-002    1495.986666665371     
   4.7000000000000035E-002    1504.933333332030     
   4.7000000000000035E-002    1513.873333332022     
   4.7000000000000035E-002    1522.813333332013     
   4.7000000000000035E-002    1531.759999998672     
   4.7000000000000035E-002    1540.699999998664     
   4.7000000000000035E-002    1549.639999998656     
   4.7000000000000035E-002    1558.579999998648     
   4.7000000000000035E-002    1567.526666665306     
   4.7000000000000035E-002    1576.466666665298     
   4.7000000000000035E-002    1585.406666665290     
   4.7000000000000035E-002    1594.346666665282     
   4.7000000000000035E-002    1603.286666665274     
   4.7000000000000035E-002    1612.233333331932     
   4.7000000000000035E-002    1621.173333331924     
   4.7000000000000035E-002    1630.113333331916     
   4.7000000000000035E-002    1639.053333331908     
   4.7000000000000035E-002    1647.999999998566     
   4.7000000000000035E-002    1656.939999998558     
   4.7000000000000035E-002    1665.879999998550     
   4.7000000000000035E-002    1674.819999998542     
   4.7000000000000035E-002    1683.759999998534     
   4.7000000000000035E-002    1692.699999998526     
   4.7000000000000035E-002    1701.646666665184     
   4.7000000000000035E-002    1710.586666665176     
   4.7000000000000035E-002    1719.526666665168     
   4.7000000000000035E-002    1728.466666665160     
   4.7000000000000035E-002    1737.406666665152     
   4.7000000000000035E-002    1746.346666665143     
   4.7000000000000035E-002    1755.293333331802     
   4.7000000000000035E-002    1764.233333331794     
   4.7000000000000035E-002    1773.173333331786     
   4.7000000000000035E-002    1782.113333331778     
   4.7000000000000035E-002    1791.053333331769     
   4.7000000000000035E-002    1799.993333331761     
   4.7000000000000035E-002    1808.933333331753     
   4.7000000000000035E-002    1817.879999998412     
   4.7000000000000035E-002    1826.819999998404     
   4.7000000000000035E-002    1835.759999998395     
   4.7000000000000035E-002    1844.699999998387     
   4.7000000000000035E-002    1853.639999998379     
   4.7000000000000035E-002    1862.579999998371     
   4.7000000000000035E-002    1871.519999998363     
   4.7000000000000035E-002    1880.459999998355     
   4.7000000000000035E-002    1889.399999998347     
   4.7000000000000035E-002    1898.346666665005     
   4.7000000000000035E-002    1907.286666664997     
   4.7000000000000035E-002    1916.226666664989     
   4.7000000000000035E-002    1925.166666664981     
   4.7000000000000035E-002    1934.106666664973     
   4.7000000000000035E-002    1943.046666664965     
   4.7000000000000035E-002    1951.986666664956     
   4.7000000000000035E-002    1960.926666664948     
   4.7500000000000035E-002    684.4933333327758     
   4.7500000000000035E-002    693.0733333327680     
   4.7500000000000035E-002    701.6599999994269     
   4.7500000000000035E-002    710.2533333327524     
   4.7500000000000035E-002    718.8466666660779     
   4.7500000000000035E-002    727.4466666660701     
   4.7500000000000035E-002    736.0466666660623     
   4.7500000000000035E-002    744.6466666660544     
   4.7500000000000035E-002    753.2533333327133     
   4.7500000000000035E-002    761.8533333327055     
   4.7500000000000035E-002    770.4599999993643     
   4.7500000000000035E-002    779.0666666660231     
   4.7500000000000035E-002    787.6733333326820     
   4.7500000000000035E-002    796.2866666660075     
   4.7500000000000035E-002    804.8933333326663     
   4.7500000000000035E-002    813.4999999993252     
   4.7500000000000035E-002    822.1133333326507     
   4.7500000000000035E-002    830.7266666659762     
   4.7500000000000035E-002    839.3333333326350     
   4.7500000000000035E-002    847.9466666659605     
   4.7500000000000035E-002    856.5599999992860     
   4.7500000000000035E-002    865.1666666659448     
   4.7500000000000035E-002    873.7799999992703     
   4.7500000000000035E-002    882.3933333325958     
   4.7500000000000035E-002    891.0066666659213     
   4.7500000000000035E-002    899.6199999992468     
   4.7500000000000035E-002    908.2333333325723     
   4.7500000000000035E-002    916.8466666658978     
   4.7500000000000035E-002    925.4599999992233     
   4.7500000000000035E-002    934.0733333325488     
   4.7500000000000035E-002    942.6866666658743     
   4.7500000000000035E-002    951.2999999991998     
   4.7500000000000035E-002    959.9133333325253     
   4.7500000000000035E-002    968.5266666658508     
   4.7500000000000035E-002    977.1399999991763     
   4.7500000000000035E-002    985.7533333325018     
   4.7500000000000035E-002    994.3666666658273     
   4.7500000000000035E-002    1002.979999999153     
   4.7500000000000035E-002    1011.593333332478     
   4.7500000000000035E-002    1020.206666665804     
   4.7500000000000035E-002    1028.819999999129     
   4.7500000000000035E-002    1037.433333332455     
   4.7500000000000035E-002    1046.053333332447     
   4.7500000000000035E-002    1054.666666665772     
   4.7500000000000035E-002    1063.279999999098     
   4.7500000000000035E-002    1071.893333332423     
   4.7500000000000035E-002    1080.506666665749     
   4.7500000000000035E-002    1089.119999999074     
   4.7500000000000035E-002    1097.733333332400     
   4.7500000000000035E-002    1106.346666665725     
   4.7500000000000035E-002    1114.959999999051     
   4.7500000000000035E-002    1123.579999999043     
   4.7500000000000035E-002    1132.193333332369     
   4.7500000000000035E-002    1140.806666665694     
   4.7500000000000035E-002    1149.419999999020     
   4.7500000000000035E-002    1158.033333332345     
   4.7500000000000035E-002    1166.646666665671     
   4.7500000000000035E-002    1175.259999998996     
   4.7500000000000035E-002    1183.873333332322     
   4.7500000000000035E-002    1192.493333332314     
   4.7500000000000035E-002    1201.106666665639     
   4.7500000000000035E-002    1209.719999998965     
   4.7500000000000035E-002    1218.333333332290     
   4.7500000000000035E-002    1226.946666665616     
   4.7500000000000035E-002    1235.559999998941     
   4.7500000000000035E-002    1244.173333332267     
   4.7500000000000035E-002    1252.786666665592     
   4.7500000000000035E-002    1261.399999998918     
   4.7500000000000035E-002    1270.019999998910     
   4.7500000000000035E-002    1278.633333332235     
   4.7500000000000035E-002    1287.246666665561     
   4.7500000000000035E-002    1295.859999998886     
   4.7500000000000035E-002    1304.473333332212     
   4.7500000000000035E-002    1313.086666665537     
   4.7500000000000035E-002    1321.699999998863     
   4.7500000000000035E-002    1330.313333332188     
   4.7500000000000035E-002    1338.926666665514     
   4.7500000000000035E-002    1347.546666665506     
   4.7500000000000035E-002    1356.159999998832     
   4.7500000000000035E-002    1364.773333332157     
   4.7500000000000035E-002    1373.386666665483     
   4.7500000000000035E-002    1381.999999998808     
   4.7500000000000035E-002    1390.613333332134     
   4.7500000000000035E-002    1399.226666665459     
   4.7500000000000035E-002    1407.839999998785     
   4.7500000000000035E-002    1416.453333332110     
   4.7500000000000035E-002    1425.066666665436     
   4.7500000000000035E-002    1433.686666665428     
   4.7500000000000035E-002    1442.299999998753     
   4.7500000000000035E-002    1450.913333332079     
   4.7500000000000035E-002    1459.526666665404     
   4.7500000000000035E-002    1468.139999998730     
   4.7500000000000035E-002    1476.753333332055     
   4.7500000000000035E-002    1485.366666665381     
   4.7500000000000035E-002    1493.979999998706     
   4.7500000000000035E-002    1502.593333332032     
   4.7500000000000035E-002    1511.206666665357     
   4.7500000000000035E-002    1519.819999998683     
   4.7500000000000035E-002    1528.439999998675     
   4.7500000000000035E-002    1537.053333332000     
   4.7500000000000035E-002    1545.666666665326     
   4.7500000000000035E-002    1554.279999998651     
   4.7500000000000035E-002    1562.893333331977     
   4.7500000000000035E-002    1571.506666665302     
   4.7500000000000035E-002    1580.119999998628     
   4.7500000000000035E-002    1588.733333331953     
   4.7500000000000035E-002    1597.346666665279     
   4.7500000000000035E-002    1605.959999998604     
   4.7500000000000035E-002    1614.573333331930     
   4.7500000000000035E-002    1623.193333331922     
   4.7500000000000035E-002    1631.806666665248     
   4.7500000000000035E-002    1640.419999998573     
   4.7500000000000035E-002    1649.033333331899     
   4.7500000000000035E-002    1657.646666665224     
   4.7500000000000035E-002    1666.259999998550     
   4.7500000000000035E-002    1674.873333331875     
   4.7500000000000035E-002    1683.486666665201     
   4.7500000000000035E-002    1692.099999998526     
   4.7500000000000035E-002    1700.713333331852     
   4.7500000000000035E-002    1709.326666665177     
   4.7500000000000035E-002    1717.939999998503     
   4.7500000000000035E-002    1726.553333331828     
   4.7500000000000035E-002    1735.173333331820     
   4.7500000000000035E-002    1743.786666665146     
   4.7500000000000035E-002    1752.399999998471     
   4.7500000000000035E-002    1761.013333331797     
   4.7500000000000035E-002    1769.626666665122     
   4.7500000000000035E-002    1778.239999998448     
   4.7500000000000035E-002    1786.853333331773     
   4.7500000000000035E-002    1795.466666665099     
   4.7500000000000035E-002    1804.079999998424     
   4.7500000000000035E-002    1812.693333331750     
   4.7500000000000035E-002    1821.306666665075     
   4.7500000000000035E-002    1829.919999998401     
   4.7500000000000035E-002    1838.533333331726     
   4.7500000000000035E-002    1847.153333331718     
   4.7500000000000035E-002    1855.766666665044     
   4.7500000000000035E-002    1864.379999998369     
   4.7500000000000035E-002    1872.993333331695     
   4.7500000000000035E-002    1881.606666665020     
   4.7500000000000035E-002    1890.219999998346     
   4.7500000000000035E-002    1898.833333331671     
   4.8000000000000036E-002    848.3399999992935     
   4.8000000000000036E-002    856.6133333326193     
   4.8000000000000036E-002    864.8866666659451     
   4.8000000000000036E-002    873.1733333326042     
   4.8000000000000036E-002    881.4599999992633     
   4.8000000000000036E-002    889.7533333325891     
   4.8000000000000036E-002    898.0466666659149     
   4.8000000000000036E-002    906.3399999992407     
   4.8000000000000036E-002    914.6399999992332     
   4.8000000000000036E-002    922.9399999992256     
   4.8000000000000036E-002    931.2399999992181     
   4.8000000000000036E-002    939.5399999992105     
   4.8000000000000036E-002    947.8466666658696     
   4.8000000000000036E-002    956.1466666658621     
   4.8000000000000036E-002    964.4533333325212     
   4.8000000000000036E-002    972.7599999991803     
   4.8000000000000036E-002    981.0666666658394     
   4.8000000000000036E-002    989.3733333324985     
   4.8000000000000036E-002    997.6799999991576     
   4.8000000000000036E-002    1005.986666665817     
   4.8000000000000036E-002    1014.299999999143     
   4.8000000000000036E-002    1022.606666665802     
   4.8000000000000036E-002    1030.919999999127     
   4.8000000000000036E-002    1039.226666665787     
   4.8000000000000036E-002    1047.539999999112     
   4.8000000000000036E-002    1055.846666665771     
   4.8000000000000036E-002    1064.159999999097     
   4.8000000000000036E-002    1072.473333332423     
   4.8000000000000036E-002    1080.786666665749     
   4.8000000000000036E-002    1089.093333332408     
   4.8000000000000036E-002    1097.406666665734     
   4.8000000000000036E-002    1105.719999999059     
   4.8000000000000036E-002    1114.033333332385     
   4.8000000000000036E-002    1122.346666665711     
   4.8000000000000036E-002    1130.659999999037     
   4.8000000000000036E-002    1138.973333332362     
   4.8000000000000036E-002    1147.286666665688     
   4.8000000000000036E-002    1155.599999999014     
   4.8000000000000036E-002    1163.913333332340     
   4.8000000000000036E-002    1172.226666665666     
   4.8000000000000036E-002    1180.539999998991     
   4.8000000000000036E-002    1188.853333332317     
   4.8000000000000036E-002    1197.173333332310     
   4.8000000000000036E-002    1205.486666665635     
   4.8000000000000036E-002    1213.799999998961     
   4.8000000000000036E-002    1222.113333332287     
   4.8000000000000036E-002    1230.433333332279     
   4.8000000000000036E-002    1238.746666665605     
   4.8000000000000036E-002    1247.059999998931     
   4.8000000000000036E-002    1255.373333332257     
   4.8000000000000036E-002    1263.693333332249     
   4.8000000000000036E-002    1272.006666665575     
   4.8000000000000036E-002    1280.319999998901     
   4.8000000000000036E-002    1288.639999998893     
   4.8000000000000036E-002    1296.953333332219     
   4.8000000000000036E-002    1305.266666665545     
   4.8000000000000036E-002    1313.586666665537     
   4.8000000000000036E-002    1321.899999998863     
   4.8000000000000036E-002    1330.219999998855     
   4.8000000000000036E-002    1338.533333332181     
   4.8000000000000036E-002    1346.853333332173     
   4.8000000000000036E-002    1355.166666665499     
   4.8000000000000036E-002    1363.479999998825     
   4.8000000000000036E-002    1371.799999998817     
   4.8000000000000036E-002    1380.113333332143     
   4.8000000000000036E-002    1388.433333332136     
   4.8000000000000036E-002    1396.746666665461     
   4.8000000000000036E-002    1405.066666665454     
   4.8000000000000036E-002    1413.379999998780     
   4.8000000000000036E-002    1421.699999998772     
   4.8000000000000036E-002    1430.013333332098     
   4.8000000000000036E-002    1438.333333332090     
   4.8000000000000036E-002    1446.653333332083     
   4.8000000000000036E-002    1454.966666665408     
   4.8000000000000036E-002    1463.286666665401     
   4.8000000000000036E-002    1471.599999998727     
   4.8000000000000036E-002    1479.919999998719     
   4.8000000000000036E-002    1488.233333332045     
   4.8000000000000036E-002    1496.553333332037     
   4.8000000000000036E-002    1504.873333332030     
   4.8000000000000036E-002    1513.186666665355     
   4.8000000000000036E-002    1521.506666665348     
   4.8000000000000036E-002    1529.819999998674     
   4.8000000000000036E-002    1538.139999998666     
   4.8000000000000036E-002    1546.459999998659     
   4.8000000000000036E-002    1554.773333331984     
   4.8000000000000036E-002    1563.093333331977     
   4.8000000000000036E-002    1571.406666665303     
   4.8000000000000036E-002    1579.726666665295     
   4.8000000000000036E-002    1588.046666665287     
   4.8000000000000036E-002    1596.359999998613     
   4.8000000000000036E-002    1604.679999998606     
   4.8000000000000036E-002    1612.999999998598     
   4.8000000000000036E-002    1621.313333331924     
   4.8000000000000036E-002    1629.633333331916     
   4.8000000000000036E-002    1637.953333331909     
   4.8000000000000036E-002    1646.266666665234     
   4.8000000000000036E-002    1654.586666665227     
   4.8000000000000036E-002    1662.906666665219     
   4.8000000000000036E-002    1671.219999998545     
   4.8000000000000036E-002    1679.539999998537     
   4.8000000000000036E-002    1687.859999998530     
   4.8000000000000036E-002    1696.173333331856     
   4.8000000000000036E-002    1704.493333331848     
   4.8000000000000036E-002    1712.813333331841     
   4.8000000000000036E-002    1721.133333331833     
   4.8000000000000036E-002    1729.446666665159     
   4.8000000000000036E-002    1737.766666665151     
   4.8000000000000036E-002    1746.086666665144     
   4.8000000000000036E-002    1754.399999998469     
   4.8000000000000036E-002    1762.719999998462     
   4.8000000000000036E-002    1771.039999998454     
   4.8000000000000036E-002    1779.359999998447     
   4.8000000000000036E-002    1787.673333331772     
   4.8000000000000036E-002    1795.993333331765     
   4.8000000000000036E-002    1804.313333331757     
   4.8000000000000036E-002    1812.633333331750     
   4.8000000000000036E-002    1820.946666665076     
   4.8000000000000036E-002    1829.266666665068     
   4.8000000000000036E-002    1837.586666665060     
   4.8000000000000036E-002    1845.906666665053     
   4.8000000000000036E-002    1854.219999998379     
   4.8000000000000036E-002    1862.539999998371     
   4.8500000000000036E-002    1019.239999999138     
   4.8500000000000036E-002    1027.233333332464     
   4.8500000000000036E-002    1035.233333332457     
   4.8500000000000036E-002    1043.239999999116     
   4.8500000000000036E-002    1051.253333332442     
   4.8500000000000036E-002    1059.273333332435     
   4.8500000000000036E-002    1067.286666665761     
   4.8500000000000036E-002    1075.306666665754     
   4.8500000000000036E-002    1083.333333332413     
   4.8500000000000036E-002    1091.359999999072     
   4.8500000000000036E-002    1099.379999999065     
   4.8500000000000036E-002    1107.413333332391     
   4.8500000000000036E-002    1115.439999999051     
   4.8500000000000036E-002    1123.466666665710     
   4.8500000000000036E-002    1131.499999999036     
   4.8500000000000036E-002    1139.533333332362     
   4.8500000000000036E-002    1147.566666665688     
   4.8500000000000036E-002    1155.599999999014     
   4.8500000000000036E-002    1163.633333332340     
   4.8500000000000036E-002    1171.666666665666     
   4.8500000000000036E-002    1179.699999998992     
   4.8500000000000036E-002    1187.739999998985     
   4.8500000000000036E-002    1195.773333332311     
   4.8500000000000036E-002    1203.813333332304     
   4.8500000000000036E-002    1211.846666665630     
   4.8500000000000036E-002    1219.886666665622     
   4.8500000000000036E-002    1227.926666665615     
   4.8500000000000036E-002    1235.959999998941     
   4.8500000000000036E-002    1243.999999998934     
   4.8500000000000036E-002    1252.039999998926     
   4.8500000000000036E-002    1260.079999998919     
   4.8500000000000036E-002    1268.119999998912     
   4.8500000000000036E-002    1276.159999998904     
   4.8500000000000036E-002    1284.199999998897     
   4.8500000000000036E-002    1292.239999998890     
   4.8500000000000036E-002    1300.279999998882     
   4.8500000000000036E-002    1308.326666665542     
   4.8500000000000036E-002    1316.366666665534     
   4.8500000000000036E-002    1324.406666665527     
   4.8500000000000036E-002    1332.446666665520     
   4.8500000000000036E-002    1340.493333332179     
   4.8500000000000036E-002    1348.533333332172     
   4.8500000000000036E-002    1356.573333332165     
   4.8500000000000036E-002    1364.619999998824     
   4.8500000000000036E-002    1372.659999998817     
   4.8500000000000036E-002    1380.706666665476     
   4.8500000000000036E-002    1388.746666665469     
   4.8500000000000036E-002    1396.793333332128     
   4.8500000000000036E-002    1404.833333332121     
   4.8500000000000036E-002    1412.879999998780     
   4.8500000000000036E-002    1420.926666665439     
   4.8500000000000036E-002    1428.966666665432     
   4.8500000000000036E-002    1437.013333332091     
   4.8500000000000036E-002    1445.053333332084     
   4.8500000000000036E-002    1453.099999998743     
   4.8500000000000036E-002    1461.146666665403     
   4.8500000000000036E-002    1469.186666665395     
   4.8500000000000036E-002    1477.233333332055     
   4.8500000000000036E-002    1485.279999998714     
   4.8500000000000036E-002    1493.326666665374     
   4.8500000000000036E-002    1501.366666665366     
   4.8500000000000036E-002    1509.413333332026     
   4.8500000000000036E-002    1517.459999998685     
   4.8500000000000036E-002    1525.506666665344     
   4.8500000000000036E-002    1533.553333332004     
   4.8500000000000036E-002    1541.599999998663     
   4.8500000000000036E-002    1549.639999998656     
   4.8500000000000036E-002    1557.686666665315     
   4.8500000000000036E-002    1565.733333331974     
   4.8500000000000036E-002    1573.779999998634     
   4.8500000000000036E-002    1581.826666665293     
   4.8500000000000036E-002    1589.873333331952     
   4.8500000000000036E-002    1597.919999998612     
   4.8500000000000036E-002    1605.966666665271     
   4.8500000000000036E-002    1614.013333331930     
   4.8500000000000036E-002    1622.059999998590     
   4.8500000000000036E-002    1630.106666665249     
   4.8500000000000036E-002    1638.153333331908     
   4.8500000000000036E-002    1646.199999998568     
   4.8500000000000036E-002    1654.246666665227     
   4.8500000000000036E-002    1662.293333331887     
   4.8500000000000036E-002    1670.339999998546     
   4.8500000000000036E-002    1678.386666665205     
   4.8500000000000036E-002    1686.433333331865     
   4.8500000000000036E-002    1694.479999998524     
   4.8500000000000036E-002    1702.526666665183     
   4.8500000000000036E-002    1710.573333331843     
   4.8500000000000036E-002    1718.619999998502     
   4.8500000000000036E-002    1726.666666665161     
   4.8500000000000036E-002    1734.713333331821     
   4.8500000000000036E-002    1742.759999998480     
   4.8500000000000036E-002    1750.813333331806     
   4.8500000000000036E-002    1758.859999998465     
   4.8500000000000036E-002    1766.906666665125     
   4.8500000000000036E-002    1774.953333331784     
   4.8500000000000036E-002    1782.999999998443     
   4.8500000000000036E-002    1791.046666665103     
   4.8500000000000036E-002    1799.093333331762     
   4.8500000000000036E-002    1807.146666665088     
   4.8500000000000036E-002    1815.193333331747     
   4.8500000000000036E-002    1823.239999998407     
   4.8500000000000036E-002    1831.286666665066     
   4.8500000000000036E-002    1839.333333331725     
   4.8500000000000036E-002    1847.379999998385     
   4.8500000000000036E-002    1855.433333331711     
   4.8500000000000036E-002    1863.479999998370     
   4.9000000000000037E-002    1214.813333332293     
   4.9000000000000037E-002    1222.553333332286     
   4.9000000000000037E-002    1230.306666665613     
   4.9000000000000037E-002    1238.066666665606     
   4.9000000000000037E-002    1245.826666665599     
   4.9000000000000037E-002    1253.593333332258     
   4.9000000000000037E-002    1261.359999998918     
   4.9000000000000037E-002    1269.133333332244     
   4.9000000000000037E-002    1276.899999998904     
   4.9000000000000037E-002    1284.673333332230     
   4.9000000000000037E-002    1292.453333332223     
   4.9000000000000037E-002    1300.226666665549     
   4.9000000000000037E-002    1308.006666665542     
   4.9000000000000037E-002    1315.786666665535     
   4.9000000000000037E-002    1323.566666665528     
   4.9000000000000037E-002    1331.346666665521     
   4.9000000000000037E-002    1339.126666665514     
   4.9000000000000037E-002    1346.913333332173     
   4.9000000000000037E-002    1354.693333332166     
   4.9000000000000037E-002    1362.479999998826     
   4.9000000000000037E-002    1370.266666665485     
   4.9000000000000037E-002    1378.046666665478     
   4.9000000000000037E-002    1385.833333332138     
   4.9000000000000037E-002    1393.619999998798     
   4.9000000000000037E-002    1401.406666665457     
   4.9000000000000037E-002    1409.193333332117     
   4.9000000000000037E-002    1416.979999998776     
   4.9000000000000037E-002    1424.773333332103     
   4.9000000000000037E-002    1432.559999998762     
   4.9000000000000037E-002    1440.346666665422     
   4.9000000000000037E-002    1448.139999998748     
   4.9000000000000037E-002    1455.926666665408     
   4.9000000000000037E-002    1463.713333332067     
   4.9000000000000037E-002    1471.506666665393     
   4.9000000000000037E-002    1479.299999998720     
   4.9000000000000037E-002    1487.086666665379     
   4.9000000000000037E-002    1494.879999998705     
   4.9000000000000037E-002    1502.666666665365     
   4.9000000000000037E-002    1510.459999998691     
   4.9000000000000037E-002    1518.253333332018     
   4.9000000000000037E-002    1526.046666665344     
   4.9000000000000037E-002    1533.839999998670     
   4.9000000000000037E-002    1541.626666665330     
   4.9000000000000037E-002    1549.419999998656     
   4.9000000000000037E-002    1557.213333331982     
   4.9000000000000037E-002    1565.006666665308     
   4.9000000000000037E-002    1572.799999998635     
   4.9000000000000037E-002    1580.593333331961     
   4.9000000000000037E-002    1588.386666665287     
   4.9000000000000037E-002    1596.179999998613     
   4.9000000000000037E-002    1603.973333331940     
   4.9000000000000037E-002    1611.766666665266     
   4.9000000000000037E-002    1619.566666665259     
   4.9000000000000037E-002    1627.359999998585     
   4.9000000000000037E-002    1635.153333331911     
   4.9000000000000037E-002    1642.946666665237     
   4.9000000000000037E-002    1650.739999998564     
   4.9000000000000037E-002    1658.539999998557     
   4.9000000000000037E-002    1666.333333331883     
   4.9000000000000037E-002    1674.126666665209     
   4.9000000000000037E-002    1681.919999998535     
   4.9000000000000037E-002    1689.719999998528     
   4.9000000000000037E-002    1697.513333331854     
   4.9000000000000037E-002    1705.306666665181     
   4.9000000000000037E-002    1713.106666665174     
   4.9000000000000037E-002    1720.899999998500     
   4.9000000000000037E-002    1728.699999998493     
   4.9000000000000037E-002    1736.493333331819     
   4.9000000000000037E-002    1744.286666665145     
   4.9000000000000037E-002    1752.086666665138     
   4.9000000000000037E-002    1759.879999998464     
   4.9000000000000037E-002    1767.679999998457     
   4.9000000000000037E-002    1775.473333331784     
   4.9000000000000037E-002    1783.273333331776     
   4.9000000000000037E-002    1791.066666665103     
   4.9000000000000037E-002    1798.866666665096     
   4.9000000000000037E-002    1806.659999998422     
   4.9000000000000037E-002    1814.459999998415     
   4.9000000000000037E-002    1822.253333331741     
   4.9000000000000037E-002    1830.053333331734     
   4.9000000000000037E-002    1837.853333331727     
   4.9000000000000037E-002    1845.646666665053     
   4.9000000000000037E-002    1853.446666665046     
   4.9000000000000037E-002    1861.239999998372     
   4.9000000000000037E-002    1869.039999998365     
   4.9000000000000037E-002    1876.839999998358     
   4.9000000000000037E-002    1884.633333331684     
   4.9000000000000037E-002    1892.433333331677     
   4.9500000000000037E-002    1454.459999998742     
   4.9500000000000037E-002    1461.973333332069     
   4.9500000000000037E-002    1469.499999998729     
   4.9500000000000037E-002    1477.026666665388     
   4.9500000000000037E-002    1484.559999998715     
   4.9500000000000037E-002    1492.099999998708     
   4.9500000000000037E-002    1499.633333332034     
   4.9500000000000037E-002    1507.173333332028     
   4.9500000000000037E-002    1514.713333332021     
   4.9500000000000037E-002    1522.253333332014     
   4.9500000000000037E-002    1529.799999998674     
   4.9500000000000037E-002    1537.346666665333     
   4.9500000000000037E-002    1544.893333331993     
   4.9500000000000037E-002    1552.439999998653     
   4.9500000000000037E-002    1559.986666665313     
   4.9500000000000037E-002    1567.533333331973     
   4.9500000000000037E-002    1575.079999998633     
   4.9500000000000037E-002    1582.633333331959     
   4.9500000000000037E-002    1590.186666665285     
   4.9500000000000037E-002    1597.733333331945     
   4.9500000000000037E-002    1605.286666665272     
   4.9500000000000037E-002    1612.839999998598     
   4.9500000000000037E-002    1620.393333331925     
   4.9500000000000037E-002    1627.946666665251     
   4.9500000000000037E-002    1635.499999998578     
   4.9500000000000037E-002    1643.053333331904     
   4.9500000000000037E-002    1650.606666665230     
   4.9500000000000037E-002    1658.166666665224     
   4.9500000000000037E-002    1665.719999998550     
   4.9500000000000037E-002    1673.273333331877     
   4.9500000000000037E-002    1680.833333331870     
   4.9500000000000037E-002    1688.386666665196     
   4.9500000000000037E-002    1695.946666665189     
   4.9500000000000037E-002    1703.499999998516     
   4.9500000000000037E-002    1711.059999998509     
   4.9500000000000037E-002    1718.619999998502     
   4.9500000000000037E-002    1726.173333331828     
   4.9500000000000037E-002    1733.733333331822     
   4.9500000000000037E-002    1741.293333331815     
   4.9500000000000037E-002    1748.853333331808     
   4.9500000000000037E-002    1756.406666665134     
   4.9500000000000037E-002    1763.966666665127     
   4.9500000000000037E-002    1771.526666665121     
   4.9500000000000037E-002    1779.086666665114     
   4.9500000000000037E-002    1786.646666665107     
   4.9500000000000037E-002    1794.206666665100     
   4.9500000000000037E-002    1801.766666665093     
   4.9500000000000037E-002    1809.326666665086     
   4.9500000000000037E-002    1816.886666665079     
   4.9500000000000037E-002    1824.446666665072     
   4.9500000000000037E-002    1832.006666665065     
   4.9500000000000037E-002    1839.566666665059     
   4.9500000000000037E-002    1847.133333331718     
   4.9500000000000037E-002    1854.693333331712     
   4.9500000000000037E-002    1862.253333331705     
   4.9500000000000037E-002    1869.813333331698     
   4.9500000000000037E-002    1877.379999998358     
   4.9500000000000037E-002    1884.939999998351     
   4.9500000000000037E-002    1892.499999998344     
   4.9500000000000037E-002    1900.059999998337     
   4.9500000000000037E-002    1907.626666664997     
   4.9500000000000037E-002    1915.186666664990     
   4.9500000000000037E-002    1922.746666664983     
   4.9500000000000037E-002    1930.313333331643     
   5.0000000000000037E-002    1754.799999998469     
   5.0000000000000037E-002    1762.099999998462     
   5.0000000000000037E-002    1769.399999998456     
   5.0000000000000037E-002    1776.713333331782     
   5.0000000000000037E-002    1784.026666665109     
   5.0000000000000037E-002    1791.339999998436     
   5.0000000000000037E-002    1798.659999998429     
   5.0000000000000037E-002    1805.979999998422     
   5.0000000000000037E-002    1813.299999998416     
   5.0000000000000037E-002    1820.619999998409     
   5.0000000000000037E-002    1827.946666665069     
   5.0000000000000037E-002    1835.273333331729     
   5.0000000000000037E-002    1842.593333331723     
   5.0000000000000037E-002    1849.919999998383     
   5.0000000000000037E-002    1857.253333331709     
   5.0000000000000037E-002    1864.579999998369     
   5.0000000000000037E-002    1871.906666665029     
   5.0000000000000037E-002    1879.239999998356     
   5.0000000000000037E-002    1886.566666665016     
   5.0000000000000037E-002    1893.899999998343     
   5.0000000000000037E-002    1901.233333331669     
   5.0000000000000037E-002    1908.566666664996     
   5.0000000000000037E-002    1915.899999998323     
   5.0000000000000037E-002    1923.226666664983     
   5.0000000000000037E-002    1930.566666664976     
   5.0000000000000037E-002    1937.899999998303     
   5.0000000000000037E-002    1945.233333331629     
   5.0000000000000037E-002    1952.566666664956     
   5.0000000000000037E-002    1959.899999998283     
   5.0000000000000037E-002    1967.239999998276     
   5.0000000000000037E-002    1974.573333331602     
   5.0000000000000037E-002    1981.906666664929     
   5.0000000000000037E-002    1989.246666664922     
   5.0000000000000037E-002    1996.579999998249     
   5.0000000000000037E-002    2003.919999998242     
   5.0000000000000037E-002    2011.253333331569     
   5.0000000000000037E-002    2018.593333331562     
   5.0000000000000037E-002    2025.933333331556     
   5.0000000000000037E-002    2033.266666664882     
   5.0500000000000038E-002    2185.873333331410     
   5.0500000000000038E-002    2192.959999998071     
   5.0500000000000038E-002    2200.053333331397     
   5.0500000000000038E-002    2207.153333331391     
   5.0500000000000038E-002    2214.259999998051     
   5.0500000000000038E-002    2221.359999998045     
   5.0500000000000038E-002    2228.466666664705     
   5.0500000000000038E-002    2235.579999998032     
   5.0500000000000038E-002    2242.686666664692     
   5.0500000000000038E-002    2249.799999998019     
   5.0500000000000038E-002    2256.913333331346     
   5.0500000000000038E-002    2264.026666664673     
   5.1000000000000038E-002    2923.973333330739     
   5.1000000000000038E-002    2930.853333330733     
   5.1000000000000038E-002    2937.739999997393     
   5.1000000000000038E-002    2944.633333330720     
   5.1000000000000038E-002    2951.526666664047     
   5.1000000000000038E-002    2958.419999997374     
   5.1000000000000038E-002    2965.319999997368     
   5.1000000000000038E-002    2972.219999997362     
   5.1000000000000038E-002    2979.119999997356     
   5.1000000000000038E-002    2986.026666664016     
   5.1000000000000038E-002    2992.926666664010     
   5.1000000000000038E-002    2999.833333330670     
   5.1500000000000039E-002    4894.086666716719     
   5.1500000000000039E-002    4900.753333383835     
   5.1500000000000039E-002    4907.426666717617     
   5.1500000000000039E-002    4914.100000051400     
   5.1500000000000039E-002    4920.773333385182     
   5.1500000000000039E-002    4927.446666718964     
   5.1500000000000039E-002    4934.126666719414     
   5.1500000000000039E-002    4940.806666719864     
   5.1500000000000039E-002    4947.486666720313     
   5.1500000000000039E-002    4954.166666720763     
   5.1500000000000039E-002    4960.846666721212     
