   2.5000000000000019E-002    2693.979166663227     
   2.5000000000000019E-002    2726.677083329418     
   2.5000000000000019E-002    2758.520833328954     
   2.5000000000000019E-002    2789.677083328501     
   2.5000000000000019E-002    2820.249999994723     
   2.5000000000000019E-002    2850.312499994285     
   2.5000000000000019E-002    2879.927083327188     
   2.5000000000000019E-002    2909.124999993429     
   2.5000000000000019E-002    2937.947916659677     
   2.5000000000000019E-002    2966.427083325929     
   2.5000000000000019E-002    2994.593749992186     
   2.5000000000000019E-002    3022.458333325113     
   2.5000000000000019E-002    3050.052083324712     
   2.5000000000000019E-002    3077.385416657648     
   2.5000000000000019E-002    3104.468749990587     
   2.5000000000000019E-002    3131.333333323529     
   2.5000000000000019E-002    3157.979166656475     
   2.5000000000000019E-002    3184.427083322757     
   2.5000000000000019E-002    3210.677083322375     
   2.5000000000000019E-002    3236.749999988662     
   2.5000000000000019E-002    3262.635416654952     
   2.5000000000000019E-002    3288.364583321244     
   2.5000000000000019E-002    3313.937499987539     
   2.5000000000000019E-002    3339.364583320502     
   2.5000000000000019E-002    3364.645833320134     
   2.5000000000000019E-002    3389.802083319768     
   2.5000000000000019E-002    3414.812499986071     
   2.5000000000000019E-002    3439.708333319042     
   2.5000000000000019E-002    3464.489583318681     
   2.5000000000000019E-002    3489.156249984989     
   2.5000000000000019E-002    3513.708333317965     
   2.5000000000000019E-002    3538.166666650942     
   2.5000000000000019E-002    3562.531249983921     
   2.5000000000000019E-002    3586.802083316901     
   2.5000000000000019E-002    3610.989583316549     
   2.5000000000000019E-002    3635.083333316199     
   2.5000000000000019E-002    3659.104166649182     
   2.5000000000000019E-002    3683.041666648834     
   2.5000000000000019E-002    3706.906249981820     
   2.5000000000000019E-002    3730.708333314807     
   2.5000000000000019E-002    3754.437499981128     
   2.5000000000000019E-002    3778.093749980784     
   2.5000000000000019E-002    3801.697916647107     
   2.5000000000000019E-002    3825.239583313431     
   2.5000000000000019E-002    3848.718749979756     
   2.5000000000000019E-002    3872.145833312749     
   2.5000000000000019E-002    3895.531249979075     
   2.5000000000000019E-002    3918.854166645403     
   2.5000000000000019E-002    3942.135416645064     
   2.5000000000000019E-002    3965.364583311392     
   2.5000000000000019E-002    3988.552083311055     
   2.5000000000000019E-002    4011.687499977385     
   2.5000000000000019E-002    4034.791666643715     
   2.5000000000000019E-002    4057.854166643380     
   2.5000000000000019E-002    4080.885416643045     
   2.5000000000000019E-002    4103.874999976387     
   2.5000000000000019E-002    4126.822916643721     
   2.5000000000000019E-002    4149.739583311055     
   2.5000000000000019E-002    4172.635416645055     
   2.5000000000000019E-002    4195.489583312386     
   2.5000000000000019E-002    4218.312499979717     
   2.5000000000000019E-002    4241.104166647047     
   2.5000000000000019E-002    4263.874999981043     
   2.5000000000000019E-002    4286.624999981706     
   2.5000000000000019E-002    4309.333333315700     
   2.5000000000000019E-002    4332.031249983027     
   2.5000000000000019E-002    4354.697916650353     
   2.5000000000000019E-002    4377.343749984346     
   2.5000000000000019E-002    4399.968749985004     
   2.5000000000000019E-002    4422.562499985662     
   2.5000000000000019E-002    4445.145833319652     
   2.5000000000000019E-002    4467.708333320309     
   2.5000000000000019E-002    4490.249999987632     
   2.5000000000000019E-002    4512.781249988288     
   2.5000000000000019E-002    4535.281249988942     
   2.5000000000000019E-002    4557.770833322930     
   2.5000000000000019E-002    4580.249999990251     
   2.5000000000000019E-002    4602.708333324238     
   2.5000000000000019E-002    4625.145833324891     
   2.5000000000000019E-002    4647.572916658877     
   2.5000000000000019E-002    4669.989583326196     
   2.5000000000000019E-002    4692.385416660181     
   2.5000000000000019E-002    4714.770833327500     
   2.5000000000000019E-002    4737.145833328151     
   2.5000000000000019E-002    4759.510416662135     
   2.5000000000000019E-002    4781.864583329452     
   2.5000000000000019E-002    4804.197916663436     
   2.5000000000000019E-002    4826.531249997419     
   2.5000000000000019E-002    4848.843749998068     
   2.5000000000000019E-002    4871.156249998718     
   2.5000000000000019E-002    4893.447916666033     
   2.5000000000000019E-002    4915.739583333348     
   2.5000000000000019E-002    4938.020833333997     
   2.5000000000000019E-002    4960.291666667978     
   2.5000000000000019E-002    4982.552083335293     
   2.5000000000000019E-002    5004.802083335941     
   2.5000000000000019E-002    5027.052083336588     
   2.5000000000000019E-002    5049.291666670569     
   2.5000000000000019E-002    5071.520833337882     
   2.5000000000000019E-002    5093.739583338529     
   2.5000000000000019E-002    5115.958333339176     
   2.5000000000000019E-002    5138.166666673155     
   2.5000000000000019E-002    5160.375000007135     
   2.5000000000000019E-002    5182.572916674448     
   2.5000000000000019E-002    5204.760416675093     
   2.5000000000000019E-002    5226.947916675739     
   2.5000000000000019E-002    5249.125000009718     
   2.5000000000000019E-002    5271.302083343697     
   2.5000000000000019E-002    5293.468750011009     
   2.5000000000000019E-002    5315.635416678320     
   2.5000000000000019E-002    5337.802083345632     
   2.5000000000000019E-002    5359.958333346277     
   2.5000000000000019E-002    5382.104166680255     
   2.5000000000000019E-002    5404.250000014233     
   2.5000000000000019E-002    5426.395833348211     
   2.5000000000000019E-002    5448.531250015521     
   2.5000000000000019E-002    5470.666666682832     
   2.5000000000000019E-002    5492.802083350143     
   2.5000000000000019E-002    5514.927083350787     
   2.5000000000000019E-002    5537.052083351431     
   2.5000000000000019E-002    5559.166666685408     
   2.5000000000000019E-002    5581.291666686052     
   2.5000000000000019E-002    5603.406250020029     
   2.5000000000000019E-002    5625.510416687339     
   2.5000000000000019E-002    5647.625000021316     
   2.5000000000000019E-002    5669.729166688626     
   2.5000000000000019E-002    5691.833333355936     
   2.5000000000000019E-002    5713.927083356579     
   2.5000000000000019E-002    5736.031250023889     
   2.5000000000000019E-002    5758.125000024532     
   2.5000000000000019E-002    5780.218750025175     
   2.5000000000000019E-002    5802.302083359151     
   2.5000000000000019E-002    5824.395833359794     
   2.5000000000000019E-002    5846.479166693770     
   2.5000000000000019E-002    5868.562500027746     
   2.5000000000000019E-002    5890.645833361722     
   2.5000000000000019E-002    5912.729166695698     
   2.5000000000000019E-002    5934.802083363007     
   2.5000000000000019E-002    5956.885416696983     
   2.5000000000000019E-002    5978.958333364292     
   2.5000000000000019E-002    6001.031250031601     
   2.5000000000000019E-002    6023.104166698910     
   2.5000000000000019E-002    6045.177083366219     
   2.5000000000000019E-002    6067.239583366862     
   2.5000000000000019E-002    6089.312500034171     
   2.5000000000000019E-002    6111.375000034813     
   2.5000000000000019E-002    6133.437500035455     
   2.5000000000000019E-002    6155.500000036097     
   2.5000000000000019E-002    6177.562500036739     
   2.5000000000000019E-002    6199.625000037381     
   2.5000000000000019E-002    6221.687500038023     
   2.5000000000000019E-002    6243.739583371998     
   2.5000000000000019E-002    6265.802083372640     
   2.5000000000000019E-002    6287.854166706616     
   2.5000000000000019E-002    6309.906250040591     
   2.5000000000000019E-002    6331.958333374566     
   2.5000000000000019E-002    6354.020833375208     
   2.5000000000000019E-002    6376.072916709183     
   2.5000000000000019E-002    6398.114583376491     
   2.5000000000000019E-002    6420.166666710466     
   2.5000000000000019E-002    6442.218750044442     
   2.5000000000000019E-002    6464.270833378417     
   2.5000000000000019E-002    6486.312500045725     
   2.5000000000000019E-002    6508.364583379700     
   2.5000000000000019E-002    6530.406250047008     
   2.5000000000000019E-002    6552.458333380983     
   2.5000000000000019E-002    6574.500000048291     
   2.5000000000000019E-002    6596.541666715600     
   2.5000000000000019E-002    6618.593750049575     
   2.5000000000000019E-002    6640.635416716883     
   2.5000000000000019E-002    6662.677083384191     
   2.5000000000000019E-002    6684.718750051499     
   2.5000000000000019E-002    6706.760416718807     
   2.5000000000000019E-002    6728.802083386116     
   2.5000000000000019E-002    6750.843750053424     
   2.5000000000000019E-002    6772.885416720732     
   2.5000000000000019E-002    6794.916666721373     
   2.5000000000000019E-002    6816.958333388681     
   2.5000000000000019E-002    6839.000000055989     
   2.5000000000000019E-002    6861.041666723298     
   2.5000000000000019E-002    6883.072916723939     
   2.5000000000000019E-002    6905.114583391247     
   2.5000000000000019E-002    6927.145833391888     
   2.5000000000000019E-002    6949.187500059196     
   2.5000000000000019E-002    6971.218750059837     
   2.5000000000000019E-002    6993.260416727146     
   2.5000000000000019E-002    7015.291666727787     
   2.5000000000000019E-002    7037.333333395095     
   2.5000000000000019E-002    7059.364583395736     
   2.5000000000000019E-002    7081.395833396377     
   2.5000000000000019E-002    7103.437500063686     
   2.5000000000000019E-002    7125.468750064327     
   2.5000000000000019E-002    7147.500000064968     
   2.5000000000000019E-002    7169.541666732276     
   2.5000000000000019E-002    7191.572916732917     
   2.5000000000000019E-002    7213.604166733558     
   2.5000000000000019E-002    7235.635416734200     
   2.5000000000000019E-002    7257.666666734841     
   2.5000000000000019E-002    7279.697916735482     
   2.5000000000000019E-002    7301.729166736123     
   2.5000000000000019E-002    7323.760416736764     
   2.5000000000000019E-002    7345.802083404073     
   2.5000000000000019E-002    7367.833333404714     
   2.5000000000000019E-002    7389.864583405355     
   2.5000000000000019E-002    7411.895833405996     
   2.5000000000000019E-002    7433.927083406637     
   2.5000000000000019E-002    7455.958333407279     
   2.5000000000000019E-002    7477.989583407920     
   2.5000000000000019E-002    7500.010416741894     
   2.5000000000000019E-002    7522.041666742535     
   2.5000000000000019E-002    7544.072916743176     
   2.5500000000000019E-002    120.9791666666868     
   2.5500000000000019E-002    142.0625000000105     
   2.5500000000000019E-002    163.0729166666580     
   2.5500000000000019E-002    184.0104166666390     
   2.5500000000000019E-002    204.8749999999534     
   2.5500000000000019E-002    225.6770833332678     
   2.5500000000000019E-002    246.4166666665822     
   2.5500000000000019E-002    267.0937499999270     
   2.5500000000000019E-002    287.7083333332978     
   2.5500000000000019E-002    308.2604166666686     
   2.5500000000000019E-002    328.7708333333725     
   2.5500000000000019E-002    349.2187500000764     
   2.5500000000000019E-002    369.6250000001135     
   2.5500000000000019E-002    389.9791666668172     
   2.5500000000000019E-002    410.2916666668542     
   2.5500000000000019E-002    430.5625000002244     
   2.5500000000000019E-002    450.7812500002611     
   2.5500000000000019E-002    470.9687500002979     
   2.5500000000000019E-002    491.1145833336678     
   2.5500000000000019E-002    511.2291666670378     
   2.5500000000000019E-002    531.3020833336356     
   2.5500000000000019E-002    551.3437500002293     
   2.5500000000000019E-002    571.3541666668232     
   2.5500000000000019E-002    591.3333333334172     
   2.5500000000000019E-002    611.2708333333446     
   2.5500000000000019E-002    631.1979166666055     
   2.5500000000000019E-002    651.0833333331998     
   2.5500000000000019E-002    670.9479166664609     
   2.5500000000000019E-002    690.7916666663887     
   2.5500000000000019E-002    710.6041666663166     
   2.5500000000000019E-002    730.3958333329113     
   2.5500000000000019E-002    750.1666666661727     
   2.5500000000000019E-002    769.9062499994342     
   2.5500000000000019E-002    789.6354166660291     
   2.5500000000000019E-002    809.3437499992907     
   2.5500000000000019E-002    829.0312499992191     
   2.5500000000000019E-002    848.6979166658142     
   2.5500000000000019E-002    868.3437499990761     
   2.5500000000000019E-002    887.9791666656713     
   2.5500000000000019E-002    907.6041666655999     
   2.5500000000000019E-002    927.1979166655286     
   2.5500000000000019E-002    946.7916666654573     
   2.5500000000000019E-002    966.3541666653862     
   2.5500000000000019E-002    985.9166666653150     
   2.5500000000000019E-002    1005.458333331911     
   2.5500000000000019E-002    1024.989583331850     
   2.5500000000000019E-002    1044.510416665326     
   2.5500000000000019E-002    1064.010416665468     
   2.5500000000000019E-002    1083.510416665609     
   2.5500000000000019E-002    1102.989583332418     
   2.5500000000000019E-002    1122.468749999226     
   2.5500000000000019E-002    1141.927083332701     
   2.5500000000000019E-002    1161.374999999509     
   2.5500000000000019E-002    1180.822916666317     
   2.5500000000000019E-002    1200.249999999792     
   2.5500000000000019E-002    1219.677083333267     
   2.5500000000000019E-002    1239.093750000075     
   2.5500000000000019E-002    1258.500000000216     
   2.5500000000000019E-002    1277.895833333690     
   2.5500000000000019E-002    1297.291666667165     
   2.5500000000000019E-002    1316.677083333973     
   2.5500000000000019E-002    1336.052083334114     
   2.5500000000000019E-002    1355.427083334255     
   2.5500000000000019E-002    1374.781250001062     
   2.5500000000000019E-002    1394.145833334536     
   2.5500000000000019E-002    1413.489583334677     
   2.5500000000000019E-002    1432.833333334818     
   2.5500000000000019E-002    1452.177083334959     
   2.5500000000000019E-002    1471.510416668433     
   2.5500000000000019E-002    1490.833333335240     
   2.5500000000000019E-002    1510.156250002047     
   2.5500000000000019E-002    1529.479166668854     
   2.5500000000000019E-002    1548.791666668995     
   2.5500000000000019E-002    1568.104166669135     
   2.5500000000000019E-002    1587.406250002609     
   2.5500000000000019E-002    1606.708333336083     
   2.5500000000000019E-002    1626.000000002890     
   2.5500000000000019E-002    1645.291666669697     
   2.5500000000000019E-002    1664.583333336504     
   2.5500000000000019E-002    1683.864583336644     
   2.5500000000000019E-002    1703.145833336785     
   2.5500000000000019E-002    1722.416666670258     
   2.5500000000000019E-002    1741.697916670398     
   2.5500000000000019E-002    1760.968750003872     
   2.5500000000000019E-002    1780.229166670679     
   2.5500000000000019E-002    1799.500000004152     
   2.5500000000000019E-002    1818.760416670959     
   2.5500000000000019E-002    1838.020833337766     
   2.5500000000000019E-002    1857.270833337906     
   2.5500000000000019E-002    1876.531250004713     
   2.5500000000000019E-002    1895.781250004853     
   2.5500000000000019E-002    1915.031250004993     
   2.5500000000000019E-002    1934.270833338466     
   2.5500000000000019E-002    1953.520833338606     
   2.5500000000000019E-002    1972.760416672080     
   2.5500000000000019E-002    1992.000000005553     
   2.5500000000000019E-002    2011.239583339026     
   2.5500000000000019E-002    2030.468750005833     
   2.5500000000000019E-002    2049.708333339269     
   2.5500000000000019E-002    2068.937500005656     
   2.5500000000000019E-002    2088.166666672043     
   2.5500000000000019E-002    2107.395833338429     
   2.5500000000000019E-002    2126.625000004816     
   2.5500000000000019E-002    2145.854166671203     
   2.5500000000000019E-002    2165.072916670923     
   2.5500000000000019E-002    2184.302083337310     
   2.5500000000000019E-002    2203.520833337031     
   2.5500000000000019E-002    2222.739583336751     
   2.5500000000000019E-002    2241.958333336471     
   2.5500000000000019E-002    2261.177083336192     
   2.5500000000000019E-002    2280.385416669245     
   2.5500000000000019E-002    2299.604166668966     
   2.5500000000000019E-002    2318.822916668686     
   2.5500000000000019E-002    2338.031250001740     
   2.5500000000000019E-002    2357.239583334794     
   2.5500000000000019E-002    2376.458333334514     
   2.5500000000000019E-002    2395.666666667568     
   2.5500000000000019E-002    2414.875000000622     
   2.5500000000000019E-002    2434.083333333675     
   2.5500000000000019E-002    2453.281250000063     
   2.5500000000000019E-002    2472.489583333117     
   2.5500000000000019E-002    2491.697916666170     
   2.5500000000000019E-002    2510.906249999224     
   2.5500000000000019E-002    2530.104166665612     
   2.5500000000000019E-002    2549.312499998665     
   2.5500000000000019E-002    2568.510416665053     
   2.5500000000000019E-002    2587.708333331440     
   2.5500000000000019E-002    2606.916666664494     
   2.5500000000000019E-002    2626.114583330881     
   2.5500000000000019E-002    2645.312499997268     
   2.5500000000000019E-002    2664.510416663656     
   2.5500000000000019E-002    2683.708333330043     
   2.5500000000000019E-002    2702.906249996430     
   2.5500000000000019E-002    2722.104166662818     
   2.5500000000000019E-002    2741.302083329205     
   2.5500000000000019E-002    2760.499999995592     
   2.5500000000000019E-002    2779.697916661979     
   2.5500000000000019E-002    2798.885416661700     
   2.5500000000000019E-002    2818.083333328088     
   2.5500000000000019E-002    2837.281249994475     
   2.5500000000000019E-002    2856.468749994196     
   2.5500000000000019E-002    2875.666666660583     
   2.5500000000000019E-002    2894.854166660304     
   2.5500000000000019E-002    2914.052083326691     
   2.5500000000000019E-002    2933.239583326412     
   2.5500000000000019E-002    2952.437499992799     
   2.5500000000000019E-002    2971.624999992520     
   2.5500000000000019E-002    2990.822916658907     
   2.5500000000000019E-002    3010.010416658628     
   2.5500000000000019E-002    3029.197916658349     
   2.5500000000000019E-002    3048.395833324736     
   2.5500000000000019E-002    3067.583333324457     
   2.5500000000000019E-002    3086.770833324178     
   2.5500000000000019E-002    3105.958333323898     
   2.5500000000000019E-002    3125.145833323619     
   2.5500000000000019E-002    3144.343749990006     
   2.5500000000000019E-002    3163.531249989727     
   2.5500000000000019E-002    3182.718749989448     
   2.5500000000000019E-002    3201.906249989169     
   2.5500000000000019E-002    3221.093749988890     
   2.5500000000000019E-002    3240.281249988610     
   2.5500000000000019E-002    3259.468749988331     
   2.5500000000000019E-002    3278.656249988052     
   2.5500000000000019E-002    3297.843749987773     
   2.5500000000000019E-002    3317.031249987494     
   2.5500000000000019E-002    3336.218749987214     
   2.5500000000000019E-002    3355.406249986935     
   2.5500000000000019E-002    3374.593749986656     
   2.5500000000000019E-002    3393.781249986377     
   2.5500000000000019E-002    3412.968749986097     
   2.5500000000000019E-002    3432.156249985818     
   2.5500000000000019E-002    3451.343749985539     
   2.5500000000000019E-002    3470.520833318593     
   2.6000000000000020E-002    112.8125000000164     
   2.6000000000000020E-002    131.2812500000203     
   2.6000000000000020E-002    149.6875000000036     
   2.6000000000000020E-002    168.0520833333202     
   2.6000000000000020E-002    186.3749999999702     
   2.6000000000000020E-002    204.6562499999536     
   2.6000000000000020E-002    222.8958333332703     
   2.6000000000000020E-002    241.0937499999204     
   2.6000000000000020E-002    259.2604166665794     
   2.6000000000000020E-002    277.3854166666124     
   2.6000000000000020E-002    295.4791666666453     
   2.6000000000000020E-002    313.5312500000115     
   2.6000000000000020E-002    331.5625000000443     
   2.6000000000000020E-002    349.5520833334103     
   2.6000000000000020E-002    367.5208333334430     
   2.6000000000000020E-002    385.4583333334757     
   2.6000000000000020E-002    403.3750000001749     
   2.6000000000000020E-002    421.2604166668741     
   2.6000000000000020E-002    439.1250000002399     
   2.6000000000000020E-002    456.9583333336057     
   2.6000000000000020E-002    474.7812500003048     
   2.6000000000000020E-002    492.5729166670038     
   2.6000000000000020E-002    510.3437500003695     
   2.6000000000000020E-002    528.0937500003139     
   2.6000000000000020E-002    545.8333333335827     
   2.6000000000000020E-002    563.5416666668516     
   2.6000000000000020E-002    581.2395833334539     
   2.6000000000000020E-002    598.9270833333895     
   2.6000000000000020E-002    616.5833333333253     
   2.6000000000000020E-002    634.2291666665944     
   2.6000000000000020E-002    651.8645833331969     
   2.6000000000000020E-002    669.4791666664662     
   2.6000000000000020E-002    687.0833333330688     
   2.6000000000000020E-002    704.6770833330048     
   2.6000000000000020E-002    722.2604166662742     
   2.6000000000000020E-002    739.8229166662103     
   2.6000000000000020E-002    757.3749999994798     
   2.6000000000000020E-002    774.9166666660826     
   2.6000000000000020E-002    792.4479166660188     
   2.6000000000000020E-002    809.9583333326218     
   2.6000000000000020E-002    827.4687499992248     
   2.6000000000000020E-002    844.9687499991611     
   2.6000000000000020E-002    862.4583333324308     
   2.6000000000000020E-002    879.9374999990339     
   2.6000000000000020E-002    897.4166666656370     
   2.6000000000000020E-002    914.8749999989068     
   2.6000000000000020E-002    932.3333333321766     
   2.6000000000000020E-002    949.7812499987798     
   2.6000000000000020E-002    967.2187499987164     
   2.6000000000000020E-002    984.6458333319863     
   2.6000000000000020E-002    1002.072916665256     
   2.6000000000000020E-002    1019.489583331860     
   2.6000000000000020E-002    1036.906249998604     
   2.6000000000000020E-002    1054.302083332064     
   2.6000000000000020E-002    1071.708333332190     
   2.6000000000000020E-002    1089.093749998983     
   2.6000000000000020E-002    1106.489583332443     
   2.6000000000000020E-002    1123.864583332570     
   2.6000000000000020E-002    1141.239583332696     
   2.6000000000000020E-002    1158.614583332823     
   2.6000000000000020E-002    1175.979166666282     
   2.6000000000000020E-002    1193.343749999742     
   2.6000000000000020E-002    1210.697916666535     
   2.6000000000000020E-002    1228.052083333328     
   2.6000000000000020E-002    1245.406250000121     
   2.6000000000000020E-002    1262.750000000247     
   2.6000000000000020E-002    1280.093750000373     
   2.6000000000000020E-002    1297.427083333833     
   2.6000000000000020E-002    1314.760416667292     
   2.6000000000000020E-002    1332.093750000751     
   2.6000000000000020E-002    1349.416666667544     
   2.6000000000000020E-002    1366.739583334337     
   2.6000000000000020E-002    1384.062500001130     
   2.6000000000000020E-002    1401.375000001256     
   2.6000000000000020E-002    1418.687500001382     
   2.6000000000000020E-002    1436.000000001507     
   2.6000000000000020E-002    1453.312500001633     
   2.6000000000000020E-002    1470.614583335093     
   2.6000000000000020E-002    1487.916666668552     
   2.6000000000000020E-002    1505.218750002011     
   2.6000000000000020E-002    1522.520833335470     
   2.6000000000000020E-002    1539.812500002263     
   2.6000000000000020E-002    1557.104166669055     
   2.6000000000000020E-002    1574.395833335848     
   2.6000000000000020E-002    1591.687500002640     
   2.6000000000000020E-002    1608.979166669433     
   2.6000000000000020E-002    1626.260416669558     
   2.6000000000000020E-002    1643.552083336351     
   2.6000000000000020E-002    1660.833333336477     
   2.6000000000000020E-002    1678.114583336602     
   2.6000000000000020E-002    1695.385416670061     
   2.6000000000000020E-002    1712.666666670187     
   2.6000000000000020E-002    1729.937500003646     
   2.6000000000000020E-002    1747.218750003772     
   2.6000000000000020E-002    1764.489583337231     
   2.6000000000000020E-002    1781.760416670690     
   2.6000000000000020E-002    1799.031250004149     
   2.6000000000000020E-002    1816.302083337608     
   2.6000000000000020E-002    1833.572916671067     
   2.6000000000000020E-002    1850.833333337859     
   2.6000000000000020E-002    1868.104166671318     
   2.6000000000000020E-002    1885.364583338110     
   2.6000000000000020E-002    1902.625000004903     
   2.6000000000000020E-002    1919.885416671695     
   2.6000000000000020E-002    1937.145833338487     
   2.6000000000000020E-002    1954.406250005279     
   2.6000000000000020E-002    1971.666666672072     
   2.6000000000000020E-002    1988.927083338864     
   2.6000000000000020E-002    2006.187500005656     
   2.6000000000000020E-002    2023.437500005782     
   2.6000000000000020E-002    2040.697916672574     
   2.6000000000000020E-002    2057.947916672482     
   2.6000000000000020E-002    2075.208333338898     
   2.6000000000000020E-002    2092.458333338647     
   2.6000000000000020E-002    2109.708333338396     
   2.6000000000000020E-002    2126.968750004811     
   2.6000000000000020E-002    2144.218750004560     
   2.6000000000000020E-002    2161.468750004309     
   2.6000000000000020E-002    2178.718750004058     
   2.6000000000000020E-002    2195.968750003807     
   2.6000000000000020E-002    2213.218750003556     
   2.6000000000000020E-002    2230.468750003305     
   2.6000000000000020E-002    2247.718750003054     
   2.6000000000000020E-002    2264.958333336137     
   2.6000000000000020E-002    2282.208333335886     
   2.6000000000000020E-002    2299.458333335635     
   2.6000000000000020E-002    2316.697916668717     
   2.6000000000000020E-002    2333.947916668466     
   2.6000000000000020E-002    2351.187500001548     
   2.6000000000000020E-002    2368.437500001297     
   2.6000000000000020E-002    2385.677083334380     
   2.6000000000000020E-002    2402.927083334129     
   2.6000000000000020E-002    2420.166666667211     
   2.6000000000000020E-002    2437.416666666960     
   2.6000000000000020E-002    2454.656250000043     
   2.6000000000000020E-002    2471.895833333125     
   2.6000000000000020E-002    2489.135416666208     
   2.6000000000000020E-002    2506.385416665957     
   2.6000000000000020E-002    2523.624999999039     
   2.6000000000000020E-002    2540.864583332122     
   2.6000000000000020E-002    2558.104166665204     
   2.6000000000000020E-002    2575.343749998287     
   2.6000000000000020E-002    2592.583333331369     
   2.6000000000000020E-002    2609.833333331118     
   2.6000000000000020E-002    2627.072916664200     
   2.6000000000000020E-002    2644.312499997283     
   2.6000000000000020E-002    2661.552083330365     
   2.6000000000000020E-002    2678.791666663448     
   2.6000000000000020E-002    2696.031249996530     
   2.6000000000000020E-002    2713.270833329613     
   2.6000000000000020E-002    2730.499999996029     
   2.6000000000000020E-002    2747.739583329111     
   2.6000000000000020E-002    2764.979166662194     
   2.6000000000000020E-002    2782.218749995276     
   2.6000000000000020E-002    2799.458333328359     
   2.6000000000000020E-002    2816.697916661441     
   2.6000000000000020E-002    2833.937499994523     
   2.6000000000000020E-002    2851.166666660939     
   2.6000000000000020E-002    2868.406249994022     
   2.6000000000000020E-002    2885.645833327104     
   2.6000000000000020E-002    2902.885416660187     
   2.6000000000000020E-002    2920.124999993269     
   2.6000000000000020E-002    2937.354166659685     
   2.6000000000000020E-002    2954.593749992768     
   2.6000000000000020E-002    2971.833333325850     
   2.6000000000000020E-002    2989.072916658933     
   2.6000000000000020E-002    3006.302083325349     
   2.6000000000000020E-002    3023.541666658431     
   2.6000000000000020E-002    3040.781249991514     
   2.6000000000000020E-002    3058.010416657929     
   2.6500000000000020E-002    104.1562500000124     
   2.6500000000000020E-002    120.8020833333533     
   2.6500000000000020E-002    137.4062500000147     
   2.6500000000000020E-002    153.9791666666663     
   2.6500000000000020E-002    170.5312499999846     
   2.6500000000000020E-002    187.0416666666362     
   2.6500000000000020E-002    203.5312499999546     
   2.6500000000000020E-002    219.9895833332729     
   2.6500000000000020E-002    236.4270833332580     
   2.6500000000000020E-002    252.8333333332431     
   2.6500000000000020E-002    269.2187499999309     
   2.6500000000000020E-002    285.5833333332940     
   2.6500000000000020E-002    301.9270833333237     
   2.6500000000000020E-002    318.2500000000201     
   2.6500000000000020E-002    334.5416666667164     
   2.6500000000000020E-002    350.8229166667460     
   2.6500000000000020E-002    367.0833333334422     
   2.6500000000000020E-002    383.3333333334718     
   2.6500000000000020E-002    399.5520833335013     
   2.6500000000000020E-002    415.7604166668641     
   2.6500000000000020E-002    431.9583333335602     
   2.6500000000000020E-002    448.1354166669230     
   2.6500000000000020E-002    464.3020833336191     
   2.6500000000000020E-002    480.4479166669818     
   2.6500000000000020E-002    496.5833333336778     
   2.6500000000000020E-002    512.7083333337032     
   2.6500000000000020E-002    528.8229166669779     
   2.6500000000000020E-002    544.9166666669194     
   2.6500000000000020E-002    561.0000000001942     
   2.6500000000000020E-002    577.0833333334690     
   2.6500000000000020E-002    593.1458333334106     
   2.6500000000000020E-002    609.1979166666855     
   2.6500000000000020E-002    625.2499999999604     
   2.6500000000000020E-002    641.2812499999021     
   2.6500000000000020E-002    657.3124999998438     
   2.6500000000000020E-002    673.3229166664522     
   2.6500000000000020E-002    689.3333333330606     
   2.6500000000000020E-002    705.3333333330024     
   2.6500000000000020E-002    721.3333333329442     
   2.6500000000000020E-002    737.3124999995528     
   2.6500000000000020E-002    753.2916666661613     
   2.6500000000000020E-002    769.2604166661032     
   2.6500000000000020E-002    785.2291666660451     
   2.6500000000000020E-002    801.1874999993204     
   2.6500000000000020E-002    817.1354166659290     
   2.6500000000000020E-002    833.0833333325377     
   2.6500000000000020E-002    849.0208333324797     
   2.6500000000000020E-002    864.9583333324217     
   2.6500000000000020E-002    880.8854166656971     
   2.6500000000000020E-002    896.8124999989725     
   2.6500000000000020E-002    912.7291666655813     
   2.6500000000000020E-002    928.6458333321900     
   2.6500000000000020E-002    944.5520833321322     
   2.6500000000000020E-002    960.4583333320743     
   2.6500000000000020E-002    976.3541666653498     
   2.6500000000000020E-002    992.2499999986253     
   2.6500000000000020E-002    1008.145833331901     
   2.6500000000000020E-002    1024.031249998510     
   2.6500000000000020E-002    1039.916666665292     
   2.6500000000000020E-002    1055.802083332075     
   2.6500000000000020E-002    1071.677083332190     
   2.6500000000000020E-002    1087.552083332306     
   2.6500000000000020E-002    1103.427083332421     
   2.6500000000000020E-002    1119.291666665870     
   2.6500000000000020E-002    1135.156249999319     
   2.6500000000000020E-002    1151.020833332767     
   2.6500000000000020E-002    1166.874999999549     
   2.6500000000000020E-002    1182.739583332998     
   2.6500000000000020E-002    1198.593749999780     
   2.6500000000000020E-002    1214.437499999895     
   2.6500000000000020E-002    1230.291666666677     
   2.6500000000000020E-002    1246.135416666793     
   2.6500000000000020E-002    1261.979166666908     
   2.6500000000000020E-002    1277.822916667023     
   2.6500000000000020E-002    1293.666666667139     
   2.6500000000000020E-002    1309.500000000587     
   2.6500000000000020E-002    1325.333333334036     
   2.6500000000000020E-002    1341.177083334151     
   2.6500000000000020E-002    1357.000000000933     
   2.6500000000000020E-002    1372.833333334381     
   2.6500000000000020E-002    1388.666666667830     
   2.6500000000000020E-002    1404.489583334612     
   2.6500000000000020E-002    1420.322916668060     
   2.6500000000000020E-002    1436.145833334842     
   2.6500000000000020E-002    1451.968750001624     
   2.6500000000000020E-002    1467.791666668405     
   2.6500000000000020E-002    1483.604166668521     
   2.6500000000000020E-002    1499.427083335302     
   2.6500000000000020E-002    1515.239583335417     
   2.6500000000000020E-002    1531.062500002199     
   2.6500000000000020E-002    1546.875000002314     
   2.6500000000000020E-002    1562.687500002429     
   2.6500000000000020E-002    1578.500000002544     
   2.6500000000000020E-002    1594.312500002659     
   2.6500000000000020E-002    1610.125000002774     
   2.6500000000000020E-002    1625.937500002889     
   2.6500000000000020E-002    1641.739583336338     
   2.6500000000000020E-002    1657.552083336453     
   2.6500000000000020E-002    1673.354166669901     
   2.6500000000000020E-002    1689.166666670016     
   2.6500000000000020E-002    1704.968750003464     
   2.6500000000000020E-002    1720.770833336913     
   2.6500000000000020E-002    1736.583333337028     
   2.6500000000000020E-002    1752.385416670476     
   2.6500000000000020E-002    1768.187500003924     
   2.6500000000000020E-002    1783.989583337373     
   2.6500000000000020E-002    1799.781250004154     
   2.6500000000000020E-002    1815.583333337603     
   2.6500000000000020E-002    1831.385416671051     
   2.6500000000000020E-002    1847.187500004499     
   2.6500000000000020E-002    1862.979166671281     
   2.6500000000000020E-002    1878.781250004729     
   2.6500000000000020E-002    1894.583333338177     
   2.6500000000000020E-002    1910.375000004959     
   2.6500000000000020E-002    1926.177083338407     
   2.6500000000000020E-002    1941.968750005189     
   2.6500000000000020E-002    1957.760416671970     
   2.6500000000000020E-002    1973.562500005419     
   2.6500000000000020E-002    1989.354166672200     
   2.6500000000000020E-002    2005.145833338982     
   2.6500000000000020E-002    2020.937500005763     
   2.6500000000000020E-002    2036.729166672545     
   2.6500000000000020E-002    2052.531250005894     
   2.6500000000000020E-002    2068.322916672331     
   2.6500000000000020E-002    2084.114583338768     
   2.6500000000000020E-002    2099.906250005205     
   2.6500000000000020E-002    2115.697916671642     
   2.6500000000000020E-002    2131.489583338079     
   2.6500000000000020E-002    2147.281250004516     
   2.6500000000000020E-002    2163.062500004286     
   2.6500000000000020E-002    2178.854166670723     
   2.6500000000000020E-002    2194.645833337160     
   2.6500000000000020E-002    2210.437500003597     
   2.6500000000000020E-002    2226.229166670033     
   2.6500000000000020E-002    2242.020833336470     
   2.6500000000000020E-002    2257.802083336241     
   2.6500000000000020E-002    2273.593750002678     
   2.6500000000000020E-002    2289.385416669114     
   2.6500000000000020E-002    2305.166666668885     
   2.6500000000000020E-002    2320.958333335322     
   2.6500000000000020E-002    2336.750000001759     
   2.6500000000000020E-002    2352.531250001529     
   2.6500000000000020E-002    2368.322916667966     
   2.6500000000000020E-002    2384.104166667736     
   2.6500000000000020E-002    2399.895833334173     
   2.6500000000000020E-002    2415.687500000610     
   2.6500000000000020E-002    2431.468750000380     
   2.6500000000000020E-002    2447.260416666817     
   2.6500000000000020E-002    2463.041666666587     
   2.6500000000000020E-002    2478.833333333024     
   2.6500000000000020E-002    2494.614583332795     
   2.6500000000000020E-002    2510.406249999231     
   2.6500000000000020E-002    2526.187499999002     
   2.6500000000000020E-002    2541.968749998772     
   2.6500000000000020E-002    2557.760416665209     
   2.6500000000000020E-002    2573.541666664979     
   2.6500000000000020E-002    2589.333333331416     
   2.6500000000000020E-002    2605.114583331187     
   2.6500000000000020E-002    2620.895833330957     
   2.6500000000000020E-002    2636.687499997394     
   2.6500000000000020E-002    2652.468749997164     
   2.6500000000000020E-002    2668.249999996935     
   2.6500000000000020E-002    2684.041666663371     
   2.6500000000000020E-002    2699.822916663142     
   2.6500000000000020E-002    2715.604166662912     
   2.6500000000000020E-002    2731.395833329349     
   2.6500000000000020E-002    2747.177083329119     
   2.7000000000000021E-002    111.9687500000160     
   2.7000000000000021E-002    127.1979166666896     
   2.7000000000000021E-002    142.4166666666768     
   2.7000000000000021E-002    157.6041666666630     
   2.7000000000000021E-002    172.7812499999825     
   2.7000000000000021E-002    187.9270833333021     
   2.7000000000000021E-002    203.0624999999550     
   2.7000000000000021E-002    218.1770833332746     
   2.7000000000000021E-002    233.2812499999275     
   2.7000000000000021E-002    248.3541666665805     
   2.7000000000000021E-002    263.4166666665870     
   2.7000000000000021E-002    278.4687499999477     
   2.7000000000000021E-002    293.4999999999750     
   2.7000000000000021E-002    308.5208333333357     
   2.7000000000000021E-002    323.5208333333630     
   2.7000000000000021E-002    338.5104166667236     
   2.7000000000000021E-002    353.4895833334175     
   2.7000000000000021E-002    368.4583333334447     
   2.7000000000000021E-002    383.4062500001386     
   2.7000000000000021E-002    398.3541666668324     
   2.7000000000000021E-002    413.2812500001929     
   2.7000000000000021E-002    428.1979166668867     
   2.7000000000000021E-002    443.1145833335805     
   2.7000000000000021E-002    458.0104166669410     
   2.7000000000000021E-002    472.9062500003014     
   2.7000000000000021E-002    487.7812500003284     
   2.7000000000000021E-002    502.6562500003555     
   2.7000000000000021E-002    517.5208333336857     
   2.7000000000000021E-002    532.3854166669649     
   2.7000000000000021E-002    547.2291666669109     
   2.7000000000000021E-002    562.0729166668569     
   2.7000000000000021E-002    576.9062500001363     
   2.7000000000000021E-002    591.7395833334157     
   2.7000000000000021E-002    606.5625000000284     
   2.7000000000000021E-002    621.3749999999745     
   2.7000000000000021E-002    636.1874999999206     
   2.7000000000000021E-002    650.9895833332001     
   2.7000000000000021E-002    665.7812499998130     
   2.7000000000000021E-002    680.5729166664258     
   2.7000000000000021E-002    695.3645833330387     
   2.7000000000000021E-002    710.1458333329849     
   2.7000000000000021E-002    724.9166666662645     
   2.7000000000000021E-002    739.6874999995441     
   2.7000000000000021E-002    754.4583333328237     
   2.7000000000000021E-002    769.2187499994367     
   2.7000000000000021E-002    783.9791666660497     
   2.7000000000000021E-002    798.7395833326626     
   2.7000000000000021E-002    813.4895833326090     
   2.7000000000000021E-002    828.2291666658887     
   2.7000000000000021E-002    842.9791666658350     
   2.7000000000000021E-002    857.7187499991147     
   2.7000000000000021E-002    872.4583333323944     
   2.7000000000000021E-002    887.1874999990075     
   2.7000000000000021E-002    901.9166666656206     
   2.7000000000000021E-002    916.6458333322337     
   2.7000000000000021E-002    931.3645833321801     
   2.7000000000000021E-002    946.0937499987932     
   2.7000000000000021E-002    960.8124999987397     
   2.7000000000000021E-002    975.5208333320195     
   2.7000000000000021E-002    990.2395833319659     
   2.7000000000000021E-002    1004.947916665246     
   2.7000000000000021E-002    1019.656249998526     
   2.7000000000000021E-002    1034.364583331919     
   2.7000000000000021E-002    1049.072916665359     
   2.7000000000000021E-002    1063.770833332132     
   2.7000000000000021E-002    1078.468749998906     
   2.7000000000000021E-002    1093.166666665680     
   2.7000000000000021E-002    1107.864583332453     
   2.7000000000000021E-002    1122.562499999227     
   2.7000000000000021E-002    1137.249999999334     
   2.7000000000000021E-002    1151.937499999441     
   2.7000000000000021E-002    1166.635416666214     
   2.7000000000000021E-002    1181.322916666321     
   2.7000000000000021E-002    1195.999999999761     
   2.7000000000000021E-002    1210.687499999868     
   2.7000000000000021E-002    1225.374999999975     
   2.7000000000000021E-002    1240.052083333415     
   2.7000000000000021E-002    1254.739583333522     
   2.7000000000000021E-002    1269.416666666962     
   2.7000000000000021E-002    1284.093750000402     
   2.7000000000000021E-002    1298.770833333842     
   2.7000000000000021E-002    1313.447916667282     
   2.7000000000000021E-002    1328.114583334056     
   2.7000000000000021E-002    1342.791666667496     
   2.7000000000000021E-002    1357.468750000936     
   2.7000000000000021E-002    1372.135416667709     
   2.7000000000000021E-002    1386.802083334483     
   2.7000000000000021E-002    1401.479166667923     
   2.7000000000000021E-002    1416.145833334696     
   2.7000000000000021E-002    1430.812500001470     
   2.7000000000000021E-002    1445.479166668243     
   2.7000000000000021E-002    1460.145833335017     
   2.7000000000000021E-002    1474.812500001790     
   2.7000000000000021E-002    1489.468750001897     
   2.7000000000000021E-002    1504.135416668670     
   2.7000000000000021E-002    1518.802083335443     
   2.7000000000000021E-002    1533.458333335550     
   2.7000000000000021E-002    1548.125000002323     
   2.7000000000000021E-002    1562.781250002430     
   2.7000000000000021E-002    1577.447916669203     
   2.7000000000000021E-002    1592.104166669310     
   2.7000000000000021E-002    1606.760416669417     
   2.7000000000000021E-002    1621.427083336190     
   2.7000000000000021E-002    1636.083333336297     
   2.7000000000000021E-002    1650.739583336403     
   2.7000000000000021E-002    1665.395833336510     
   2.7000000000000021E-002    1680.052083336617     
   2.7000000000000021E-002    1694.708333336723     
   2.7000000000000021E-002    1709.364583336830     
   2.7000000000000021E-002    1724.020833336936     
   2.7000000000000021E-002    1738.677083337043     
   2.7000000000000021E-002    1753.322916670483     
   2.7000000000000021E-002    1767.979166670590     
   2.7000000000000021E-002    1782.635416670696     
   2.7000000000000021E-002    1797.291666670803     
   2.7000000000000021E-002    1811.937500004243     
   2.7000000000000021E-002    1826.593750004349     
   2.7000000000000021E-002    1841.250000004456     
   2.7000000000000021E-002    1855.895833337896     
   2.7000000000000021E-002    1870.552083338003     
   2.7000000000000021E-002    1885.197916671442     
   2.7000000000000021E-002    1899.854166671549     
   2.7000000000000021E-002    1914.500000004989     
   2.7000000000000021E-002    1929.156250005096     
   2.7000000000000021E-002    1943.802083338536     
   2.7000000000000021E-002    1958.458333338642     
   2.7000000000000021E-002    1973.104166672082     
   2.7000000000000021E-002    1987.750000005522     
   2.7000000000000021E-002    2002.406250005629     
   2.7000000000000021E-002    2017.052083339069     
   2.7000000000000021E-002    2031.697916672508     
   2.7000000000000021E-002    2046.343750005948     
   2.7000000000000021E-002    2061.000000005771     
   2.7000000000000021E-002    2075.645833338891     
   2.7000000000000021E-002    2090.291666672012     
   2.7000000000000021E-002    2104.937500005132     
   2.7000000000000021E-002    2119.583333338252     
   2.7000000000000021E-002    2134.239583338039     
   2.7000000000000021E-002    2148.885416671159     
   2.7000000000000021E-002    2163.531250004279     
   2.7000000000000021E-002    2178.177083337399     
   2.7000000000000021E-002    2192.822916670520     
   2.7000000000000021E-002    2207.468750003640     
   2.7000000000000021E-002    2222.114583336760     
   2.7000000000000021E-002    2236.760416669880     
   2.7000000000000021E-002    2251.406250003000     
   2.7000000000000021E-002    2266.062500002787     
   2.7000000000000021E-002    2280.708333335907     
   2.7000000000000021E-002    2295.354166669028     
   2.7000000000000021E-002    2310.000000002148     
   2.7000000000000021E-002    2324.645833335268     
   2.7000000000000021E-002    2339.291666668388     
   2.7000000000000021E-002    2353.937500001508     
   2.7000000000000021E-002    2368.583333334629     
   2.7000000000000021E-002    2383.218750001082     
   2.7000000000000021E-002    2397.864583334203     
   2.7000000000000021E-002    2412.510416667323     
   2.7000000000000021E-002    2427.156250000443     
   2.7000000000000021E-002    2441.802083333563     
   2.7000000000000021E-002    2456.447916666683     
   2.7000000000000021E-002    2471.093749999804     
   2.7000000000000021E-002    2485.739583332924     
   2.7000000000000021E-002    2500.385416666044     
   2.7000000000000021E-002    2515.031249999164     
   2.7000000000000021E-002    2529.677083332284     
   2.7000000000000021E-002    2544.322916665405     
   2.7500000000000021E-002    166.4062499999883     
   2.7500000000000021E-002    180.4166666666423     
   2.7500000000000021E-002    194.4270833332962     
   2.7500000000000021E-002    208.4374999999501     
   2.7500000000000021E-002    222.4374999999374     
   2.7500000000000021E-002    236.4374999999247     
   2.7500000000000021E-002    250.4166666665786     
   2.7500000000000021E-002    264.3958333332554     
   2.7500000000000021E-002    278.3749999999475     
   2.7500000000000021E-002    292.3333333333063     
   2.7500000000000021E-002    306.2916666666650     
   2.7500000000000021E-002    320.2395833333570     
   2.7500000000000021E-002    334.1770833333824     
   2.7500000000000021E-002    348.1145833334077     
   2.7500000000000021E-002    362.0416666667664     
   2.7500000000000021E-002    375.9583333334584     
   2.7500000000000021E-002    389.8750000001504     
   2.7500000000000021E-002    403.7708333335090     
   2.7500000000000021E-002    417.6770833335343     
   2.7500000000000021E-002    431.5625000002262     
   2.7500000000000021E-002    445.4479166669181     
   2.7500000000000021E-002    459.3333333336100     
   2.7500000000000021E-002    473.2083333336353     
   2.7500000000000021E-002    487.0729166669938     
   2.7500000000000021E-002    500.9375000003524     
   2.7500000000000021E-002    514.8020833336956     
   2.7500000000000021E-002    528.6562500003118     
   2.7500000000000021E-002    542.5000000002615     
   2.7500000000000021E-002    556.3437500002111     
   2.7500000000000021E-002    570.1875000001608     
   2.7500000000000021E-002    584.0208333334438     
   2.7500000000000021E-002    597.8541666667268     
   2.7500000000000021E-002    611.6770833333431     
   2.7500000000000021E-002    625.4999999999595     
   2.7500000000000021E-002    639.3229166665759     
   2.7500000000000021E-002    653.1354166665257     
   2.7500000000000021E-002    666.9479166664754     
   2.7500000000000021E-002    680.7604166664252     
   2.7500000000000021E-002    694.5624999997083     
   2.7500000000000021E-002    708.3645833329914     
   2.7500000000000021E-002    722.1666666662745     
   2.7500000000000021E-002    735.9583333328910     
   2.7500000000000021E-002    749.7499999995075     
   2.7500000000000021E-002    763.5416666661240     
   2.7500000000000021E-002    777.3333333327405     
   2.7500000000000021E-002    791.1145833326904     
   2.7500000000000021E-002    804.8958333326402     
   2.7500000000000021E-002    818.6770833325901     
   2.7500000000000021E-002    832.4583333325400     
   2.7500000000000021E-002    846.2395833324898     
   2.7500000000000021E-002    860.0104166657731     
   2.7500000000000021E-002    873.7812499990563     
   2.7500000000000021E-002    887.5520833323395     
   2.7500000000000021E-002    901.3229166656228     
   2.7500000000000021E-002    915.0833333322394     
   2.7500000000000021E-002    928.8541666655226     
   2.7500000000000021E-002    942.6145833321392     
   2.7500000000000021E-002    956.3749999987558     
   2.7500000000000021E-002    970.1354166653724     
   2.7500000000000021E-002    983.8958333319890     
   2.7500000000000021E-002    997.6458333319390     
   2.7500000000000021E-002    1011.406249998556     
   2.7500000000000021E-002    1025.156249998518     
   2.7500000000000021E-002    1038.916666665285     
   2.7500000000000021E-002    1052.666666665385     
   2.7500000000000021E-002    1066.416666665485     
   2.7500000000000021E-002    1080.166666665585     
   2.7500000000000021E-002    1093.906249999018     
   2.7500000000000021E-002    1107.656249999118     
   2.7500000000000021E-002    1121.395833332552     
   2.7500000000000021E-002    1135.145833332652     
   2.7500000000000021E-002    1148.885416666085     
   2.7500000000000021E-002    1162.635416666185     
   2.7500000000000021E-002    1176.374999999618     
   2.7500000000000021E-002    1190.114583333052     
   2.7500000000000021E-002    1203.854166666485     
   2.7500000000000021E-002    1217.593749999918     
   2.7500000000000021E-002    1231.322916666685     
   2.7500000000000021E-002    1245.062500000118     
   2.7500000000000021E-002    1258.802083333552     
   2.7500000000000021E-002    1272.541666666985     
   2.7500000000000021E-002    1286.270833333751     
   2.7500000000000021E-002    1300.010416667185     
   2.7500000000000021E-002    1313.739583333951     
   2.7500000000000021E-002    1327.468750000718     
   2.7500000000000021E-002    1341.208333334151     
   2.7500000000000021E-002    1354.937500000918     
   2.7500000000000021E-002    1368.666666667684     
   2.7500000000000021E-002    1382.395833334451     
   2.7500000000000021E-002    1396.125000001217     
   2.7500000000000021E-002    1409.854166667984     
   2.7500000000000021E-002    1423.583333334750     
   2.7500000000000021E-002    1437.312500001517     
   2.7500000000000021E-002    1451.041666668284     
   2.7500000000000021E-002    1464.770833335050     
   2.7500000000000021E-002    1478.489583335150     
   2.7500000000000021E-002    1492.218750001917     
   2.7500000000000021E-002    1505.947916668683     
   2.7500000000000021E-002    1519.677083335450     
   2.7500000000000021E-002    1533.395833335549     
   2.7500000000000021E-002    1547.125000002316     
   2.7500000000000021E-002    1560.843750002416     
   2.7500000000000021E-002    1574.572916669182     
   2.7500000000000021E-002    1588.291666669282     
   2.7500000000000021E-002    1602.020833336049     
   2.7500000000000021E-002    1615.739583336149     
   2.7500000000000021E-002    1629.468750002915     
   2.7500000000000021E-002    1643.187500003015     
   2.7500000000000021E-002    1656.906250003115     
   2.7500000000000021E-002    1670.635416669881     
   2.7500000000000021E-002    1684.354166669981     
   2.7500000000000021E-002    1698.072916670081     
   2.7500000000000021E-002    1711.802083336848     
   2.7500000000000021E-002    1725.520833336947     
   2.7500000000000021E-002    1739.239583337047     
   2.7500000000000021E-002    1752.958333337147     
   2.7500000000000021E-002    1766.677083337247     
   2.7500000000000021E-002    1780.395833337347     
   2.7500000000000021E-002    1794.125000004113     
   2.7500000000000021E-002    1807.843750004213     
   2.7500000000000021E-002    1821.562500004313     
   2.7500000000000021E-002    1835.281250004413     
   2.7500000000000021E-002    1849.000000004512     
   2.7500000000000021E-002    1862.718750004612     
   2.7500000000000021E-002    1876.437500004712     
   2.7500000000000021E-002    1890.156250004812     
   2.7500000000000021E-002    1903.875000004912     
   2.7500000000000021E-002    1917.593750005012     
   2.7500000000000021E-002    1931.312500005111     
   2.7500000000000021E-002    1945.031250005211     
   2.7500000000000021E-002    1958.750000005311     
   2.7500000000000021E-002    1972.458333338744     
   2.7500000000000021E-002    1986.177083338844     
   2.7500000000000021E-002    1999.895833338944     
   2.7500000000000021E-002    2013.614583339044     
   2.7500000000000021E-002    2027.333333339143     
   2.7500000000000021E-002    2041.052083339243     
   2.7500000000000021E-002    2054.770833339195     
   2.7500000000000021E-002    2068.489583338996     
   2.7500000000000021E-002    2082.197916672129     
   2.7500000000000021E-002    2095.916666671930     
   2.7500000000000021E-002    2109.635416671730     
   2.7500000000000021E-002    2123.354166671530     
   2.7500000000000021E-002    2137.072916671331     
   2.7500000000000021E-002    2150.781250004465     
   2.7500000000000021E-002    2164.500000004265     
   2.7500000000000021E-002    2178.218750004065     
   2.7500000000000021E-002    2191.937500003866     
   2.7500000000000021E-002    2205.645833337000     
   2.7500000000000021E-002    2219.364583336800     
   2.7500000000000021E-002    2233.083333336600     
   2.7500000000000021E-002    2246.802083336401     
   2.7500000000000021E-002    2260.510416669535     
   2.7500000000000021E-002    2274.229166669335     
   2.7500000000000021E-002    2287.947916669135     
   2.7500000000000021E-002    2301.666666668936     
   2.7500000000000021E-002    2315.375000002070     
   2.7500000000000021E-002    2329.093750001870     
   2.7500000000000021E-002    2342.812500001670     
   2.8000000000000021E-002    438.8750000002395     
   2.8000000000000021E-002    451.8541666669298     
   2.8000000000000021E-002    464.8437500002867     
   2.8000000000000021E-002    477.8333333336437     
   2.8000000000000021E-002    490.8333333336673     
   2.8000000000000021E-002    503.8333333336910     
   2.8000000000000021E-002    516.8229166670216     
   2.8000000000000021E-002    529.8229166669743     
   2.8000000000000021E-002    542.8229166669270     
   2.8000000000000021E-002    555.8229166668797     
   2.8000000000000021E-002    568.8125000001658     
   2.8000000000000021E-002    581.8125000001185     
   2.8000000000000021E-002    594.8020833334045     
   2.8000000000000021E-002    607.8020833333572     
   2.8000000000000021E-002    620.7916666666433     
   2.8000000000000021E-002    633.7812499999294     
   2.8000000000000021E-002    646.7708333332155     
   2.8000000000000021E-002    659.7604166665016     
   2.8000000000000021E-002    672.7395833331210     
   2.8000000000000021E-002    685.7291666664071     
   2.8000000000000021E-002    698.7083333330265     
   2.8000000000000021E-002    711.6979166663126     
   2.8000000000000021E-002    724.6770833329321     
   2.8000000000000021E-002    737.6562499995515     
   2.8000000000000021E-002    750.6354166661710     
   2.8000000000000021E-002    763.6041666661238     
   2.8000000000000021E-002    776.5833333327432     
   2.8000000000000021E-002    789.5520833326960     
   2.8000000000000021E-002    802.5312499993155     
   2.8000000000000021E-002    815.4999999992683     
   2.8000000000000021E-002    828.4687499992211     
   2.8000000000000021E-002    841.4374999991740     
   2.8000000000000021E-002    854.4062499991268     
   2.8000000000000021E-002    867.3749999990796     
   2.8000000000000021E-002    880.3437499990324     
   2.8000000000000021E-002    893.3124999989852     
   2.8000000000000021E-002    906.2708333322714     
   2.8000000000000021E-002    919.2395833322242     
   2.8000000000000021E-002    932.1979166655104     
   2.8000000000000021E-002    945.1562499987966     
   2.8000000000000021E-002    958.1249999987494     
   2.8000000000000021E-002    971.0833333320356     
   2.8000000000000021E-002    984.0416666653218     
   2.8000000000000021E-002    996.9999999986080     
   2.8000000000000021E-002    1009.958333331894     
   2.8000000000000021E-002    1022.916666665180     
   2.8000000000000021E-002    1035.864583331929     
   2.8000000000000021E-002    1048.822916665357     
   2.8000000000000021E-002    1061.781249998785     
   2.8000000000000021E-002    1074.729166665546     
   2.8000000000000021E-002    1087.687499998973     
   2.8000000000000021E-002    1100.635416665734     
   2.8000000000000021E-002    1113.593749999162     
   2.8000000000000021E-002    1126.541666665923     
   2.8000000000000021E-002    1139.499999999350     
   2.8000000000000021E-002    1152.447916666111     
   2.8000000000000021E-002    1165.395833332872     
   2.8000000000000021E-002    1178.343749999633     
   2.8000000000000021E-002    1191.291666666394     
   2.8000000000000021E-002    1204.239583333155     
   2.8000000000000021E-002    1217.187499999915     
   2.8000000000000021E-002    1230.135416666676     
   2.8000000000000021E-002    1243.083333333437     
   2.8000000000000021E-002    1256.031250000198     
   2.8000000000000021E-002    1268.979166666959     
   2.8000000000000021E-002    1281.927083333720     
   2.8000000000000021E-002    1294.875000000481     
   2.8000000000000021E-002    1307.822916667242     
   2.8000000000000021E-002    1320.760416667336     
   2.8000000000000021E-002    1333.708333334097     
   2.8000000000000021E-002    1346.656250000857     
   2.8000000000000021E-002    1359.593750000952     
   2.8000000000000021E-002    1372.541666667712     
   2.8000000000000021E-002    1385.489583334473     
   2.8000000000000021E-002    1398.427083334567     
   2.8000000000000021E-002    1411.375000001328     
   2.8000000000000021E-002    1424.312500001422     
   2.8000000000000021E-002    1437.260416668183     
   2.8000000000000021E-002    1450.197916668277     
   2.8000000000000021E-002    1463.145833335038     
   2.8000000000000021E-002    1476.083333335132     
   2.8000000000000021E-002    1489.020833335227     
   2.8000000000000021E-002    1501.968750001987     
   2.8000000000000021E-002    1514.906250002082     
   2.8000000000000021E-002    1527.854166668842     
   2.8000000000000021E-002    1540.791666668937     
   2.8000000000000021E-002    1553.729166669031     
   2.8000000000000021E-002    1566.677083335792     
   2.8000000000000021E-002    1579.614583335886     
   2.8000000000000021E-002    1592.552083335980     
   2.8000000000000021E-002    1605.489583336074     
   2.8000000000000021E-002    1618.437500002835     
   2.8000000000000021E-002    1631.375000002929     
   2.8000000000000021E-002    1644.312500003023     
   2.8000000000000021E-002    1657.250000003117     
   2.8000000000000021E-002    1670.187500003211     
   2.8000000000000021E-002    1683.125000003306     
   2.8000000000000021E-002    1696.072916670066     
   2.8000000000000021E-002    1709.010416670161     
   2.8000000000000021E-002    1721.947916670255     
   2.8000000000000021E-002    1734.885416670349     
   2.8000000000000021E-002    1747.822916670443     
   2.8000000000000021E-002    1760.760416670537     
   2.8000000000000021E-002    1773.697916670631     
   2.8000000000000021E-002    1786.635416670725     
   2.8000000000000021E-002    1799.572916670819     
   2.8000000000000021E-002    1812.510416670914     
   2.8000000000000021E-002    1825.447916671008     
   2.8000000000000021E-002    1838.385416671102     
   2.8000000000000021E-002    1851.333333337863     
   2.8000000000000021E-002    1864.270833337957     
   2.8000000000000021E-002    1877.208333338051     
   2.8000000000000021E-002    1890.145833338145     
   2.8000000000000021E-002    1903.083333338239     
   2.8000000000000021E-002    1916.020833338333     
   2.8000000000000021E-002    1928.947916671761     
   2.8000000000000021E-002    1941.885416671855     
   2.8000000000000021E-002    1954.822916671949     
   2.8000000000000021E-002    1967.760416672043     
   2.8000000000000021E-002    1980.697916672137     
   2.8000000000000021E-002    1993.635416672231     
   2.8000000000000021E-002    2006.572916672326     
   2.8000000000000021E-002    2019.510416672420     
   2.8000000000000021E-002    2032.447916672514     
   2.8000000000000021E-002    2045.385416672608     
   2.8000000000000021E-002    2058.322916672477     
   2.8000000000000021E-002    2071.260416672289     
   2.8000000000000021E-002    2084.197916672100     
   2.8000000000000021E-002    2097.135416671912     
   2.8000000000000021E-002    2110.072916671724     
   2.8000000000000021E-002    2123.010416671535     
   2.8000000000000021E-002    2135.937500004681     
   2.8000000000000021E-002    2148.875000004492     
   2.8000000000000021E-002    2161.812500004304     
   2.8000000000000021E-002    2174.750000004116     
   2.8000000000000021E-002    2187.687500003928     
   2.8000000000000021E-002    2200.625000003739     
   2.8000000000000021E-002    2213.562500003551     
   2.8000000000000021E-002    2226.500000003363     
   2.8000000000000021E-002    2239.427083336508     
   2.8500000000000022E-002    663.0729166664895     
   2.8500000000000022E-002    675.3124999997783     
   2.8500000000000022E-002    687.5520833330671     
   2.8500000000000022E-002    699.8020833330226     
   2.8500000000000022E-002    712.0520833329780     
   2.8500000000000022E-002    724.3124999996000     
   2.8500000000000022E-002    736.5729166662221     
   2.8500000000000022E-002    748.8333333328442     
   2.8500000000000022E-002    761.1041666661329     
   2.8500000000000022E-002    773.3645833327549     
   2.8500000000000022E-002    785.6354166660436     
   2.8500000000000022E-002    797.9062499993323     
   2.8500000000000022E-002    810.1770833326210     
   2.8500000000000022E-002    822.4479166659097     
   2.8500000000000022E-002    834.7187499991984     
   2.8500000000000022E-002    846.9895833324871     
   2.8500000000000022E-002    859.2604166657758     
   2.8500000000000022E-002    871.5312499990645     
   2.8500000000000022E-002    883.8020833323532     
   2.8500000000000022E-002    896.0729166656419     
   2.8500000000000022E-002    908.3541666655972     
   2.8500000000000022E-002    920.6249999988859     
   2.8500000000000022E-002    932.8958333321746     
   2.8500000000000022E-002    945.1666666654633     
   2.8500000000000022E-002    957.4374999987519     
   2.8500000000000022E-002    969.7083333320406     
   2.8500000000000022E-002    981.9895833319960     
   2.8500000000000022E-002    994.2604166652847     
   2.8500000000000022E-002    1006.531249998573     
   2.8500000000000022E-002    1018.802083331862     
   2.8500000000000022E-002    1031.072916665228     
   2.8500000000000022E-002    1043.343749998651     
   2.8500000000000022E-002    1055.614583332073     
   2.8500000000000022E-002    1067.895833332163     
   2.8500000000000022E-002    1080.166666665585     
   2.8500000000000022E-002    1092.437499999008     
   2.8500000000000022E-002    1104.708333332430     
   2.8500000000000022E-002    1116.979166665853     
   2.8500000000000022E-002    1129.249999999276     
   2.8500000000000022E-002    1141.520833332698     
   2.8500000000000022E-002    1153.791666666121     
   2.8500000000000022E-002    1166.062499999543     
   2.8500000000000022E-002    1178.333333332966     
   2.8500000000000022E-002    1190.604166666389     
   2.8500000000000022E-002    1202.874999999811     
   2.8500000000000022E-002    1215.145833333234     
   2.8500000000000022E-002    1227.416666666657     
   2.8500000000000022E-002    1239.687500000079     
   2.8500000000000022E-002    1251.958333333502     
   2.8500000000000022E-002    1264.229166666924     
   2.8500000000000022E-002    1276.500000000347     
   2.8500000000000022E-002    1288.770833333770     
   2.8500000000000022E-002    1301.041666667192     
   2.8500000000000022E-002    1313.312500000615     
   2.8500000000000022E-002    1325.583333334037     
   2.8500000000000022E-002    1337.854166667460     
   2.8500000000000022E-002    1350.114583334216     
   2.8500000000000022E-002    1362.385416667639     
   2.8500000000000022E-002    1374.656250001061     
   2.8500000000000022E-002    1386.927083334484     
   2.8500000000000022E-002    1399.197916667906     
   2.8500000000000022E-002    1411.468750001329     
   2.8500000000000022E-002    1423.739583334752     
   2.8500000000000022E-002    1436.010416668174     
   2.8500000000000022E-002    1448.270833334930     
   2.8500000000000022E-002    1460.541666668353     
   2.8500000000000022E-002    1472.812500001775     
   2.8500000000000022E-002    1485.083333335198     
   2.8500000000000022E-002    1497.354166668621     
   2.8500000000000022E-002    1509.625000002043     
   2.8500000000000022E-002    1521.885416668799     
   2.8500000000000022E-002    1534.156250002222     
   2.8500000000000022E-002    1546.427083335644     
   2.8500000000000022E-002    1558.697916669067     
   2.8500000000000022E-002    1570.968750002490     
   2.8500000000000022E-002    1583.229166669245     
   2.8500000000000022E-002    1595.500000002668     
   2.8500000000000022E-002    1607.770833336091     
   2.8500000000000022E-002    1620.041666669513     
   2.8500000000000022E-002    1632.312500002936     
   2.8500000000000022E-002    1644.572916669692     
   2.8500000000000022E-002    1656.843750003114     
   2.8500000000000022E-002    1669.114583336537     
   2.8500000000000022E-002    1681.385416669960     
   2.8500000000000022E-002    1693.645833336715     
   2.8500000000000022E-002    1705.916666670138     
   2.8500000000000022E-002    1718.187500003561     
   2.8500000000000022E-002    1730.458333336983     
   2.8500000000000022E-002    1742.718750003739     
   2.8500000000000022E-002    1754.989583337162     
   2.8500000000000022E-002    1767.260416670584     
   2.8500000000000022E-002    1779.531250004007     
   2.8500000000000022E-002    1791.791666670763     
   2.8500000000000022E-002    1804.062500004185     
   2.8500000000000022E-002    1816.333333337608     
   2.8500000000000022E-002    1828.604166671031     
   2.8500000000000022E-002    1840.864583337787     
   2.8500000000000022E-002    1853.135416671209     
   2.8500000000000022E-002    1865.406250004632     
   2.8500000000000022E-002    1877.677083338054     
   2.8500000000000022E-002    1889.937500004810     
   2.8500000000000022E-002    1902.208333338233     
   2.8500000000000022E-002    1914.479166671656     
   2.8500000000000022E-002    1926.739583338411     
   2.8500000000000022E-002    1939.010416671834     
   2.8500000000000022E-002    1951.281250005257     
   2.8500000000000022E-002    1963.552083338679     
   2.8500000000000022E-002    1975.812500005435     
   2.8500000000000022E-002    1988.083333338858     
   2.8500000000000022E-002    2000.354166672280     
   2.8500000000000022E-002    2012.614583339036     
   2.8500000000000022E-002    2024.885416672459     
   2.8500000000000022E-002    2037.156250005881     
   2.8500000000000022E-002    2049.427083339273     
   2.8500000000000022E-002    2061.687500005761     
   2.8500000000000022E-002    2073.958333338916     
   2.8500000000000022E-002    2086.229166672071     
   2.8500000000000022E-002    2098.489583338559     
   2.8500000000000022E-002    2110.760416671714     
   2.8500000000000022E-002    2123.031250004869     
   2.8500000000000022E-002    2135.291666671357     
   2.9000000000000022E-002    853.6354166657962     
   2.9000000000000022E-002    865.2395833324207     
   2.9000000000000022E-002    876.8645833323784     
   2.9000000000000022E-002    888.4895833323361     
   2.9000000000000022E-002    900.1354166656271     
   2.9000000000000022E-002    911.7708333322514     
   2.9000000000000022E-002    923.4270833322090     
   2.9000000000000022E-002    935.0729166655000     
   2.9000000000000022E-002    946.7291666654576     
   2.9000000000000022E-002    958.3854166654152     
   2.9000000000000022E-002    970.0416666653728     
   2.9000000000000022E-002    981.7083333319970     
   2.9000000000000022E-002    993.3749999986212     
   2.9000000000000022E-002    1005.031249998579     
   2.9000000000000022E-002    1016.697916665203     
   2.9000000000000022E-002    1028.364583331875     
   2.9000000000000022E-002    1040.031249998626     
   2.9000000000000022E-002    1051.708333332045     
   2.9000000000000022E-002    1063.374999998796     
   2.9000000000000022E-002    1075.041666665548     
   2.9000000000000022E-002    1086.718749998966     
   2.9000000000000022E-002    1098.385416665718     
   2.9000000000000022E-002    1110.062499999136     
   2.9000000000000022E-002    1121.739583332554     
   2.9000000000000022E-002    1133.406249999306     
   2.9000000000000022E-002    1145.083333332724     
   2.9000000000000022E-002    1156.760416666142     
   2.9000000000000022E-002    1168.437499999561     
   2.9000000000000022E-002    1180.114583332979     
   2.9000000000000022E-002    1191.791666666397     
   2.9000000000000022E-002    1203.468749999816     
   2.9000000000000022E-002    1215.145833333234     
   2.9000000000000022E-002    1226.822916666652     
   2.9000000000000022E-002    1238.500000000070     
   2.9000000000000022E-002    1250.177083333489     
   2.9000000000000022E-002    1261.854166666907     
   2.9000000000000022E-002    1273.531250000325     
   2.9000000000000022E-002    1285.208333333744     
   2.9000000000000022E-002    1296.885416667162     
   2.9000000000000022E-002    1308.562500000580     
   2.9000000000000022E-002    1320.250000000665     
   2.9000000000000022E-002    1331.927083334084     
   2.9000000000000022E-002    1343.604166667502     
   2.9000000000000022E-002    1355.281250000920     
   2.9000000000000022E-002    1366.958333334338     
   2.9000000000000022E-002    1378.645833334424     
   2.9000000000000022E-002    1390.322916667842     
   2.9000000000000022E-002    1402.000000001260     
   2.9000000000000022E-002    1413.687500001345     
   2.9000000000000022E-002    1425.364583334763     
   2.9000000000000022E-002    1437.041666668182     
   2.9000000000000022E-002    1448.729166668267     
   2.9000000000000022E-002    1460.406250001685     
   2.9000000000000022E-002    1472.083333335103     
   2.9000000000000022E-002    1483.770833335188     
   2.9000000000000022E-002    1495.447916668607     
   2.9000000000000022E-002    1507.135416668692     
   2.9000000000000022E-002    1518.812500002110     
   2.9000000000000022E-002    1530.500000002195     
   2.9000000000000022E-002    1542.177083335613     
   2.9000000000000022E-002    1553.854166669032     
   2.9000000000000022E-002    1565.541666669117     
   2.9000000000000022E-002    1577.218750002535     
   2.9000000000000022E-002    1588.906250002620     
   2.9000000000000022E-002    1600.583333336038     
   2.9000000000000022E-002    1612.270833336123     
   2.9000000000000022E-002    1623.947916669542     
   2.9000000000000022E-002    1635.635416669627     
   2.9000000000000022E-002    1647.312500003045     
   2.9000000000000022E-002    1659.000000003130     
   2.9000000000000022E-002    1670.677083336548     
   2.9000000000000022E-002    1682.364583336633     
   2.9000000000000022E-002    1694.041666670052     
   2.9000000000000022E-002    1705.729166670137     
   2.9000000000000022E-002    1717.406250003555     
   2.9000000000000022E-002    1729.093750003640     
   2.9000000000000022E-002    1740.770833337058     
   2.9000000000000022E-002    1752.458333337143     
   2.9000000000000022E-002    1764.145833337228     
   2.9000000000000022E-002    1775.822916670647     
   2.9000000000000022E-002    1787.510416670732     
   2.9000000000000022E-002    1799.187500004150     
   2.9000000000000022E-002    1810.875000004235     
   2.9000000000000022E-002    1822.552083337653     
   2.9000000000000022E-002    1834.239583337738     
   2.9000000000000022E-002    1845.927083337823     
   2.9000000000000022E-002    1857.604166671242     
   2.9000000000000022E-002    1869.291666671327     
   2.9000000000000022E-002    1880.968750004745     
   2.9000000000000022E-002    1892.656250004830     
   2.9000000000000022E-002    1904.343750004915     
   2.9000000000000022E-002    1916.020833338333     
   2.9000000000000022E-002    1927.708333338418     
   2.9000000000000022E-002    1939.385416671837     
   2.9000000000000022E-002    1951.072916671922     
   2.9000000000000022E-002    1962.760416672007     
   2.9000000000000022E-002    1974.437500005425     
   2.9000000000000022E-002    1986.125000005510     
   2.9000000000000022E-002    1997.812500005595     
   2.9000000000000022E-002    2009.489583339014     
   2.9000000000000022E-002    2021.177083339099     
   2.9000000000000022E-002    2032.864583339184     
   2.9000000000000022E-002    2044.541666672602     
   2.9000000000000022E-002    2056.229166672507     
   2.9000000000000022E-002    2067.906250005671     
   2.9000000000000022E-002    2079.593750005501     
   2.9500000000000023E-002    1057.906249998756     
   2.9500000000000023E-002    1068.989583332170     
   2.9500000000000023E-002    1080.093749998918     
   2.9500000000000023E-002    1091.197916665665     
   2.9500000000000023E-002    1102.312499999080     
   2.9500000000000023E-002    1113.427083332494     
   2.9500000000000023E-002    1124.552083332575     
   2.9500000000000023E-002    1135.677083332656     
   2.9500000000000023E-002    1146.802083332737     
   2.9500000000000023E-002    1157.937499999484     
   2.9500000000000023E-002    1169.072916666232     
   2.9500000000000023E-002    1180.208333332980     
   2.9500000000000023E-002    1191.343749999727     
   2.9500000000000023E-002    1202.489583333142     
   2.9500000000000023E-002    1213.624999999889     
   2.9500000000000023E-002    1224.770833333304     
   2.9500000000000023E-002    1235.916666666718     
   2.9500000000000023E-002    1247.062500000133     
   2.9500000000000023E-002    1258.208333333547     
   2.9500000000000023E-002    1269.354166666962     
   2.9500000000000023E-002    1280.500000000376     
   2.9500000000000023E-002    1291.645833333791     
   2.9500000000000023E-002    1302.802083333872     
   2.9500000000000023E-002    1313.947916667286     
   2.9500000000000023E-002    1325.104166667367     
   2.9500000000000023E-002    1336.250000000782     
   2.9500000000000023E-002    1347.406250000863     
   2.9500000000000023E-002    1358.562500000944     
   2.9500000000000023E-002    1369.708333334358     
   2.9500000000000023E-002    1380.864583334440     
   2.9500000000000023E-002    1392.020833334521     
   2.9500000000000023E-002    1403.177083334602     
   2.9500000000000023E-002    1414.333333334683     
   2.9500000000000023E-002    1425.489583334764     
   2.9500000000000023E-002    1436.645833334846     
   2.9500000000000023E-002    1447.802083334927     
   2.9500000000000023E-002    1458.958333335008     
   2.9500000000000023E-002    1470.114583335089     
   2.9500000000000023E-002    1481.270833335170     
   2.9500000000000023E-002    1492.427083335251     
   2.9500000000000023E-002    1503.593750001999     
   2.9500000000000023E-002    1514.750000002080     
   2.9500000000000023E-002    1525.906250002162     
   2.9500000000000023E-002    1537.062500002243     
   2.9500000000000023E-002    1548.229166668991     
   2.9500000000000023E-002    1559.385416669072     
   2.9500000000000023E-002    1570.541666669153     
   2.9500000000000023E-002    1581.708333335901     
   2.9500000000000023E-002    1592.864583335982     
   2.9500000000000023E-002    1604.031250002730     
   2.9500000000000023E-002    1615.187500002811     
   2.9500000000000023E-002    1626.354166669559     
   2.9500000000000023E-002    1637.510416669640     
   2.9500000000000023E-002    1648.677083336388     
   2.9500000000000023E-002    1659.833333336469     
   2.9500000000000023E-002    1671.000000003217     
   2.9500000000000023E-002    1682.156250003299     
   2.9500000000000023E-002    1693.322916670046     
   2.9500000000000023E-002    1704.489583336794     
   2.9500000000000023E-002    1715.645833336876     
   2.9500000000000023E-002    1726.812500003623     
   2.9500000000000023E-002    1737.979166670371     
   2.9500000000000023E-002    1749.135416670453     
   2.9500000000000023E-002    1760.302083337200     
   2.9500000000000023E-002    1771.468750003948     
   2.9500000000000023E-002    1782.625000004030     
   2.9500000000000023E-002    1793.791666670777     
   2.9500000000000023E-002    1804.958333337525     
   2.9500000000000023E-002    1816.125000004273     
   2.9500000000000023E-002    1827.281250004354     
   2.9500000000000023E-002    1838.447916671102     
   2.9500000000000023E-002    1849.614583337850     
   2.9500000000000023E-002    1860.781250004598     
   2.9500000000000023E-002    1871.947916671346     
   2.9500000000000023E-002    1883.104166671427     
   2.9500000000000023E-002    1894.270833338175     
   2.9500000000000023E-002    1905.437500004923     
   2.9500000000000023E-002    1916.604166671671     
   2.9500000000000023E-002    1927.770833338419     
   2.9500000000000023E-002    1938.937500005167     
   2.9500000000000023E-002    1950.093750005248     
   2.9500000000000023E-002    1961.260416671996     
   2.9500000000000023E-002    1972.427083338744     
   2.9500000000000023E-002    1983.593750005492     
   2.9500000000000023E-002    1994.760416672240     
   2.9500000000000023E-002    2005.927083338988     
   2.9500000000000023E-002    2017.093750005736     
   2.9500000000000023E-002    2028.260416672483     
   2.9500000000000023E-002    2039.427083339231     
   2.9500000000000023E-002    2050.593750005923     
   2.9500000000000023E-002    2061.760416672427     
   2.9500000000000023E-002    2072.927083338931     
   3.0000000000000023E-002    1264.229166666924     
   3.0000000000000023E-002    1274.843750000335     
   3.0000000000000023E-002    1285.479166667079     
   3.0000000000000023E-002    1296.114583333823     
   3.0000000000000023E-002    1306.760416667234     
   3.0000000000000023E-002    1317.406250000645     
   3.0000000000000023E-002    1328.062500000722     
   3.0000000000000023E-002    1338.718750000800     
   3.0000000000000023E-002    1349.385416667544     
   3.0000000000000023E-002    1360.052083334288     
   3.0000000000000023E-002    1370.718750001033     
   3.0000000000000023E-002    1381.385416667777     
   3.0000000000000023E-002    1392.052083334521     
   3.0000000000000023E-002    1402.729166667932     
   3.0000000000000023E-002    1413.406250001343     
   3.0000000000000023E-002    1424.072916668087     
   3.0000000000000023E-002    1434.750000001498     
   3.0000000000000023E-002    1445.437500001576     
   3.0000000000000023E-002    1456.114583334987     
   3.0000000000000023E-002    1466.791666668398     
   3.0000000000000023E-002    1477.468750001809     
   3.0000000000000023E-002    1488.156250001887     
   3.0000000000000023E-002    1498.843750001965     
   3.0000000000000023E-002    1509.520833335376     
   3.0000000000000023E-002    1520.208333335454     
   3.0000000000000023E-002    1530.895833335531     
   3.0000000000000023E-002    1541.583333335609     
   3.0000000000000023E-002    1552.270833335687     
   3.0000000000000023E-002    1562.958333335765     
   3.0000000000000023E-002    1573.645833335842     
   3.0000000000000023E-002    1584.333333335920     
   3.0000000000000023E-002    1595.020833335998     
   3.0000000000000023E-002    1605.708333336076     
   3.0000000000000023E-002    1616.395833336153     
   3.0000000000000023E-002    1627.093750002898     
   3.0000000000000023E-002    1637.781250002976     
   3.0000000000000023E-002    1648.468750003053     
   3.0000000000000023E-002    1659.166666669798     
   3.0000000000000023E-002    1669.854166669876     
   3.0000000000000023E-002    1680.552083336620     
   3.0000000000000023E-002    1691.239583336698     
   3.0000000000000023E-002    1701.937500003442     
   3.0000000000000023E-002    1712.635416670187     
   3.0000000000000023E-002    1723.322916670265     
   3.0000000000000023E-002    1734.020833337009     
   3.0000000000000023E-002    1744.718750003754     
   3.0000000000000023E-002    1755.406250003831     
   3.0000000000000023E-002    1766.104166670576     
   3.0000000000000023E-002    1776.802083337320     
   3.0000000000000023E-002    1787.500000004065     
   3.0000000000000023E-002    1798.197916670809     
   3.0000000000000023E-002    1808.885416670887     
   3.0000000000000023E-002    1819.583333337632     
   3.0000000000000023E-002    1830.281250004376     
   3.0000000000000023E-002    1840.979166671121     
   3.0000000000000023E-002    1851.677083337865     
   3.0000000000000023E-002    1862.375000004610     
   3.0000000000000023E-002    1873.072916671354     
   3.0000000000000023E-002    1883.770833338099     
   3.0000000000000023E-002    1894.468750004843     
   3.0000000000000023E-002    1905.166666671588     
   3.0000000000000023E-002    1915.864583338332     
   3.0000000000000023E-002    1926.562500005077     
   3.0000000000000023E-002    1937.260416671821     
   3.0000000000000023E-002    1947.968750005233     
   3.0000000000000023E-002    1958.666666671977     
   3.0000000000000023E-002    1969.364583338722     
   3.0000000000000023E-002    1980.062500005466     
   3.0000000000000023E-002    1990.760416672211     
   3.0000000000000023E-002    2001.458333338955     
   3.0000000000000023E-002    2012.166666672366     
   3.0000000000000023E-002    2022.864583339111     
   3.0500000000000024E-002    1503.906250002002     
   3.0500000000000024E-002    1514.114583335409     
   3.0500000000000024E-002    1524.333333335484     
   3.0500000000000024E-002    1534.552083335558     
   3.0500000000000024E-002    1544.781250002299     
   3.0500000000000024E-002    1555.020833335707     
   3.0500000000000024E-002    1565.250000002448     
   3.0500000000000024E-002    1575.489583335856     
   3.0500000000000024E-002    1585.739583335930     
   3.0500000000000024E-002    1595.979166669338     
   3.0500000000000024E-002    1606.229166669413     
   3.0500000000000024E-002    1616.479166669487     
   3.0500000000000024E-002    1626.729166669562     
   3.0500000000000024E-002    1636.979166669636     
   3.0500000000000024E-002    1647.239583336378     
   3.0500000000000024E-002    1657.489583336452     
   3.0500000000000024E-002    1667.750000003194     
   3.0500000000000024E-002    1678.010416669935     
   3.0500000000000024E-002    1688.270833336676     
   3.0500000000000024E-002    1698.520833336751     
   3.0500000000000024E-002    1708.791666670159     
   3.0500000000000024E-002    1719.052083336900     
   3.0500000000000024E-002    1729.312500003642     
   3.0500000000000024E-002    1739.572916670383     
   3.0500000000000024E-002    1749.843750003791     
   3.0500000000000024E-002    1760.104166670532     
   3.0500000000000024E-002    1770.364583337274     
   3.0500000000000024E-002    1780.635416670682     
   3.0500000000000024E-002    1790.906250004090     
   3.0500000000000024E-002    1801.166666670831     
   3.0500000000000024E-002    1811.437500004239     
   3.0500000000000024E-002    1821.708333337647     
   3.0500000000000024E-002    1831.968750004389     
   3.0500000000000024E-002    1842.239583337797     
   3.0500000000000024E-002    1852.510416671205     
   3.0500000000000024E-002    1862.781250004613     
   3.0500000000000024E-002    1873.052083338021     
   3.0500000000000024E-002    1883.322916671429     
   3.0500000000000024E-002    1893.593750004837     
   3.0500000000000024E-002    1903.864583338245     
   3.0500000000000024E-002    1914.135416671653     
   3.0500000000000024E-002    1924.416666671728     
   3.0500000000000024E-002    1934.687500005136     
   3.0500000000000024E-002    1944.958333338544     
   3.0500000000000024E-002    1955.229166671952     
   3.0500000000000024E-002    1965.510416672027     
   3.0500000000000024E-002    1975.781250005435     
   3.0500000000000024E-002    1986.052083338843     
   3.0500000000000024E-002    1996.333333338918     
   3.0500000000000024E-002    2006.604166672326     
   3.0500000000000024E-002    2016.875000005734     
   3.0500000000000024E-002    2027.156250005809     
   3.1000000000000024E-002    1768.156250003924     
   3.1000000000000024E-002    1777.979166670662     
   3.1000000000000024E-002    1787.802083337401     
   3.1000000000000024E-002    1797.645833337472     
   3.1000000000000024E-002    1807.489583337544     
   3.1000000000000024E-002    1817.343750004282     
   3.1000000000000024E-002    1827.187500004354     
   3.1000000000000024E-002    1837.041666671092     
   3.1000000000000024E-002    1846.906250004497     
   3.1000000000000024E-002    1856.760416671236     
   3.1000000000000024E-002    1866.625000004641     
   3.1000000000000024E-002    1876.489583338046     
   3.1000000000000024E-002    1886.354166671451     
   3.1000000000000024E-002    1896.229166671523     
   3.1000000000000024E-002    1906.093750004928     
   3.1000000000000024E-002    1915.958333338333     
   3.1000000000000024E-002    1925.833333338405     
   3.1000000000000024E-002    1935.708333338477     
   3.1000000000000024E-002    1945.583333338549     
   3.1000000000000024E-002    1955.458333338620     
   3.1000000000000024E-002    1965.333333338692     
   3.1000000000000024E-002    1975.208333338764     
   3.1000000000000024E-002    1985.083333338836     
   3.1000000000000024E-002    1994.958333338908     
   3.1000000000000024E-002    2004.843750005646     
   3.1000000000000024E-002    2014.718750005718     
   3.1000000000000024E-002    2024.593750005790     
   3.1000000000000024E-002    2034.479166672529     
   3.1000000000000024E-002    2044.354166672601     
   3.1000000000000024E-002    2054.239583339203     
   3.1000000000000024E-002    2064.125000005726     
   3.1000000000000024E-002    2074.000000005582     
   3.1500000000000021E-002    2090.531250005341     
   3.1500000000000021E-002    2100.000000005204     
   3.1500000000000021E-002    2109.468750005066     
   3.1500000000000021E-002    2118.947916671595     
   3.1500000000000021E-002    2128.437500004790     
   3.1500000000000021E-002    2137.937500004652     
   3.1500000000000021E-002    2147.427083337847     
   3.1500000000000021E-002    2156.927083337709     
   3.1500000000000021E-002    2166.427083337570     
   3.1500000000000021E-002    2175.937500004099     
   3.1500000000000021E-002    2185.437500003960     
   3.2000000000000021E-002    2521.218749999074     
   3.2000000000000021E-002    2530.354166665608     
   3.2000000000000021E-002    2539.510416665475     
   3.2000000000000021E-002    2548.656249998675     
   3.2000000000000021E-002    2557.812499998542     
   3.2000000000000021E-002    2566.979166665075     
   3.2000000000000021E-002    2576.145833331608     
   3.2000000000000021E-002    2585.312499998141     
   3.2000000000000021E-002    2594.479166664675     
   3.2000000000000021E-002    2603.656249997875     
   3.2500000000000022E-002    3138.833333323420     
   3.2500000000000022E-002    3147.666666656625     
   3.2500000000000022E-002    3156.499999989830     
   3.2500000000000022E-002    3165.343749989701     
   3.2500000000000022E-002    3174.187499989572     
   3.2500000000000022E-002    3183.031249989443     
   3.2500000000000022E-002    3191.885416655981     
   3.2500000000000022E-002    3200.739583322519     
   3.2500000000000022E-002    3209.593749989057     
   3.2500000000000022E-002    3218.447916655595     
   3.2500000000000022E-002    3227.312499988799     
   3.3000000000000022E-002    4188.385416645513     
   3.3000000000000022E-002    4196.916666645761     
   3.3000000000000022E-002    4205.447916646010     
   3.3000000000000022E-002    4213.989583312925     
   3.3000000000000022E-002    4222.531249979840     
   3.3000000000000022E-002    4231.072916646755     
   3.3000000000000022E-002    4239.624999980338     
   3.3000000000000022E-002    4248.166666647253     
   3.3000000000000022E-002    4256.718749980835     
   3.3000000000000022E-002    4265.270833314417     
   3.3500000000000023E-002    6849.843750056305     
   3.3500000000000023E-002    6858.062500056544     
   3.3500000000000023E-002    6866.281250056783     
   3.3500000000000023E-002    6874.500000057023     
   3.3500000000000023E-002    6882.729166723929     
   3.3500000000000023E-002    6890.958333390835     
   3.3500000000000023E-002    6899.187500057741     
   3.3500000000000023E-002    6907.416666724647     
   3.3500000000000023E-002    6915.645833391553     
   3.3500000000000023E-002    6923.875000058460     
