   2.1500000000000016E-002    9068.208333377697     
   2.1500000000000016E-002    9091.479166709676     
   2.1500000000000016E-002    9115.104166708301     
   2.1500000000000016E-002    9139.177083373566     
   2.1500000000000016E-002    9163.770833372135     
   2.1500000000000016E-002    9188.937500037337     
   2.1500000000000016E-002    9214.697916702504     
   2.1500000000000016E-002    9241.114583367633     
   2.1500000000000016E-002    9268.229166699388     
   2.1500000000000016E-002    9296.072916697767     
   2.1500000000000016E-002    9324.687500029435     
   2.1500000000000016E-002    9354.135416694387     
   2.1500000000000016E-002    9384.416666692625     
   2.1500000000000016E-002    9415.604166690810     
   2.1500000000000016E-002    9447.750000022272     
   2.1500000000000016E-002    9480.875000020344     
   2.1500000000000016E-002    9515.031250018355     
   2.1500000000000016E-002    9550.250000016305     
   2.1500000000000016E-002    9586.541666680860     
   2.1500000000000016E-002    9623.927083345350     
   2.1500000000000016E-002    9662.406250009777     
   2.1500000000000016E-002    9701.958333340808     
   2.1500000000000016E-002    9742.562500005111     
   2.1500000000000016E-002    9784.177083336022     
   2.1500000000000016E-002    9826.750000000211     
   2.1500000000000016E-002    9870.218749997681     
   2.1500000000000016E-002    9914.499999995103     
   2.1500000000000016E-002    9959.520833325816     
   2.1500000000000016E-002    10005.20833332316     
   2.1500000000000016E-002    10051.46874998713     
   2.1500000000000016E-002    10098.23958331774     
   2.1500000000000016E-002    10145.45833331499     
   2.1500000000000016E-002    10193.05208331222     
   2.1500000000000016E-002    10240.95833330943     
   2.1500000000000016E-002    10289.12499997330     
   2.1500000000000016E-002    10337.52083330381     
   2.1500000000000016E-002    10386.10416663432     
   2.1500000000000016E-002    10434.83333329815     
   2.1500000000000016E-002    10483.69791662864     
   2.1500000000000016E-002    10532.66666662579     
   2.1500000000000016E-002    10581.70833328960     
   2.1500000000000016E-002    10630.82291662007     
   2.1500000000000016E-002    10679.99999995055     
   2.1500000000000016E-002    10729.21874994768     
   2.1500000000000016E-002    10778.47916661148     
   2.1500000000000016E-002    10827.76041660861     
   2.1500000000000016E-002    10877.07291660574     
   2.1500000000000016E-002    10926.39583326954     
   2.1500000000000016E-002    10975.74999993333     
   2.1500000000000016E-002    11025.10416659712     
   2.1500000000000016E-002    11074.46874992758     
   2.1500000000000016E-002    11123.84374992471     
   2.1500000000000016E-002    11173.21874992184     
   2.1500000000000016E-002    11222.60416658563     
   2.1500000000000016E-002    11271.99999991609     
   2.1500000000000016E-002    11321.38541657988     
   2.1500000000000016E-002    11370.78124991034     
   2.1500000000000016E-002    11420.17708324079     
   2.1500000000000016E-002    11469.57291657125     
   2.1500000000000016E-002    11518.96874990171     
   2.1500000000000016E-002    11568.36458323217     
   2.1500000000000016E-002    11617.76041656263     
   2.1500000000000016E-002    11667.15624989309     
   2.1500000000000016E-002    11716.55208322354     
   2.1500000000000016E-002    11765.95833322067     
   2.1000000000000015E-002    259.2708333332461     
   2.1000000000000015E-002    314.0104166666790     
   2.1000000000000015E-002    369.0729166667792     
   2.1000000000000015E-002    424.4166666668798     
   2.1000000000000015E-002    479.9687500003142     
   2.1000000000000015E-002    535.6875000002863     
   2.1000000000000015E-002    591.5312500000831     
   2.1000000000000015E-002    647.4687499998796     
   2.1000000000000015E-002    703.4895833330091     
   2.1000000000000015E-002    759.5624999994718     
   2.1000000000000015E-002    815.6770833326010     
   2.1000000000000015E-002    871.8333333323967     
   2.1000000000000015E-002    928.0104166655257     
   2.1000000000000015E-002    984.2187499986545     
   2.1000000000000015E-002    1040.427083331963     
   2.1000000000000015E-002    1096.656249999038     
   2.1000000000000015E-002    1152.885416666114     
   2.1000000000000015E-002    1209.124999999857     
   2.1000000000000015E-002    1265.375000000266     
   2.1000000000000015E-002    1321.625000000675     
   2.1000000000000015E-002    1377.875000001085     
   2.1000000000000015E-002    1434.125000001494     
   2.1000000000000015E-002    1490.385416668570     
   2.1000000000000015E-002    1546.635416668979     
   2.1000000000000015E-002    1602.895833336055     
   2.1000000000000015E-002    1659.156250003131     
   2.1000000000000015E-002    1715.416666670207     
   2.1000000000000015E-002    1771.666666670616     
   2.1000000000000015E-002    1827.927083337692     
   2.0500000000000015E-002    253.5624999999091     
   2.0500000000000015E-002    316.8645833333509     
   2.0500000000000015E-002    380.6250000001335     
   2.0500000000000015E-002    444.7395833335835     
   2.0500000000000015E-002    509.1041666670339     
   2.0500000000000015E-002    573.6562500001481     
   2.0500000000000015E-002    638.3437499999128     
   2.0500000000000015E-002    703.1249999996771     
   2.0500000000000015E-002    767.9687499994412     
   2.0500000000000015E-002    832.8645833325385     
   2.0500000000000015E-002    897.8020833323022     
   2.0500000000000015E-002    962.7604166653992     
   2.0500000000000015E-002    1027.739583331870     
   2.0500000000000015E-002    1092.718749999010     
   2.0500000000000015E-002    1157.718749999483     
   2.0500000000000015E-002    1222.718749999956     
   2.0500000000000015E-002    1287.729166667095     
   2.0500000000000015E-002    1352.739583334235     
   2.0500000000000015E-002    1417.750000001375     
   2.0500000000000015E-002    1482.770833335181     
   2.0500000000000015E-002    1547.781250002321     
   2.0500000000000015E-002    1612.802083336127     
   2.0500000000000015E-002    1677.812500003267     
   2.0500000000000015E-002    1742.833333337073     
   2.0500000000000015E-002    1807.843750004213     
   2.0000000000000014E-002    345.8645833334036     
   2.0000000000000014E-002    422.0625000002089     
   2.0000000000000014E-002    498.7500000003484     
   2.0000000000000014E-002    575.7604166668071     
   2.0000000000000014E-002    652.9999999998595     
   2.0000000000000014E-002    730.3749999995780     
   2.0000000000000014E-002    807.8541666659628     
   2.0000000000000014E-002    885.3854166656807     
   2.0000000000000014E-002    962.9687499987318     
   2.0000000000000014E-002    1040.572916665297     
   2.0000000000000014E-002    1118.187499999195     
   2.0000000000000014E-002    1195.822916666427     
   2.0000000000000014E-002    1273.468750000325     
   2.0000000000000014E-002    1351.104166667556     
   2.0000000000000014E-002    1428.760416668121     
   2.0000000000000014E-002    1506.406250002020     
   2.0000000000000014E-002    1584.062500002585     
   2.0000000000000014E-002    1661.708333336483     
   2.0000000000000014E-002    1739.364583337048     
   2.0000000000000014E-002    1817.010416670946     
   2.0000000000000014E-002    1894.666666671511     
   1.9500000000000014E-002    419.9062500002050     
   1.9500000000000014E-002    519.4895833336785     
   1.9500000000000014E-002    620.1666666666456     
   1.9500000000000014E-002    721.5833333329433     
   1.9500000000000014E-002    823.4687499992393     
   1.9500000000000014E-002    925.6354166655343     
   1.9500000000000014E-002    1027.999999998539     
   1.9500000000000014E-002    1130.479166665951     
   1.9500000000000014E-002    1233.031250000031     
   1.9500000000000014E-002    1335.635416667444     
   1.9500000000000014E-002    1438.260416668191     
   1.9500000000000014E-002    1540.906250002271     
   1.9500000000000014E-002    1643.562500003018     
   1.9500000000000014E-002    1746.229166670431     
   1.9500000000000014E-002    1848.895833337845     
   1.9500000000000014E-002    1951.562500005259     
   1.9500000000000014E-002    2054.239583339203     
   1.9500000000000014E-002    2156.906250004376     
   1.9500000000000014E-002    2259.583333336215     
   1.9500000000000014E-002    2362.250000001387     
   1.9500000000000014E-002    2464.927083333227     
