  0.00000000   0.00000000   0.00000000   0.00000000     399.99333333       0
  0.00050000   0.01560000   0.00211814   0.00000000      66.66000000       0
  0.00100000   0.03120000   0.00423632   0.00000000      66.66000000       0
  0.00150000   0.04680000   0.00635457   0.00000000      66.66000000       0
  0.00200000   0.06240000   0.00847291   0.00000000      99.99333333       0
  0.00250000   0.07800000   0.01059138   0.00000000      99.99333333       0
  0.00300000   0.09360000   0.01271002   0.00000000      99.99333333       0
  0.00350000   0.10920000   0.01482882   0.00000000     133.32666667       0
  0.00400000   0.12480000   0.01694787   0.00000000     133.32666667       0
  0.00450000   0.14040000   0.01906718   0.00000000     133.32666667       0
  0.00500000   0.15600000   0.02118679   0.00000000     133.32666667       0
  0.00550000   0.17160000   0.02330672   0.00000000     133.32666667       0
  0.00600000   0.18720000   0.02542701   0.00000000     133.32666667       0
  0.00650000   0.20280000   0.02754763   0.00000000     166.66000000       0
  0.00700000   0.21840000   0.02966872   0.00000000     166.66000000       0
  0.00750000   0.23400000   0.03179027   0.00000000     166.66000000       0
  0.00800000   0.24960000   0.03391231   0.00000000     166.66000000       0
  0.00850000   0.26520000   0.03603488   0.00000000     166.66000000       0
  0.00900000   0.28080000   0.03815800   0.00000000     166.66000000       0
  0.00950000   0.29640000   0.04028172   0.00000000     166.66000000       0
  0.01000000   0.31200000   0.04240607   0.00000000     166.66000000       0
  0.01050000   0.32760000   0.04453108   0.00000000     166.66000000       0
  0.01100000   0.34320000   0.04665670   0.00000000     199.99333333       0
  0.01150000   0.35880000   0.04878313   0.00000000     199.99333333       0
  0.01200000   0.37440000   0.05091033   0.00000000     199.99333333       0
  0.01250000   0.39000000   0.05303834   0.00000000     199.99333333       0
  0.01300000   0.40560000   0.05516719   0.00000000     199.99333333       0
  0.01350000   0.42120000   0.05729692   0.00000000     199.99333333       0
  0.01400000   0.43680000   0.05942757   0.00000000     199.99333333       0
  0.01450000   0.45240000   0.06155918   0.00000000     199.99333333       0
  0.01500000   0.46800000   0.06369178   0.00000000     199.99333333       0
  0.01550000   0.48360000   0.06582542   0.00000000     199.99333333       0
  0.01600000   0.49920000   0.06796013   0.00000000     199.99333333       0
  0.01650000   0.51480000   0.07009595   0.00000000     199.99333333       0
  0.01700000   0.53040000   0.07223279   0.00000000     233.32666667       0
  0.01750000   0.54600000   0.07437096   0.00000000     233.32666667       0
  0.01800000   0.56160000   0.07651036   0.00000000     233.32666667       0
  0.01850000   0.57720000   0.07865105   0.00000000     233.32666667       0
  0.01900000   0.59280000   0.08079306   0.00000000     233.32666667       0
  0.01950000   0.60840000   0.08293644   0.00000000     233.32666667       0
  0.02000000   0.62400000   0.08508124   0.00000000     233.32666667       0
  0.02050000   0.63960000   0.08722751   0.00000000     233.32666667       0
  0.02100000   0.65520000   0.08937528   0.00000000     233.32666667       0
  0.02150000   0.67080000   0.09152461   0.00000000     233.32666667       0
  0.02200000   0.68640000   0.09367555   0.00000000     233.32666667       0
  0.02250000   0.70200000   0.09582814   0.00000000     233.32666667       0
  0.02300000   0.71760000   0.09798245   0.00000000     233.32666667       0
  0.02350000   0.73320000   0.10013852   0.00000000     233.32666667       0
  0.02400000   0.74880000   0.10229619   0.00000000     266.66000000       0
  0.02450000   0.76440000   0.10445594   0.00000000     266.66000000       0
  0.02500000   0.78000000   0.10661761   0.00000000     266.66000000       0
  0.02550000   0.79560000   0.10878127   0.00000000     266.66000000       0
  0.02600000   0.81120000   0.11094698   0.00000000     266.66000000       0
  0.02650000   0.82680000   0.11311480   0.00000000     266.66000000       0
  0.02700000   0.84240000   0.11528479   0.00000000     266.66000000       0
  0.02750000   0.85800000   0.11745702   0.00000000     266.66000000       0
  0.02800000   0.87360000   0.11963155   0.00000000     266.66000000       0
  0.02850000   0.88920000   0.12180847   0.00000000     266.66000000       0
  0.02900000   0.90480000   0.12398783   0.00000000     266.66000000       0
  0.02950000   0.92040000   0.12616944   0.00000000     299.99333333       0
  0.03000000   0.93600000   0.12835390   0.00000000     299.99333333       0
  0.03050000   0.95160000   0.13054105   0.00000000     299.99333333       0
  0.03100000   0.96720000   0.13273096   0.00000000     299.99333333       0
  0.03150000   0.98280000   0.13492372   0.00000000     299.99333333       0
  0.03200000   0.99840000   0.13711943   0.00000000     299.99333333       0
  0.03250000   1.01400000   0.13931816   0.00000000     299.99333333       0
  0.03300000   1.02960000   0.14152004   0.00000000     299.99333333       0
  0.03350000   1.04520000   0.14372482   0.00000000     333.32666667       0
  0.03400000   1.06080000   0.14593324   0.00000000     333.32666667       0
  0.03450000   1.07640000   0.14814512   0.00000000     333.32666667       0
  0.03500000   1.09200000   0.15036057   0.00000000     333.32666667       0
  0.03550000   1.10760000   0.15257973   0.00000000     333.32666667       0
  0.03600000   1.12320000   0.15480271   0.00000000     333.32666667       0
  0.03650000   1.13880000   0.15702931   0.00000000     366.66000000       0
  0.03700000   1.15440000   0.15926034   0.00000000     366.66000000       0
  0.03750000   1.17000000   0.16149566   0.00000000     366.66000000       0
  0.03800000   1.18560000   0.16373541   0.00000000     366.66000000       0
  0.03850000   1.20120000   0.16597979   0.00000000     366.66000000       0
  0.03900000   1.21680000   0.16822858   0.00000000     399.99333333       0
  0.03950000   1.23240000   0.17048276   0.00000000     399.99333333       0
  0.04000000   1.24800000   0.17274218   0.00000000     399.99333333       0
  0.04050000   1.26360000   0.17500669   0.00000000     433.32666667       0
  0.04100000   1.27920000   0.17727732   0.00000000     433.32666667       0
  0.04150000   1.29480000   0.17955401   0.00000000     433.32666667       0
  0.04200000   1.31040000   0.18183664   0.00000000     466.66000000       0
  0.04250000   1.32600000   0.18412640   0.00000000     466.66000000       0
  0.04300000   1.34160000   0.18642289   0.00000000     499.99333333       0
  0.04350000   1.35720000   0.18872737   0.00000000     499.99333333       0
  0.04400000   1.37280000   0.19103956   0.00000000     533.32666667       0
  0.04450000   1.38840000   0.19336052   0.00000000     566.66000000       0
  0.04500000   1.40400000   0.19569100   0.00000000     599.99333333       0
  0.04550000   1.41960000   0.19803189   0.00000000     633.32666667       0
  0.04600000   1.43520000   0.20038438   0.00000000     666.66000000       0
  0.04650000   1.45080000   0.20274964   0.00000000     733.32666667       0
  0.04700000   1.46640000   0.20513023   0.00000000     799.99333333       0
  0.04750000   1.48200000   0.20752889   0.00000000     933.32666667       0
  0.04800000   1.49760000   0.20995193   0.00000000    1133.32666667       0
  0.04850000   1.51320000   0.21241405   0.00000000    1633.32666667       0
  0.04900000   1.52880000   0.56985735   0.00099376      -0.00666667     157
  0.04950000   1.54440000   0.60020649   0.00106711      -0.00666667     164
  0.05000000   1.56000000   0.63566111   0.00114266      -0.00666667     197
  0.05050000   1.57560000   0.67204293   0.00124741      -0.00666667     197
  0.05100000   1.59120000   0.70659748   0.00126371      -0.00666667     193
  0.05150000   1.60680000   0.73896559   0.00127609      -0.00666667     189
  0.05200000   1.62240000   0.76953714   0.00128851      -0.00666667     185
  0.05250000   1.63800000   0.79866186   0.00130092      -0.00666667     186
  0.05300000   1.65360000   0.82656332   0.00131335      -0.00666667     181
  0.05350000   1.66920000   0.85342845   0.00132572      -0.00666667     183
  0.05400000   1.68480000   0.87938633   0.00133813      -0.00666667     183
  0.05450000   1.70040000   0.90454386   0.00135053      -0.00666667     183
  0.05500000   1.71600000   0.92898527   0.00136295      -0.00666667     178
  0.05550000   1.73160000   0.95280457   0.00137536      -0.00666667     176
  0.05600000   1.74720000   0.97606202   0.00138775      -0.00666667     177
  0.05650000   1.76280000   0.99881227   0.00140015      -0.00666667     178
  0.05700000   1.77840000   1.02111115   0.00141254      -0.00666667     177
  0.05750000   1.79400000   1.04299253   0.00142496      -0.00666667     171
  0.05800000   1.80960000   1.06451027   0.00143734      -0.00666667     161
  0.05850000   1.82520000   1.08569125   0.00144973      -0.00666667     155
  0.05900000   1.84080000   1.10656708   0.00146213      -0.00666667     145
  0.05950000   1.85640000   1.12716146   0.00147455      -0.00666667     134
  0.06000000   1.87200000   1.14751735   0.00148694      -0.00666667     127
  0.06050000   1.88760000   1.16764924   0.00149910      28.09333333     120
  0.06100000   1.90320000   1.18757366   0.00151174      -0.00666667     106
  0.06150000   1.91880000   1.20733036   0.00152412      -0.00666667      97
  0.06200000   1.93440000   1.22692070   0.00153634      26.89333333      88
  0.06250000   1.95000000   1.24637615   0.00154894      -0.00666667      72
  0.06300000   1.96560000   1.26571533   0.00156135      -0.00666667      61
  0.06350000   1.98120000   1.28496329   0.00157363      29.93333333      52
  0.06400000   1.99680000   1.30413756   0.00158613      -0.00666667      38
  0.06450000   2.01240000   1.32326092   0.00159843      27.99333333      28
  0.06500000   2.02800000   1.34236280   0.00161090      -0.00666667      15
  0.06550000   2.04360000   1.36148631   0.00162322      -0.00666667      12
  0.06600000   2.05920000   1.38063935   0.00163555      -0.00666667      12
  0.06650000   2.07480000   1.39985889   0.00164790      -0.00666667      15
  0.06700000   2.09040000   1.41919588   0.00166026      -0.00666667      12
  0.06750000   2.10600000   1.43871368   0.00167263      -0.00666667      14
  0.06800000   2.12160000   1.45850283   0.00168500      -0.00666667      12
  0.06850000   2.13720000   1.47869881   0.00169738      -0.00666667      12
  0.06900000   2.15280000   1.49952782   0.00170977      -0.00666667      14
  0.06950000   2.16840000   1.52143255   0.00172216      -0.00666667      14
  0.07000000   2.18400000   1.54558108   0.00173455      -0.00666667      12
  0.07050000   2.19960000   1.69200000   0.00173455   22299.99333424       0
