  0.00000000   0.00000000   0.00000000   0.00000000     399.99333333       0
  0.00050000   0.01560000   0.00211814   0.00000000      66.66000000       0
  0.00100000   0.03120000   0.00423632   0.00000000      66.66000000       0
  0.00150000   0.04680000   0.00635456   0.00000000      66.66000000       0
  0.00200000   0.06240000   0.00847286   0.00000000      99.99333333       0
  0.00250000   0.07800000   0.01059129   0.00000000      99.99333333       0
  0.00300000   0.09360000   0.01270987   0.00000000      99.99333333       0
  0.00350000   0.10920000   0.01482858   0.00000000     133.32666667       0
  0.00400000   0.12480000   0.01694751   0.00000000     133.32666667       0
  0.00450000   0.14040000   0.01906667   0.00000000     133.32666667       0
  0.00500000   0.15600000   0.02118608   0.00000000     133.32666667       0
  0.00550000   0.17160000   0.02330577   0.00000000     133.32666667       0
  0.00600000   0.18720000   0.02542578   0.00000000     133.32666667       0
  0.00650000   0.20280000   0.02754606   0.00000000     166.66000000       0
  0.00700000   0.21840000   0.02966676   0.00000000     166.66000000       0
  0.00750000   0.23400000   0.03178785   0.00000000     166.66000000       0
  0.00800000   0.24960000   0.03390937   0.00000000     166.66000000       0
  0.00850000   0.26520000   0.03603135   0.00000000     166.66000000       0
  0.00900000   0.28080000   0.03815381   0.00000000     166.66000000       0
  0.00950000   0.29640000   0.04027679   0.00000000     166.66000000       0
  0.01000000   0.31200000   0.04240031   0.00000000     166.66000000       0
  0.01050000   0.32760000   0.04452441   0.00000000     166.66000000       0
  0.01100000   0.34320000   0.04664900   0.00000000     199.99333333       0
  0.01150000   0.35880000   0.04877433   0.00000000     199.99333333       0
  0.01200000   0.37440000   0.05090032   0.00000000     199.99333333       0
  0.01250000   0.39000000   0.05302701   0.00000000     199.99333333       0
  0.01300000   0.40560000   0.05515443   0.00000000     199.99333333       0
  0.01350000   0.42120000   0.05728261   0.00000000     199.99333333       0
  0.01400000   0.43680000   0.05941159   0.00000000     199.99333333       0
  0.01450000   0.45240000   0.06154140   0.00000000     199.99333333       0
  0.01500000   0.46800000   0.06367207   0.00000000     199.99333333       0
  0.01550000   0.48360000   0.06580363   0.00000000     199.99333333       0
  0.01600000   0.49920000   0.06793613   0.00000000     199.99333333       0
  0.01650000   0.51480000   0.07006959   0.00000000     199.99333333       0
  0.01700000   0.53040000   0.07220405   0.00000000     199.99333333       0
  0.01750000   0.54600000   0.07433938   0.00000000     233.32666667       0
  0.01800000   0.56160000   0.07647593   0.00000000     233.32666667       0
  0.01850000   0.57720000   0.07861360   0.00000000     233.32666667       0
  0.01900000   0.59280000   0.08075241   0.00000000     233.32666667       0
  0.01950000   0.60840000   0.08289242   0.00000000     233.32666667       0
  0.02000000   0.62400000   0.08503364   0.00000000     233.32666667       0
  0.02050000   0.63960000   0.08717614   0.00000000     233.32666667       0
  0.02100000   0.65520000   0.08931994   0.00000000     233.32666667       0
  0.02150000   0.67080000   0.09146509   0.00000000     233.32666667       0
  0.02200000   0.68640000   0.09361163   0.00000000     233.32666667       0
  0.02250000   0.70200000   0.09575960   0.00000000     233.32666667       0
  0.02300000   0.71760000   0.09790906   0.00000000     233.32666667       0
  0.02350000   0.73320000   0.10006004   0.00000000     233.32666667       0
  0.02400000   0.74880000   0.10221236   0.00000000     266.66000000       0
  0.02450000   0.76440000   0.10436652   0.00000000     266.66000000       0
  0.02500000   0.78000000   0.10652234   0.00000000     266.66000000       0
  0.02550000   0.79560000   0.10867989   0.00000000     266.66000000       0
  0.02600000   0.81120000   0.11083920   0.00000000     266.66000000       0
  0.02650000   0.82680000   0.11300034   0.00000000     266.66000000       0
  0.02700000   0.84240000   0.11516336   0.00000000     266.66000000       0
  0.02750000   0.85800000   0.11732832   0.00000000     266.66000000       0
  0.02800000   0.87360000   0.11949527   0.00000000     266.66000000       0
  0.02850000   0.88920000   0.12166427   0.00000000     266.66000000       0
  0.02900000   0.90480000   0.12383539   0.00000000     266.66000000       0
  0.02950000   0.92040000   0.12600840   0.00000000     299.99333333       0
  0.03000000   0.93600000   0.12818393   0.00000000     299.99333333       0
  0.03050000   0.95160000   0.13036178   0.00000000     299.99333333       0
  0.03100000   0.96720000   0.13254201   0.00000000     299.99333333       0
  0.03150000   0.98280000   0.13472471   0.00000000     299.99333333       0
  0.03200000   0.99840000   0.13690995   0.00000000     299.99333333       0
  0.03250000   1.01400000   0.13909782   0.00000000     299.99333333       0
  0.03300000   1.02960000   0.14128839   0.00000000     299.99333333       0
  0.03350000   1.04520000   0.14348141   0.00000000     333.32666667       0
  0.03400000   1.06080000   0.14567763   0.00000000     333.32666667       0
  0.03450000   1.07640000   0.14787684   0.00000000     333.32666667       0
  0.03500000   1.09200000   0.15007914   0.00000000     333.32666667       0
  0.03550000   1.10760000   0.15228463   0.00000000     333.32666667       0
  0.03600000   1.12320000   0.15449343   0.00000000     333.32666667       0
  0.03650000   1.13880000   0.15670528   0.00000000     366.66000000       0
  0.03700000   1.15440000   0.15892102   0.00000000     366.66000000       0
  0.03750000   1.17000000   0.16114046   0.00000000     366.66000000       0
  0.03800000   1.18560000   0.16336372   0.00000000     366.66000000       0
  0.03850000   1.20120000   0.16559098   0.00000000     366.66000000       0
  0.03900000   1.21680000   0.16782198   0.00000000     399.99333333       0
  0.03950000   1.23240000   0.17005768   0.00000000     399.99333333       0
  0.04000000   1.24800000   0.17229791   0.00000000     399.99333333       0
  0.04050000   1.26360000   0.17454247   0.00000000     433.32666667       0
  0.04100000   1.27920000   0.17679236   0.00000000     433.32666667       0
  0.04150000   1.29480000   0.17904747   0.00000000     433.32666667       0
  0.04200000   1.31040000   0.18130765   0.00000000     466.66000000       0
  0.04250000   1.32600000   0.18357402   0.00000000     466.66000000       0
  0.04300000   1.34160000   0.18584613   0.00000000     499.99333333       0
  0.04350000   1.35720000   0.18812519   0.00000000     499.99333333       0
  0.04400000   1.37280000   0.19041084   0.00000000     533.32666667       0
  0.04450000   1.38840000   0.19270404   0.00000000     566.66000000       0
  0.04500000   1.40400000   0.19500543   0.00000000     599.99333333       0
  0.04550000   1.41960000   0.19731579   0.00000000     633.32666667       0
  0.04600000   1.43520000   0.19963613   0.00000000     666.66000000       0
  0.04650000   1.45080000   0.20196741   0.00000000     733.32666667       0
  0.04700000   1.46640000   0.20431186   0.00000000     799.99333333       0
  0.04750000   1.48200000   0.20667200   0.00000000     899.99333333       0
  0.04800000   1.49760000   0.20905246   0.00000000    1099.99333333       0
  0.04850000   1.51320000   0.21146527   0.00000000    1533.32666667       0
  0.04900000   1.52880000   0.52665962   0.00086844      -0.00666667      89
  0.04950000   1.54440000   0.54541069   0.00092377      -0.00666667      97
  0.05000000   1.56000000   0.56709321   0.00098441      -0.00666667     113
  0.05050000   1.57560000   0.59290360   0.00105173      -0.00666667     136
  0.05100000   1.59120000   0.62337147   0.00111911      -0.00666667     168
  0.05150000   1.60680000   0.65647156   0.00118558      -0.00666667     182
  0.05200000   1.62240000   0.68906464   0.00126260      -0.00666667     177
  0.05250000   1.63800000   0.71989654   0.00130088      -0.00666667     170
  0.05300000   1.65360000   0.74902102   0.00131328      -0.00666667     165
  0.05350000   1.66920000   0.77672943   0.00132569      -0.00666667     166
  0.05400000   1.68480000   0.80327054   0.00133808      -0.00666667     160
  0.05450000   1.70040000   0.82883926   0.00135049      -0.00666667     162
  0.05500000   1.71600000   0.85356624   0.00136287      -0.00666667     161
  0.05550000   1.73160000   0.87754789   0.00137529      -0.00666667     161
  0.05600000   1.74720000   0.90086165   0.00138771      -0.00666667     159
  0.05650000   1.76280000   0.92359085   0.00140011      -0.00666667     156
  0.05700000   1.77840000   0.94578675   0.00141251      -0.00666667     158
  0.05750000   1.79400000   0.96749964   0.00142491      -0.00666667     158
  0.05800000   1.80960000   0.98877448   0.00143731      -0.00666667     159
  0.05850000   1.82520000   1.00965073   0.00144970      -0.00666667     158
  0.05900000   1.84080000   1.03015887   0.00146211      -0.00666667     159
  0.05950000   1.85640000   1.05033440   0.00147450      -0.00666667     158
  0.06000000   1.87200000   1.07019829   0.00148692      -0.00666667     154
  0.06050000   1.88760000   1.08978461   0.00149930      -0.00666667     148
  0.06100000   1.90320000   1.10911113   0.00151168      -0.00666667     145
  0.06150000   1.91880000   1.12818846   0.00152410      -0.00666667     137
  0.06200000   1.93440000   1.14704245   0.00153651      -0.00666667     128
  0.06250000   1.95000000   1.16569716   0.00154889      -0.00666667     124
  0.06300000   1.96560000   1.18415281   0.00156072      28.44666667     120
  0.06350000   1.98120000   1.20243229   0.00157371      -0.00666667     109
  0.06400000   1.99680000   1.22055309   0.00158608      -0.00666667     105
  0.06450000   2.01240000   1.23851403   0.00159849      -0.00666667      99
  0.06500000   2.02800000   1.25633290   0.00161089      -0.00666667      88
  0.06550000   2.04360000   1.27402075   0.00162330      -0.00666667      82
  0.06600000   2.05920000   1.29158960   0.00163569      -0.00666667      75
  0.06650000   2.07480000   1.30904404   0.00164797      29.07333333      68
  0.06700000   2.09040000   1.32639528   0.00166049      -0.00666667      56
  0.06750000   2.10600000   1.34365314   0.00167289      -0.00666667      48
  0.06800000   2.12160000   1.36082716   0.00168514      28.63333333      45
  0.06850000   2.13720000   1.37791204   0.00169770      -0.00666667      30
  0.06900000   2.15280000   1.39493485   0.00171009      -0.00666667      21
  0.06950000   2.16840000   1.41189729   0.00172233      27.37333333      17
  0.07000000   2.18400000   1.42882203   0.00173479      -0.00666667      12
  0.07050000   2.19960000   1.44569305   0.00174713      -0.00666667      13
  0.07100000   2.21520000   1.46252465   0.00175948      -0.00666667      13
  0.07150000   2.23080000   1.47932069   0.00177184      -0.00666667      13
  0.07200000   2.24640000   1.49609308   0.00178407      25.60666667      18
  0.07250000   2.26200000   1.51285019   0.00179657      -0.00666667      15
  0.07300000   2.27760000   1.52960249   0.00180882      24.96666667      18
  0.07350000   2.29320000   1.54636027   0.00182133      -0.00666667      12
  0.07400000   2.30880000   1.56313579   0.00183371      -0.00666667      12
  0.07450000   2.32440000   1.57994336   0.00184597      24.05333333      17
  0.07500000   2.34000000   1.59671792   0.00184597    1333.32666667       0
  0.07550000   2.35560000   1.61372067   0.00187088      -0.00666667      15
  0.07600000   2.37120000   1.63073246   0.00188314      22.93333333      16
  0.07650000   2.38680000   1.64786289   0.00189552      22.92666667      18
  0.07700000   2.40240000   1.66514948   0.00190805      -0.00666667      13
  0.07750000   2.41800000   1.68264300   0.00192031      22.38000000      18
  0.07800000   2.43360000   1.70041553   0.00193285      -0.00666667      15
  0.07850000   2.44920000   1.71857665   0.00194509      21.84000000      17
  0.07900000   2.46480000   1.73730947   0.00195749      21.56666667      17
  0.07950000   2.48040000   1.75696796   0.00196992      20.12000000      16
  0.08000000   2.49600000   1.77820125   0.00196992    3499.99333333       0
  0.08050000   2.51160000   1.80727502   0.00196992    9266.66000020       0
  0.08100000   2.52720000   1.94400000   0.00196992    3933.32666666       0
