  0.00000000   0.00000000   0.00000000   0.00000000     399.99333333       0
  0.00050000   0.03432000   0.00212294   0.00000000      66.66000000       0
  0.00100000   0.06864000   0.00424593   0.00000000      66.66000000       0
  0.00150000   0.10296000   0.00636902   0.00000000      66.66000000       0
  0.00200000   0.13728000   0.00849223   0.00000000      99.99333333       0
  0.00250000   0.17160000   0.01061564   0.00000000      99.99333333       0
  0.00300000   0.20592000   0.01273926   0.00000000     133.32666667       0
  0.00350000   0.24024000   0.01486317   0.00000000     133.32666667       0
  0.00400000   0.27456000   0.01698740   0.00000000     133.32666667       0
  0.00450000   0.30888000   0.01911200   0.00000000     133.32666667       0
  0.00500000   0.34320000   0.02123702   0.00000000     133.32666667       0
  0.00550000   0.37752000   0.02336247   0.00000000     166.66000000       0
  0.00600000   0.41184000   0.02548846   0.00000000     166.66000000       0
  0.00650000   0.44616000   0.02761501   0.00000000     166.66000000       0
  0.00700000   0.48048000   0.02974216   0.00000000     166.66000000       0
  0.00750000   0.51480000   0.03186996   0.00000000     166.66000000       0
  0.00800000   0.54912000   0.03399847   0.00000000     166.66000000       0
  0.00850000   0.58344000   0.03612772   0.00000000     166.66000000       0
  0.00900000   0.61776000   0.03825778   0.00000000     166.66000000       0
  0.00950000   0.65208000   0.04038863   0.00000000     199.99333333       0
  0.01000000   0.68640000   0.04252043   0.00000000     199.99333333       0
  0.01050000   0.72072000   0.04465318   0.00000000     199.99333333       0
  0.01100000   0.75504000   0.04678693   0.00000000     199.99333333       0
  0.01150000   0.78936000   0.04892173   0.00000000     199.99333333       0
  0.01200000   0.82368000   0.05105764   0.00000000     199.99333333       0
  0.01250000   0.85800000   0.05319471   0.00000000     199.99333333       0
  0.01300000   0.89232000   0.05533299   0.00000000     199.99333333       0
  0.01350000   0.92664000   0.05747254   0.00000000     199.99333333       0
  0.01400000   0.96096000   0.05961340   0.00000000     199.99333333       0
  0.01450000   0.99528000   0.06175565   0.00000000     199.99333333       0
  0.01500000   1.02960000   0.06389933   0.00000000     199.99333333       0
  0.01550000   1.06392000   0.06604441   0.00000000     233.32666667       0
  0.01600000   1.09824000   0.06819112   0.00000000     233.32666667       0
  0.01650000   1.13256000   0.07033945   0.00000000     233.32666667       0
  0.01700000   1.16688000   0.07248944   0.00000000     233.32666667       0
  0.01750000   1.20120000   0.07464117   0.00000000     233.32666667       0
  0.01800000   1.23552000   0.07679470   0.00000000     233.32666667       0
  0.01850000   1.26984000   0.07895009   0.00000000     233.32666667       0
  0.01900000   1.30416000   0.08110740   0.00000000     233.32666667       0
  0.01950000   1.33848000   0.08326671   0.00000000     233.32666667       0
  0.02000000   1.37280000   0.08542808   0.00000000     233.32666667       0
  0.02050000   1.40712000   0.08759158   0.00000000     233.32666667       0
  0.02100000   1.44144000   0.08975729   0.00000000     233.32666667       0
  0.02150000   1.47576000   0.09192514   0.00000000     266.66000000       0
  0.02200000   1.51008000   0.09409547   0.00000000     266.66000000       0
  0.02250000   1.54440000   0.09626823   0.00000000     266.66000000       0
  0.02300000   1.57872000   0.09844349   0.00000000     266.66000000       0
  0.02350000   1.61304000   0.10062135   0.00000000     266.66000000       0
  0.02400000   1.64736000   0.10280189   0.00000000     266.66000000       0
  0.02450000   1.68168000   0.10498519   0.00000000     266.66000000       0
  0.02500000   1.71600000   0.10717133   0.00000000     266.66000000       0
  0.02550000   1.75032000   0.10936043   0.00000000     266.66000000       0
  0.02600000   1.78464000   0.11155256   0.00000000     266.66000000       0
  0.02650000   1.81896000   0.11374782   0.00000000     266.66000000       0
  0.02700000   1.85328000   0.11594614   0.00000000     299.99333333       0
  0.02750000   1.88760000   0.11814797   0.00000000     299.99333333       0
  0.02800000   1.92192000   0.12035325   0.00000000     299.99333333       0
  0.02850000   1.95624000   0.12256209   0.00000000     299.99333333       0
  0.02900000   1.99056000   0.12477462   0.00000000     299.99333333       0
  0.02950000   2.02488000   0.12699096   0.00000000     299.99333333       0
  0.03000000   2.05920000   0.12921122   0.00000000     299.99333333       0
  0.03050000   2.09352000   0.13143556   0.00000000     299.99333333       0
  0.03100000   2.12784000   0.13366386   0.00000000     333.32666667       0
  0.03150000   2.16216000   0.13589673   0.00000000     333.32666667       0
  0.03200000   2.19648000   0.13813410   0.00000000     333.32666667       0
  0.03250000   2.23080000   0.14037614   0.00000000     333.32666667       0
  0.03300000   2.26512000   0.14262301   0.00000000     333.32666667       0
  0.03350000   2.29944000   0.14487490   0.00000000     333.32666667       0
  0.03400000   2.33376000   0.14713172   0.00000000     366.66000000       0
  0.03450000   2.36808000   0.14939418   0.00000000     366.66000000       0
  0.03500000   2.40240000   0.15166226   0.00000000     366.66000000       0
  0.03550000   2.43672000   0.15393619   0.00000000     366.66000000       0
  0.03600000   2.47104000   0.15621620   0.00000000     366.66000000       0
  0.03650000   2.50536000   0.15850226   0.00000000     399.99333333       0
  0.03700000   2.53968000   0.16079521   0.00000000     399.99333333       0
  0.03750000   2.57400000   0.16309510   0.00000000     399.99333333       0
  0.03800000   2.60832000   0.16540195   0.00000000     433.32666667       0
  0.03850000   2.64264000   0.16771668   0.00000000     433.32666667       0
  0.03900000   2.67696000   0.17003944   0.00000000     433.32666667       0
  0.03950000   2.71128000   0.17237031   0.00000000     466.66000000       0
  0.04000000   2.74560000   0.17471042   0.00000000     466.66000000       0
  0.04050000   2.77992000   0.17705967   0.00000000     499.99333333       0
  0.04100000   2.81424000   0.17941932   0.00000000     499.99333333       0
  0.04150000   2.84856000   0.18178942   0.00000000     533.32666667       0
  0.04200000   2.88288000   0.18417113   0.00000000     566.66000000       0
  0.04250000   2.91720000   0.18656573   0.00000000     566.66000000       0
  0.04300000   2.95152000   0.18897342   0.00000000     633.32666667       0
  0.04350000   2.98584000   0.19139662   0.00000000     666.66000000       0
  0.04400000   3.02016000   0.19383691   0.00000000     699.99333333       0
  0.04450000   3.05448000   0.19629622   0.00000000     799.99333333       0
  0.04500000   3.08880000   0.19877898   0.00000000     899.99333333       0
  0.04550000   3.12312000   0.20129099   0.00000000    1066.66000000       0
  0.04600000   3.15744000   0.20384540   0.00000000    1433.32666667       0
  0.04650000   3.19176000   0.20653572   0.00000000    7866.66000025       1
  0.04700000   3.22608000   0.82846623   0.00061468      -0.00666667     223
  0.04750000   3.26040000   0.88648789   0.00062104      -0.00666667     185
  0.04800000   3.29472000   0.91416775   0.00062760      -0.00666667     161
  0.04850000   3.32904000   0.94092334   0.00063412      -0.00666667     145
  0.04900000   3.36336000   0.96691580   0.00064067      -0.00666667     126
  0.04950000   3.39768000   0.99231493   0.00064723      -0.00666667     105
  0.05000000   3.43200000   1.01728877   0.00065375      -0.00666667      90
  0.05050000   3.46632000   1.04198714   0.00066029      -0.00666667      69
  0.05100000   3.50064000   1.06660506   0.00066683      -0.00666667      44
  0.05150000   3.53496000   1.09140159   0.00067338      -0.00666667      15
  0.05200000   3.56928000   1.11689537   0.00067978      28.00666667      16
  0.05250000   3.60360000   1.14389740   0.00067978    3099.99333333       0
  0.05300000   3.63792000   1.17701620   0.00069275      26.78666667      16
  0.05350000   3.67224000   1.28400000   0.00069275    3799.99333333       0
