  0.09850000       0.81390666        0
  0.09800000       0.83748406        0
  0.09750000       0.82896400        0
  0.09700000       0.82053398        0
  0.09650000       0.81205117        0
  0.09600000       0.80370372        0
  0.09550000       0.79528160        0
  0.09500000       0.78705695        0
  0.09450000       0.77875844        0
  0.09400000       0.77054062        0
  0.09350000       0.76233159        0
  0.09300000       0.75423506        0
  0.09250000       0.74615449        0
  0.09200000       0.73807933        0
  0.09150000       0.73007481        0
  0.09100000       0.72216506        0
  0.09050000       0.71420880        0
  0.09000000       0.70635728        0
  0.08950000       0.69852583        0
  0.08900000       0.69074769        0
  0.08850000       0.68301700        0
  0.08800000       0.67528694        0
  0.08750000       0.66767961        0
  0.08700000       0.66006720        0
  0.08650000       0.65250090        0
  0.08600000       0.64502875        0
  0.08550000       0.63754700        0
  0.08500000       0.63011386        0
  0.08450000       0.62273065        0
  0.08400000       0.61531863        0
  0.08350000       0.60808600        0
  0.08300000       0.60076500        0
  0.08250000       0.59362087        0
  0.08200000       0.58644760        0
  0.08150000       0.57921127        0
  0.08100000       0.57217081        0
  0.08050000       0.56511381        0
  0.08000000       0.55813678        0
  0.07950000       0.55114329        0
  0.07900000       0.54425339        0
  0.07850000       0.53739432        0
  0.07800000       0.53059929        0
  0.07750000       0.52383865        0
  0.07700000       0.51705847        0
  0.07650000       0.51036712        0
  0.07600000       0.50374797        0
  0.07550000       0.49712336        0
  0.07500000       0.49061718        0
  0.07450000       0.48404706        0
  0.07400000       0.47759597        0
  0.07350000       0.47114325        0
  0.07300000       0.46478628        0
  0.07250000       0.45839693        0
  0.07200000       0.45210541        0
  0.07150000       0.44584844        0
  0.07100000       0.43965921        0
  0.07050000       0.43347361        0
  0.07000000       0.42742172        0
  0.06950000       0.42126101        0
  0.06900000       0.41523352        0
  0.06850000       0.40924099        0
  0.06800000       0.40333714        0
  0.06750000       0.39735215        0
  0.06700000       0.39152888        0
  0.06650000       0.38567219        0
  0.06600000       0.37994377        0
  0.06550000       0.37422070        0
  0.06500000       0.36849081        0
  0.06450000       0.36290186        0
  0.06400000       0.35728830        0
  0.06350000       0.35167579        0
  0.06300000       0.34617653        0
  0.06250000       0.34074691        0
  0.06200000       0.33528655        0
  0.06150000       0.32989089        0
  0.06100000       0.32447463        1
  0.06050000       0.31920175        0
  0.06000000       0.31400073        0
  0.05950000       0.30875038        0
  0.05900000       0.30359382        0
  0.05850000       0.29851070        0
  0.05800000       0.29339612        1
  0.05750000       0.28837418        0
  0.05700000       0.28339874        0
  0.05650000       0.27845429        0
  0.05600000       0.27355621        1
  0.05550000       0.26872385        0
  0.05500000       0.26388152        0
  0.05450000       0.25914447        0
  0.05400000       0.25439289        1
  0.05350000       0.24972480        0
  0.05300000       0.24518915        1
  0.05250000       0.24039362        1
  0.05200000       0.23583959        1
  0.05150000       0.23152922        1
  0.05100000       0.22695263        1
  0.05050000       0.22246155        1
  0.05000000       0.21806045        1
  0.04950000       0.21380838        4
  0.04900000       0.20952445        3
  0.04850000       0.16819866       84
  0.04800000       0.07216510       44
  0.04750000       0.06907927       44
  0.04700000       0.06630390       40
  0.04650000       0.06363453       40
  0.04600000       0.06093684       36
  0.04550000       0.05854381       32
  0.04500000       0.05629241       32
  0.04450000       0.05380527       32
  0.04400000       0.05143654       28
  0.04350000       0.04942624       28
  0.04300000       0.04710894       28
  0.04250000       0.04495512       28
  0.04200000       0.04302940       24
  0.04150000       0.04073974       24
  0.04100000       0.03868282       24
  0.04050000       0.03650464       20
  0.04000000       0.03445014       20
  0.03950000       0.03237090       20
  0.03900000       0.03022206       20
  0.03850000       0.02777743       16
  0.03800000       0.02485288       16
  0.03750000       0.01561225        3
  0.03700000       0.01269202        0
  0.03650000       0.01234611        0
  0.03600000       0.01200524        0
  0.03550000       0.01166947        0
  0.03500000       0.01133865        0
  0.03450000       0.01101280        0
  0.03400000       0.01069201        0
  0.03350000       0.01037610        0
  0.03300000       0.01006512        0
  0.03250000       0.00975906        0
  0.03200000       0.00945791        0
  0.03150000       0.00916172        0
  0.03100000       0.00887035        0
  0.03050000       0.00858384        0
  0.03000000       0.00830218        0
  0.02950000       0.00802542        0
  0.02900000       0.00775344        0
  0.02850000       0.00748626        0
  0.02800000       0.00722390        0
  0.02750000       0.00696633        0
  0.02700000       0.00671355        0
  0.02650000       0.00646560        0
  0.02600000       0.00622237        0
  0.02550000       0.00598389        0
  0.02500000       0.00575017        0
  0.02450000       0.00552119        0
  0.02400000       0.00529694        0
  0.02350000       0.00507746        0
  0.02300000       0.00486267        0
  0.02250000       0.00465258        0
  0.02200000       0.00444720        0
  0.02150000       0.00424652        0
  0.02100000       0.00405053        0
  0.02050000       0.00385923        0
  0.02000000       0.00367261        0
  0.01950000       0.00349070        0
  0.01900000       0.00331343        0
  0.01850000       0.00314082        0
  0.01800000       0.00297287        0
  0.01750000       0.00280958        0
  0.01700000       0.00265093        0
  0.01650000       0.00249693        0
  0.01600000       0.00234760        0
  0.01550000       0.00220288        0
  0.01500000       0.00206279        0
  0.01450000       0.00192733        0
  0.01400000       0.00179649        0
  0.01350000       0.00167028        0
  0.01300000       0.00154868        0
  0.01250000       0.00143173        0
  0.01200000       0.00131936        0
  0.01150000       0.00121160        0
  0.01100000       0.00110845        0
  0.01050000       0.00100990        0
  0.01000000       0.00091595        0
  0.00950000       0.00082659        0
  0.00900000       0.00074187        0
  0.00850000       0.00066171        0
  0.00800000       0.00058614        0
  0.00750000       0.00051516        0
  0.00700000       0.00044876        0
  0.00650000       0.00038700        0
  0.00600000       0.00032978        0
  0.00550000       0.00027714        0
  0.00500000       0.00022909        0
  0.00450000       0.00018567        0
  0.00400000       0.00014678        0
  0.00350000       0.00011246        0
  0.00300000       0.00008281        0
  0.00250000       0.00005765        0
  0.00200000       0.00003707        0
  0.00150000       0.00002122        0
  0.00100000       0.00001011        0
  0.00050000       0.00000326        0
