   2.5000000000000019E-002    2578.239583331578     
   2.5000000000000019E-002    2610.458333331109     
   2.5000000000000019E-002    2641.802083330653     
   2.5000000000000019E-002    2672.427083330207     
   2.5000000000000019E-002    2702.427083329771     
   2.5000000000000019E-002    2731.874999996009     
   2.5000000000000019E-002    2760.843749995587     
   2.5000000000000019E-002    2789.374999995172     
   2.5000000000000019E-002    2817.510416661429     
   2.5000000000000019E-002    2845.260416661025     
   2.5000000000000019E-002    2872.687499993960     
   2.5000000000000019E-002    2899.781249993565     
   2.5000000000000019E-002    2926.583333326509     
   2.5000000000000019E-002    2953.104166659456     
   2.5000000000000019E-002    2979.354166659074     
   2.5000000000000019E-002    3005.364583325362     
   2.5000000000000019E-002    3031.145833324987     
   2.5000000000000019E-002    3056.697916657949     
   2.5000000000000019E-002    3082.052083324246     
   2.5000000000000019E-002    3107.197916657214     
   2.5000000000000019E-002    3132.156249990184     
   2.5000000000000019E-002    3156.947916656490     
   2.5000000000000019E-002    3181.562499989465     
   2.5000000000000019E-002    3206.010416655776     
   2.5000000000000019E-002    3230.322916655422     
   2.5000000000000019E-002    3254.479166655070     
   2.5000000000000019E-002    3278.510416654721     
   2.5000000000000019E-002    3302.406249987706     
   2.5000000000000019E-002    3326.177083320694     
   2.5000000000000019E-002    3349.833333320350     
   2.5000000000000019E-002    3373.374999986674     
   2.5000000000000019E-002    3396.802083319666     
   2.5000000000000019E-002    3420.135416652660     
   2.5000000000000019E-002    3443.374999985655     
   2.5000000000000019E-002    3466.520833318652     
   2.5000000000000019E-002    3489.572916651649     
   2.5000000000000019E-002    3512.541666651315     
   2.5000000000000019E-002    3535.427083317649     
   2.5000000000000019E-002    3558.239583317317     
   2.5000000000000019E-002    3580.968749983653     
   2.5000000000000019E-002    3603.635416649990     
   2.5000000000000019E-002    3626.229166649661     
   2.5000000000000019E-002    3648.760416649333     
   2.5000000000000019E-002    3671.229166649006     
   2.5000000000000019E-002    3693.645833315346     
   2.5000000000000019E-002    3715.989583315021     
   2.5000000000000019E-002    3738.291666648030     
   2.5000000000000019E-002    3760.531249981040     
   2.5000000000000019E-002    3782.729166647383     
   2.5000000000000019E-002    3804.874999980394     
   2.5000000000000019E-002    3826.968749980073     
   2.5000000000000019E-002    3849.020833313085     
   2.5000000000000019E-002    3871.031249979432     
   2.5000000000000019E-002    3893.010416645779     
   2.5000000000000019E-002    3914.937499978793     
   2.5000000000000019E-002    3936.822916645141     
   2.5000000000000019E-002    3958.687499978156     
   2.5000000000000019E-002    3980.499999977839     
   2.5000000000000019E-002    4002.291666644188     
   2.5000000000000019E-002    4024.041666643872     
   2.5000000000000019E-002    4045.770833310222     
   2.5000000000000019E-002    4067.458333309907     
   2.5000000000000019E-002    4089.124999976258     
   2.5000000000000019E-002    4110.760416643254     
   2.5000000000000019E-002    4132.364583310549     
   2.5000000000000019E-002    4153.947916644511     
   2.5000000000000019E-002    4175.510416645138     
   2.5000000000000019E-002    4197.041666645765     
   2.5000000000000019E-002    4218.552083313058     
   2.5000000000000019E-002    4240.041666647016     
   2.5000000000000019E-002    4261.510416647641     
   2.5000000000000019E-002    4282.958333314932     
   2.5000000000000019E-002    4304.385416648889     
   2.5000000000000019E-002    4325.802083316179     
   2.5000000000000019E-002    4347.187499983468     
   2.5000000000000019E-002    4368.562499984090     
   2.5000000000000019E-002    4389.916666651378     
   2.5000000000000019E-002    4411.249999985333     
   2.5000000000000019E-002    4432.572916652620     
   2.5000000000000019E-002    4453.885416653240     
   2.5000000000000019E-002    4475.177083320526     
   2.5000000000000019E-002    4496.458333321146     
   2.5000000000000019E-002    4517.718749988431     
   2.5000000000000019E-002    4538.968749989050     
   2.5000000000000019E-002    4560.208333323001     
   2.5000000000000019E-002    4581.437499990286     
   2.5000000000000019E-002    4602.656249990903     
   2.5000000000000019E-002    4623.854166658187     
   2.5000000000000019E-002    4645.052083325470     
   2.5000000000000019E-002    4666.229166659420     
   2.5000000000000019E-002    4687.406249993370     
   2.5000000000000019E-002    4708.562499993986     
   2.5000000000000019E-002    4729.718749994601     
   2.5000000000000019E-002    4750.854166661883     
   2.5000000000000019E-002    4771.989583329165     
   2.5000000000000019E-002    4793.114583329780     
   2.5000000000000019E-002    4814.229166663727     
   2.5000000000000019E-002    4835.343749997675     
   2.5000000000000019E-002    4856.437499998289     
   2.5000000000000019E-002    4877.531249998903     
   2.5000000000000019E-002    4898.624999999517     
   2.5000000000000019E-002    4919.697916666797     
   2.5000000000000019E-002    4940.770833334077     
   2.5000000000000019E-002    4961.833333334690     
   2.5000000000000019E-002    4982.895833335303     
   2.5000000000000019E-002    5003.947916669249     
   2.5000000000000019E-002    5025.000000003195     
   2.5000000000000019E-002    5046.041666670474     
   2.5000000000000019E-002    5067.072916671086     
   2.5000000000000019E-002    5088.104166671698     
   2.5000000000000019E-002    5109.135416672310     
   2.5000000000000019E-002    5130.156250006256     
   2.5000000000000019E-002    5151.177083340201     
   2.5000000000000019E-002    5172.187500007479     
   2.5000000000000019E-002    5193.187500008090     
   2.5000000000000019E-002    5214.197916675368     
   2.5000000000000019E-002    5235.197916675979     
   2.5000000000000019E-002    5256.187500009923     
   2.5000000000000019E-002    5277.177083343868     
   2.5000000000000019E-002    5298.166666677812     
   2.5000000000000019E-002    5319.156250011756     
   2.5000000000000019E-002    5340.135416679033     
   2.5000000000000019E-002    5361.104166679644     
   2.5000000000000019E-002    5382.083333346921     
   2.5000000000000019E-002    5403.052083347531     
   2.5000000000000019E-002    5424.020833348141     
   2.5000000000000019E-002    5444.989583348752     
   2.5000000000000019E-002    5465.947916682695     
   2.5000000000000019E-002    5486.906250016638     
   2.5000000000000019E-002    5507.864583350582     
   2.5000000000000019E-002    5528.812500017858     
   2.5000000000000019E-002    5549.770833351801     
   2.5000000000000019E-002    5570.718750019078     
   2.5000000000000019E-002    5591.666666686354     
   2.5000000000000019E-002    5612.604166686963     
   2.5000000000000019E-002    5633.552083354240     
   2.5000000000000019E-002    5654.489583354849     
   2.5000000000000019E-002    5675.427083355458     
   2.5000000000000019E-002    5696.364583356068     
   2.5000000000000019E-002    5717.302083356677     
   2.5000000000000019E-002    5738.229166690619     
   2.5000000000000019E-002    5759.166666691229     
   2.5000000000000019E-002    5780.093750025171     
   2.5000000000000019E-002    5801.020833359114     
   2.5000000000000019E-002    5821.947916693056     
   2.5000000000000019E-002    5842.875000026998     
   2.5000000000000019E-002    5863.791666694274     
   2.5000000000000019E-002    5884.718750028216     
   2.5000000000000019E-002    5905.635416695492     
   2.5000000000000019E-002    5926.552083362767     
   2.5000000000000019E-002    5947.479166696709     
   2.5000000000000019E-002    5968.395833363985     
   2.5000000000000019E-002    5989.302083364593     
   2.5000000000000019E-002    6010.218750031869     
   2.5000000000000019E-002    6031.135416699144     
   2.5000000000000019E-002    6052.041666699753     
   2.5000000000000019E-002    6072.958333367028     
   2.5000000000000019E-002    6093.864583367636     
   2.5000000000000019E-002    6114.770833368245     
   2.5000000000000019E-002    6135.687500035520     
   2.5000000000000019E-002    6156.593750036129     
   2.5000000000000019E-002    6177.500000036737     
   2.5000000000000019E-002    6198.395833370679     
   2.5000000000000019E-002    6219.302083371287     
   2.5000000000000019E-002    6240.208333371896     
   2.5000000000000019E-002    6261.114583372504     
   2.5000000000000019E-002    6282.010416706446     
   2.5000000000000019E-002    6302.916666707054     
   2.5000000000000019E-002    6323.812500040995     
   2.5000000000000019E-002    6344.718750041604     
   2.5000000000000019E-002    6365.614583375545     
   2.5000000000000019E-002    6386.510416709487     
   2.5000000000000019E-002    6407.416666710095     
   2.5000000000000019E-002    6428.312500044037     
   2.5000000000000019E-002    6449.208333377978     
   2.5000000000000019E-002    6470.104166711920     
   2.5000000000000019E-002    6491.000000045861     
   2.5000000000000019E-002    6511.895833379803     
   2.5000000000000019E-002    6532.791666713744     
   2.5000000000000019E-002    6553.687500047686     
   2.5000000000000019E-002    6574.583333381627     
   2.5000000000000019E-002    6595.468750048902     
   2.5000000000000019E-002    6616.364583382843     
   2.5000000000000019E-002    6637.260416716785     
   2.5000000000000019E-002    6658.145833384059     
   2.5000000000000019E-002    6679.041666718001     
   2.5000000000000019E-002    6699.937500051942     
   2.5000000000000019E-002    6720.822916719217     
   2.5000000000000019E-002    6741.718750053158     
   2.5000000000000019E-002    6762.604166720433     
   2.5000000000000019E-002    6783.500000054374     
   2.5000000000000019E-002    6804.385416721649     
   2.5000000000000019E-002    6825.270833388923     
   2.5000000000000019E-002    6846.166666722865     
   2.5000000000000019E-002    6867.052083390139     
   2.5000000000000019E-002    6887.937500057414     
   2.5000000000000019E-002    6908.833333391355     
   2.5000000000000019E-002    6929.718750058630     
   2.5000000000000019E-002    6950.604166725904     
   2.5000000000000019E-002    6971.489583393179     
   2.5000000000000019E-002    6992.385416727120     
   2.5000000000000019E-002    7013.270833394395     
   2.5000000000000019E-002    7034.156250061669     
   2.5000000000000019E-002    7055.041666728944     
   2.5000000000000019E-002    7075.927083396218     
   2.5000000000000019E-002    7096.812500063493     
   2.5000000000000019E-002    7117.697916730767     
   2.5000000000000019E-002    7138.583333398042     
   2.5000000000000019E-002    7159.468750065316     
   2.5000000000000019E-002    7180.354166732591     
   2.5000000000000019E-002    7201.239583399865     
   2.5000000000000019E-002    7222.125000067140     
   2.5000000000000019E-002    7243.010416734414     
   2.5000000000000019E-002    7263.895833401689     
   2.5000000000000019E-002    7284.781250068963     
   2.5500000000000019E-002    115.6041666666843     
   2.5500000000000019E-002    135.6354166666830     
   2.5500000000000019E-002    155.6041666666648     
   2.5500000000000019E-002    175.5104166666467     
   2.5500000000000019E-002    195.3645833332953     
   2.5500000000000019E-002    215.1562499999440     
   2.5500000000000019E-002    234.8958333332594     
   2.5500000000000019E-002    254.5729166665748     
   2.5500000000000019E-002    274.2083333332733     
   2.5500000000000019E-002    293.8020833333089     
   2.5500000000000019E-002    313.3333333333445     
   2.5500000000000019E-002    332.8333333333799     
   2.5500000000000019E-002    352.2812500000820     
   2.5500000000000019E-002    371.6979166667840     
   2.5500000000000019E-002    391.0625000001525     
   2.5500000000000019E-002    410.4062500001877     
   2.5500000000000019E-002    429.6979166668895     
   2.5500000000000019E-002    448.9687500002578     
   2.5500000000000019E-002    468.1979166669595     
   2.5500000000000019E-002    487.3958333336611     
   2.5500000000000019E-002    506.5625000003626     
   2.5500000000000019E-002    525.6979166669893     
   2.5500000000000019E-002    544.8125000002531     
   2.5500000000000019E-002    563.8958333335170     
   2.5500000000000019E-002    582.9479166667810     
   2.5500000000000019E-002    601.9791666667118     
   2.5500000000000019E-002    620.9895833333093     
   2.5500000000000019E-002    639.9687499999069     
   2.5500000000000019E-002    658.9270833331713     
   2.5500000000000019E-002    677.8749999997690     
   2.5500000000000019E-002    696.7916666663668     
   2.5500000000000019E-002    715.6874999996314     
   2.5500000000000019E-002    734.5729166662294     
   2.5500000000000019E-002    753.4374999994941     
   2.5500000000000019E-002    772.2812499994255     
   2.5500000000000019E-002    791.1041666660237     
   2.5500000000000019E-002    809.9166666659553     
   2.5500000000000019E-002    828.7083333325536     
   2.5500000000000019E-002    847.4895833324853     
   2.5500000000000019E-002    866.2604166657503     
   2.5500000000000019E-002    885.0104166656821     
   2.5500000000000019E-002    903.7499999989473     
   2.5500000000000019E-002    922.4687499988792     
   2.5500000000000019E-002    941.1874999988111     
   2.5500000000000019E-002    959.8854166654097     
   2.5500000000000019E-002    978.5729166653417     
   2.5500000000000019E-002    997.2499999986071     
   2.5500000000000019E-002    1015.916666665206     
   2.5500000000000019E-002    1034.572916665253     
   2.5500000000000019E-002    1053.208333332056     
   2.5500000000000019E-002    1071.843749998858     
   2.5500000000000019E-002    1090.479166665660     
   2.5500000000000019E-002    1109.093749999129     
   2.5500000000000019E-002    1127.697916665931     
   2.5500000000000019E-002    1146.302083332733     
   2.5500000000000019E-002    1164.895833332868     
   2.5500000000000019E-002    1183.479166666337     
   2.5500000000000019E-002    1202.052083333139     
   2.5500000000000019E-002    1220.614583333274     
   2.5500000000000019E-002    1239.177083333409     
   2.5500000000000019E-002    1257.739583333544     
   2.5500000000000019E-002    1276.281250000345     
   2.5500000000000019E-002    1294.822916667147     
   2.5500000000000019E-002    1313.364583333949     
   2.5500000000000019E-002    1331.895833334083     
   2.5500000000000019E-002    1350.416666667551     
   2.5500000000000019E-002    1368.937500001020     
   2.5500000000000019E-002    1387.447916667821     
   2.5500000000000019E-002    1405.958333334622     
   2.5500000000000019E-002    1424.458333334757     
   2.5500000000000019E-002    1442.958333334891     
   2.5500000000000019E-002    1461.458333335026     
   2.5500000000000019E-002    1479.947916668494     
   2.5500000000000019E-002    1498.427083335295     
   2.5500000000000019E-002    1516.916666668763     
   2.5500000000000019E-002    1535.385416668897     
   2.5500000000000019E-002    1553.864583335698     
   2.5500000000000019E-002    1572.333333335833     
   2.5500000000000019E-002    1590.802083335967     
   2.5500000000000019E-002    1609.260416669435     
   2.5500000000000019E-002    1627.718750002902     
   2.5500000000000019E-002    1646.177083336370     
   2.5500000000000019E-002    1664.635416669838     
   2.5500000000000019E-002    1683.083333336639     
   2.5500000000000019E-002    1701.531250003439     
   2.5500000000000019E-002    1719.968750003574     
   2.5500000000000019E-002    1738.416666670375     
   2.5500000000000019E-002    1756.854166670509     
   2.5500000000000019E-002    1775.291666670643     
   2.5500000000000019E-002    1793.718750004110     
   2.5500000000000019E-002    1812.156250004244     
   2.5500000000000019E-002    1830.583333337712     
   2.5500000000000019E-002    1849.010416671179     
   2.5500000000000019E-002    1867.437500004647     
   2.5500000000000019E-002    1885.864583338114     
   2.5500000000000019E-002    1904.281250004915     
   2.5500000000000019E-002    1922.697916671715     
   2.5500000000000019E-002    1941.114583338516     
   2.5500000000000019E-002    1959.531250005317     
   2.5500000000000019E-002    1977.947916672117     
   2.5500000000000019E-002    1996.354166672251     
   2.5500000000000019E-002    2014.770833339052     
   2.5500000000000019E-002    2033.177083339186     
   2.5500000000000019E-002    2051.583333339242     
   2.5500000000000019E-002    2069.989583338974     
   2.5500000000000019E-002    2088.395833338706     
   2.5500000000000019E-002    2106.802083338438     
   2.5500000000000019E-002    2125.197916671504     
   2.5500000000000019E-002    2143.604166671236     
   2.5500000000000019E-002    2162.000000004301     
   2.5500000000000019E-002    2180.395833337367     
   2.5500000000000019E-002    2198.791666670433     
   2.5500000000000019E-002    2217.197916670165     
   2.5500000000000019E-002    2235.583333336564     
   2.5500000000000019E-002    2253.979166669630     
   2.5500000000000019E-002    2272.375000002695     
   2.5500000000000019E-002    2290.770833335761     
   2.5500000000000019E-002    2309.156250002160     
   2.5500000000000019E-002    2327.552083335226     
   2.5500000000000019E-002    2345.937500001625     
   2.5500000000000019E-002    2364.322916668024     
   2.5500000000000019E-002    2382.708333334423     
   2.5500000000000019E-002    2401.104166667489     
   2.5500000000000019E-002    2419.489583333888     
   2.5500000000000019E-002    2437.875000000287     
   2.5500000000000019E-002    2456.260416666686     
   2.5500000000000019E-002    2474.635416666419     
   2.5500000000000019E-002    2493.020833332818     
   2.5500000000000019E-002    2511.406249999217     
   2.5500000000000019E-002    2529.791666665616     
   2.5500000000000019E-002    2548.166666665349     
   2.5500000000000019E-002    2566.552083331748     
   2.5500000000000019E-002    2584.927083331480     
   2.5500000000000019E-002    2603.312499997880     
   2.5500000000000019E-002    2621.687499997612     
   2.5500000000000019E-002    2640.072916664011     
   2.5500000000000019E-002    2658.447916663744     
   2.5500000000000019E-002    2676.822916663476     
   2.5500000000000019E-002    2695.197916663209     
   2.5500000000000019E-002    2713.583333329608     
   2.5500000000000019E-002    2731.958333329341     
   2.5500000000000019E-002    2750.333333329073     
   2.5500000000000019E-002    2768.708333328806     
   2.5500000000000019E-002    2787.083333328539     
   2.5500000000000019E-002    2805.458333328271     
   2.5500000000000019E-002    2823.833333328004     
   2.5500000000000019E-002    2842.208333327736     
   2.5500000000000019E-002    2860.583333327469     
   2.5500000000000019E-002    2878.958333327202     
   2.5500000000000019E-002    2897.333333326934     
   2.5500000000000019E-002    2915.697916660000     
   2.5500000000000019E-002    2934.072916659733     
   2.5500000000000019E-002    2952.447916659466     
   2.5500000000000019E-002    2970.822916659198     
   2.5500000000000019E-002    2989.187499992264     
   2.5500000000000019E-002    3007.562499991997     
   2.5500000000000019E-002    3025.937499991730     
   2.5500000000000019E-002    3044.302083324796     
   2.5500000000000019E-002    3062.677083324528     
   2.5500000000000019E-002    3081.052083324261     
   2.5500000000000019E-002    3099.416666657327     
   2.5500000000000019E-002    3117.791666657060     
   2.5500000000000019E-002    3136.156249990126     
   2.5500000000000019E-002    3154.531249989858     
   2.5500000000000019E-002    3172.895833322924     
   2.5500000000000019E-002    3191.270833322657     
   2.5500000000000019E-002    3209.635416655723     
   2.5500000000000019E-002    3228.010416655456     
   2.5500000000000019E-002    3246.374999988522     
   2.5500000000000019E-002    3264.749999988254     
   2.5500000000000019E-002    3283.114583321320     
   2.5500000000000019E-002    3301.479166654387     
   2.5500000000000019E-002    3319.854166654119     
   2.5500000000000019E-002    3338.218749987185     
   2.5500000000000019E-002    3356.593749986918     
   2.5500000000000019E-002    3374.958333319984     
   2.5500000000000019E-002    3393.322916653050     
   2.5500000000000019E-002    3411.697916652783     
   2.5500000000000019E-002    3430.062499985849     
   2.6000000000000020E-002    118.6875000000190     
   2.6000000000000020E-002    136.3645833333490     
   2.6000000000000020E-002    153.9999999999996     
   2.6000000000000020E-002    171.5937499999836     
   2.6000000000000020E-002    189.1458333333010     
   2.6000000000000020E-002    206.6666666666184     
   2.6000000000000020E-002    224.1562499999358     
   2.6000000000000020E-002    241.6041666665866     
   2.6000000000000020E-002    259.0208333332457     
   2.6000000000000020E-002    276.4062499999440     
   2.6000000000000020E-002    293.7708333333089     
   2.6000000000000020E-002    311.1041666666737     
   2.6000000000000020E-002    328.4062500000385     
   2.6000000000000020E-002    345.6770833334033     
   2.6000000000000020E-002    362.9270833334347     
   2.6000000000000020E-002    380.1562500001327     
   2.6000000000000020E-002    397.3645833334973     
   2.6000000000000020E-002    414.5416666668619     
   2.6000000000000020E-002    431.7083333335598     
   2.6000000000000020E-002    448.8437500002576     
   2.6000000000000020E-002    465.9687500002888     
   2.6000000000000020E-002    483.0625000003199     
   2.6000000000000020E-002    500.1458333336843     
   2.6000000000000020E-002    517.2187500003535     
   2.6000000000000020E-002    534.2604166669581     
   2.6000000000000020E-002    551.2916666668962     
   2.6000000000000020E-002    568.3125000001676     
   2.6000000000000020E-002    585.3125000001057     
   2.6000000000000020E-002    602.3020833333773     
   2.6000000000000020E-002    619.2708333333155     
   2.6000000000000020E-002    636.2291666665872     
   2.6000000000000020E-002    653.1770833331922     
   2.6000000000000020E-002    670.1145833331306     
   2.6000000000000020E-002    687.0416666664023     
   2.6000000000000020E-002    703.9479166663408     
   2.6000000000000020E-002    720.8437499996127     
   2.6000000000000020E-002    737.7395833328845     
   2.6000000000000020E-002    754.6145833328231     
   2.6000000000000020E-002    771.4895833327618     
   2.6000000000000020E-002    788.3437499993671     
   2.6000000000000020E-002    805.1979166659725     
   2.6000000000000020E-002    822.0312499992446     
   2.6000000000000020E-002    838.8645833325166     
   2.6000000000000020E-002    855.6874999991221     
   2.6000000000000020E-002    872.5104166657276     
   2.6000000000000020E-002    889.3124999989998     
   2.6000000000000020E-002    906.1145833322720     
   2.6000000000000020E-002    922.9166666655442     
   2.6000000000000020E-002    939.6979166654831     
   2.6000000000000020E-002    956.4791666654221     
   2.6000000000000020E-002    973.2499999986944     
   2.6000000000000020E-002    990.0208333319667     
   2.6000000000000020E-002    1006.781249998572     
   2.6000000000000020E-002    1023.541666665178     
   2.6000000000000020E-002    1040.291666665295     
   2.6000000000000020E-002    1057.041666665417     
   2.6000000000000020E-002    1073.781249998872     
   2.6000000000000020E-002    1090.510416665660     
   2.6000000000000020E-002    1107.239583332449     
   2.6000000000000020E-002    1123.968749999237     
   2.6000000000000020E-002    1140.687499999359     
   2.6000000000000020E-002    1157.406249999480     
   2.6000000000000020E-002    1174.124999999602     
   2.6000000000000020E-002    1190.833333333057     
   2.6000000000000020E-002    1207.531249999845     
   2.6000000000000020E-002    1224.239583333300     
   2.6000000000000020E-002    1240.937500000088     
   2.6000000000000020E-002    1257.625000000210     
   2.6000000000000020E-002    1274.322916666998     
   2.6000000000000020E-002    1291.010416667119     
   2.6000000000000020E-002    1307.687500000574     
   2.6000000000000020E-002    1324.375000000695     
   2.6000000000000020E-002    1341.052083334150     
   2.6000000000000020E-002    1357.729166667605     
   2.6000000000000020E-002    1374.395833334393     
   2.6000000000000020E-002    1391.072916667847     
   2.6000000000000020E-002    1407.739583334635     
   2.6000000000000020E-002    1424.406250001423     
   2.6000000000000020E-002    1441.062500001544     
   2.6000000000000020E-002    1457.729166668332     
   2.6000000000000020E-002    1474.385416668453     
   2.6000000000000020E-002    1491.041666668575     
   2.6000000000000020E-002    1507.697916668696     
   2.6000000000000020E-002    1524.354166668817     
   2.6000000000000020E-002    1541.000000002271     
   2.6000000000000020E-002    1557.645833335726     
   2.6000000000000020E-002    1574.291666669180     
   2.6000000000000020E-002    1590.937500002635     
   2.6000000000000020E-002    1607.583333336089     
   2.6000000000000020E-002    1624.229166669544     
   2.6000000000000020E-002    1640.864583336331     
   2.6000000000000020E-002    1657.500000003119     
   2.6000000000000020E-002    1674.135416669907     
   2.6000000000000020E-002    1690.770833336695     
   2.6000000000000020E-002    1707.406250003482     
   2.6000000000000020E-002    1724.041666670270     
   2.6000000000000020E-002    1740.677083337058     
   2.6000000000000020E-002    1757.302083337179     
   2.6000000000000020E-002    1773.937500003966     
   2.6000000000000020E-002    1790.562500004087     
   2.6000000000000020E-002    1807.187500004208     
   2.6000000000000020E-002    1823.812500004329     
   2.6000000000000020E-002    1840.437500004450     
   2.6000000000000020E-002    1857.062500004571     
   2.6000000000000020E-002    1873.687500004692     
   2.6000000000000020E-002    1890.312500004813     
   2.6000000000000020E-002    1906.927083338267     
   2.6000000000000020E-002    1923.552083338388     
   2.6000000000000020E-002    1940.166666671842     
   2.6000000000000020E-002    1956.791666671963     
   2.6000000000000020E-002    1973.406250005418     
   2.6000000000000020E-002    1990.020833338872     
   2.6000000000000020E-002    2006.635416672326     
   2.6000000000000020E-002    2023.260416672447     
   2.6000000000000020E-002    2039.875000005901     
   2.6000000000000020E-002    2056.489583339170     
   2.6000000000000020E-002    2073.093750005595     
   2.6000000000000020E-002    2089.708333338687     
   2.6000000000000020E-002    2106.322916671778     
   2.6000000000000020E-002    2122.937500004870     
   2.6000000000000020E-002    2139.552083337961     
   2.6000000000000020E-002    2156.156250004386     
   2.6000000000000020E-002    2172.770833337478     
   2.6000000000000020E-002    2189.375000003903     
   2.6000000000000020E-002    2205.989583336995     
   2.6000000000000020E-002    2222.593750003420     
   2.6000000000000020E-002    2239.208333336511     
   2.6000000000000020E-002    2255.812500002936     
   2.6000000000000020E-002    2272.416666669361     
   2.6000000000000020E-002    2289.031250002453     
   2.6000000000000020E-002    2305.635416668878     
   2.6000000000000020E-002    2322.239583335303     
   2.6000000000000020E-002    2338.843750001728     
   2.6000000000000020E-002    2355.447916668153     
   2.6000000000000020E-002    2372.052083334578     
   2.6000000000000020E-002    2388.666666667670     
   2.6000000000000020E-002    2405.270833334095     
   2.6000000000000020E-002    2421.875000000520     
   2.6000000000000020E-002    2438.479166666945     
   2.6000000000000020E-002    2455.072916666703     
   2.6000000000000020E-002    2471.677083333128     
   2.6000000000000020E-002    2488.281249999553     
   2.6000000000000020E-002    2504.885416665978     
   2.6000000000000020E-002    2521.489583332404     
   2.6000000000000020E-002    2538.093749998829     
   2.6000000000000020E-002    2554.697916665254     
   2.6000000000000020E-002    2571.291666665012     
   2.6000000000000020E-002    2587.895833331437     
   2.6000000000000020E-002    2604.499999997862     
   2.6000000000000020E-002    2621.104166664287     
   2.6000000000000020E-002    2637.697916664046     
   2.6000000000000020E-002    2654.302083330471     
   2.6000000000000020E-002    2670.906249996896     
   2.6000000000000020E-002    2687.499999996654     
   2.6000000000000020E-002    2704.104166663079     
   2.6000000000000020E-002    2720.708333329505     
   2.6000000000000020E-002    2737.302083329263     
   2.6000000000000020E-002    2753.906249995688     
   2.6000000000000020E-002    2770.499999995447     
   2.6000000000000020E-002    2787.104166661872     
   2.6000000000000020E-002    2803.697916661630     
   2.6000000000000020E-002    2820.302083328055     
   2.6000000000000020E-002    2836.906249994480     
   2.6000000000000020E-002    2853.499999994239     
   2.6000000000000020E-002    2870.104166660664     
   2.6000000000000020E-002    2886.697916660422     
   2.6000000000000020E-002    2903.291666660181     
   2.6000000000000020E-002    2919.895833326606     
   2.6000000000000020E-002    2936.489583326364     
   2.6000000000000020E-002    2953.093749992790     
   2.6000000000000020E-002    2969.687499992548     
   2.6000000000000020E-002    2986.291666658973     
   2.6000000000000020E-002    3002.885416658732     
   2.6000000000000020E-002    3019.479166658490     
   2.6500000000000020E-002    113.2708333333499     
   2.6500000000000020E-002    129.2812500000221     
   2.6500000000000020E-002    145.2708333333409     
   2.6500000000000020E-002    161.2187499999931     
   2.6500000000000020E-002    177.1562499999786     
   2.6500000000000020E-002    193.0624999999641     
   2.6500000000000020E-002    208.9374999999497     
   2.6500000000000020E-002    224.8020833332686     
   2.6500000000000020E-002    240.6354166665875     
   2.6500000000000020E-002    256.4479166665743     
   2.6500000000000020E-002    272.2395833332697     
   2.6500000000000020E-002    288.0208333332984     
   2.6500000000000020E-002    303.7708333333271     
   2.6500000000000020E-002    319.5104166666890     
   2.6500000000000020E-002    335.2291666667176     
   2.6500000000000020E-002    350.9270833334128     
   2.6500000000000020E-002    366.6145833334414     
   2.6500000000000020E-002    382.2812500001365     
   2.6500000000000020E-002    397.9375000001650     
   2.6500000000000020E-002    413.5833333335268     
   2.6500000000000020E-002    429.2083333335552     
   2.6500000000000020E-002    444.8229166669170     
   2.6500000000000020E-002    460.4270833336120     
   2.6500000000000020E-002    476.0104166669737     
   2.6500000000000020E-002    491.5937500003354     
   2.6500000000000020E-002    507.1562500003637     
   2.6500000000000020E-002    522.7187500003334     
   2.6500000000000020E-002    538.2604166669436     
   2.6500000000000020E-002    553.7916666668871     
   2.6500000000000020E-002    569.3125000001639     
   2.6500000000000020E-002    584.8333333334408     
   2.6500000000000020E-002    600.3437500000510     
   2.6500000000000020E-002    615.8333333333280     
   2.6500000000000020E-002    631.3229166666050     
   2.6500000000000020E-002    646.8020833332154     
   2.6500000000000020E-002    662.2812499998257     
   2.6500000000000020E-002    677.7499999997694     
   2.6500000000000020E-002    693.2083333330465     
   2.6500000000000020E-002    708.6562499996570     
   2.6500000000000020E-002    724.1041666662675     
   2.6500000000000020E-002    739.5416666662113     
   2.6500000000000020E-002    754.9687499994885     
   2.6500000000000020E-002    770.3958333327657     
   2.6500000000000020E-002    785.8124999993763     
   2.6500000000000020E-002    801.2291666659869     
   2.6500000000000020E-002    816.6354166659308     
   2.6500000000000020E-002    832.0416666658748     
   2.6500000000000020E-002    847.4479166658188     
   2.6500000000000020E-002    862.8333333324294     
   2.6500000000000020E-002    878.2291666657068     
   2.6500000000000020E-002    893.6145833323175     
   2.6500000000000020E-002    908.9895833322615     
   2.6500000000000020E-002    924.3645833322056     
   2.6500000000000020E-002    939.7395833321497     
   2.6500000000000020E-002    955.1041666654271     
   2.6500000000000020E-002    970.4687499987045     
   2.6500000000000020E-002    985.8333333319820     
   2.6500000000000020E-002    1001.187499998593     
   2.6500000000000020E-002    1016.541666665204     
   2.6500000000000020E-002    1031.895833331901     
   2.6500000000000020E-002    1047.239583332012     
   2.6500000000000020E-002    1062.593749998791     
   2.6500000000000020E-002    1077.927083332235     
   2.6500000000000020E-002    1093.270833332347     
   2.6500000000000020E-002    1108.604166665792     
   2.6500000000000020E-002    1123.937499999237     
   2.6500000000000020E-002    1139.270833332682     
   2.6500000000000020E-002    1154.593749999460     
   2.6500000000000020E-002    1169.927083332905     
   2.6500000000000020E-002    1185.249999999683     
   2.6500000000000020E-002    1200.572916666461     
   2.6500000000000020E-002    1215.885416666573     
   2.6500000000000020E-002    1231.208333333351     
   2.6500000000000020E-002    1246.520833333462     
   2.6500000000000020E-002    1261.833333333574     
   2.6500000000000020E-002    1277.145833333685     
   2.6500000000000020E-002    1292.458333333796     
   2.6500000000000020E-002    1307.760416667241     
   2.6500000000000020E-002    1323.072916667353     
   2.6500000000000020E-002    1338.375000000797     
   2.6500000000000020E-002    1353.677083334242     
   2.6500000000000020E-002    1368.979166667687     
   2.6500000000000020E-002    1384.281250001131     
   2.6500000000000020E-002    1399.572916667909     
   2.6500000000000020E-002    1414.875000001354     
   2.6500000000000020E-002    1430.166666668132     
   2.6500000000000020E-002    1445.458333334910     
   2.6500000000000020E-002    1460.750000001688     
   2.6500000000000020E-002    1476.052083335132     
   2.6500000000000020E-002    1491.333333335243     
   2.6500000000000020E-002    1506.625000002021     
   2.6500000000000020E-002    1521.916666668799     
   2.6500000000000020E-002    1537.208333335577     
   2.6500000000000020E-002    1552.489583335688     
   2.6500000000000020E-002    1567.781250002466     
   2.6500000000000020E-002    1583.062500002578     
   2.6500000000000020E-002    1598.343750002689     
   2.6500000000000020E-002    1613.625000002800     
   2.6500000000000020E-002    1628.906250002911     
   2.6500000000000020E-002    1644.187500003022     
   2.6500000000000020E-002    1659.468750003133     
   2.6500000000000020E-002    1674.750000003245     
   2.6500000000000020E-002    1690.031250003356     
   2.6500000000000020E-002    1705.312500003467     
   2.6500000000000020E-002    1720.583333336911     
   2.6500000000000020E-002    1735.864583337023     
   2.6500000000000020E-002    1751.135416670467     
   2.6500000000000020E-002    1766.416666670578     
   2.6500000000000020E-002    1781.687500004023     
   2.6500000000000020E-002    1796.958333337467     
   2.6500000000000020E-002    1812.239583337578     
   2.6500000000000020E-002    1827.510416671023     
   2.6500000000000020E-002    1842.781250004467     
   2.6500000000000020E-002    1858.052083337912     
   2.6500000000000020E-002    1873.322916671356     
   2.6500000000000020E-002    1888.593750004801     
   2.6500000000000020E-002    1903.864583338245     
   2.6500000000000020E-002    1919.135416671689     
   2.6500000000000020E-002    1934.406250005134     
   2.6500000000000020E-002    1949.677083338578     
   2.6500000000000020E-002    1964.947916672023     
   2.6500000000000020E-002    1980.218750005467     
   2.6500000000000020E-002    1995.489583338912     
   2.6500000000000020E-002    2010.750000005689     
   2.6500000000000020E-002    2026.020833339134     
   2.6500000000000020E-002    2041.291666672578     
   2.6500000000000020E-002    2056.552083339169     
   2.6500000000000020E-002    2071.822916672280     
   2.6500000000000020E-002    2087.083333338725     
   2.6500000000000020E-002    2102.354166671836     
   2.6500000000000020E-002    2117.614583338281     
   2.6500000000000020E-002    2132.885416671392     
   2.6500000000000020E-002    2148.145833337836     
   2.6500000000000020E-002    2163.416666670948     
   2.6500000000000020E-002    2178.677083337392     
   2.6500000000000020E-002    2193.947916670503     
   2.6500000000000020E-002    2209.208333336948     
   2.6500000000000020E-002    2224.468750003392     
   2.6500000000000020E-002    2239.739583336504     
   2.6500000000000020E-002    2255.000000002948     
   2.6500000000000020E-002    2270.260416669393     
   2.6500000000000020E-002    2285.520833335837     
   2.6500000000000020E-002    2300.791666668948     
   2.6500000000000020E-002    2316.052083335393     
   2.6500000000000020E-002    2331.312500001838     
   2.6500000000000020E-002    2346.572916668282     
   2.6500000000000020E-002    2361.833333334727     
   2.6500000000000020E-002    2377.104166667838     
   2.6500000000000020E-002    2392.364583334283     
   2.6500000000000020E-002    2407.625000000727     
   2.6500000000000020E-002    2422.885416667172     
   2.6500000000000020E-002    2438.145833333616     
   2.6500000000000020E-002    2453.406250000061     
   2.6500000000000020E-002    2468.666666666506     
   2.6500000000000020E-002    2483.927083332950     
   2.6500000000000020E-002    2499.187499999395     
   2.6500000000000020E-002    2514.447916665839     
   2.6500000000000020E-002    2529.708333332284     
   2.6500000000000020E-002    2544.968749998729     
   2.6500000000000020E-002    2560.239583331840     
   2.6500000000000020E-002    2575.499999998284     
   2.6500000000000020E-002    2590.749999998062     
   2.6500000000000020E-002    2606.010416664507     
   2.6500000000000020E-002    2621.270833330952     
   2.6500000000000020E-002    2636.531249997396     
   2.6500000000000020E-002    2651.791666663841     
   2.6500000000000020E-002    2667.052083330285     
   2.6500000000000020E-002    2682.312499996730     
   2.6500000000000020E-002    2697.572916663175     
   2.7000000000000021E-002    96.36458333334222     
   2.7000000000000021E-002    111.0625000000156     
   2.7000000000000021E-002    125.7604166666889     
   2.7000000000000021E-002    140.4479166666786     
   2.7000000000000021E-002    155.1249999999986     
   2.7000000000000021E-002    169.7812499999853     
   2.7000000000000021E-002    184.4166666666386     
   2.7000000000000021E-002    199.0520833332920     
   2.7000000000000021E-002    213.6562499999454     
   2.7000000000000021E-002    228.2604166665988     
   2.7000000000000021E-002    242.8437499999188     
   2.7000000000000021E-002    257.4062499999094     
   2.7000000000000021E-002    271.9687499999359     
   2.7000000000000021E-002    286.5104166666290     
   2.7000000000000021E-002    301.0416666666554     
   2.7000000000000021E-002    315.5625000000152     
   2.7000000000000021E-002    330.0625000000416     
   2.7000000000000021E-002    344.5625000000679     
   2.7000000000000021E-002    359.0520833334276     
   2.7000000000000021E-002    373.5208333334539     
   2.7000000000000021E-002    387.9895833334803     
   2.7000000000000021E-002    402.4479166668399     
   2.7000000000000021E-002    416.8958333335328     
   2.7000000000000021E-002    431.3333333335591     
   2.7000000000000021E-002    445.7604166669187     
   2.7000000000000021E-002    460.1875000002782     
   2.7000000000000021E-002    474.5937500003045     
   2.7000000000000021E-002    489.0000000003307     
   2.7000000000000021E-002    503.4062500003569     
   2.7000000000000021E-002    517.7916666670180     
   2.7000000000000021E-002    532.1770833336324     
   2.7000000000000021E-002    546.5520833335801     
   2.7000000000000021E-002    560.9270833335278     
   2.7000000000000021E-002    575.2916666668089     
   2.7000000000000021E-002    589.6562500000899     
   2.7000000000000021E-002    604.0104166667044     
   2.7000000000000021E-002    618.3541666666522     
   2.7000000000000021E-002    632.6979166666000     
   2.7000000000000021E-002    647.0416666665478     
   2.7000000000000021E-002    661.3749999998290     
   2.7000000000000021E-002    675.7083333331102     
   2.7000000000000021E-002    690.0312499997248     
   2.7000000000000021E-002    704.3437499996727     
   2.7000000000000021E-002    718.6666666662873     
   2.7000000000000021E-002    732.9791666662352     
   2.7000000000000021E-002    747.2812499995165     
   2.7000000000000021E-002    761.5833333327978     
   2.7000000000000021E-002    775.8854166660791     
   2.7000000000000021E-002    790.1874999993604     
   2.7000000000000021E-002    804.4791666659751     
   2.7000000000000021E-002    818.7708333325897     
   2.7000000000000021E-002    833.0520833325378     
   2.7000000000000021E-002    847.3333333324858     
   2.7000000000000021E-002    861.6145833324339     
   2.7000000000000021E-002    875.8958333323819     
   2.7000000000000021E-002    890.1666666656633     
   2.7000000000000021E-002    904.4479166656114     
   2.7000000000000021E-002    918.7083333322262     
   2.7000000000000021E-002    932.9791666655076     
   2.7000000000000021E-002    947.2499999987890     
   2.7000000000000021E-002    961.5104166654038     
   2.7000000000000021E-002    975.7708333320186     
   2.7000000000000021E-002    990.0312499986334     
   2.7000000000000021E-002    1004.281249998582     
   2.7000000000000021E-002    1018.531249998530     
   2.7000000000000021E-002    1032.791666665240     
   2.7000000000000021E-002    1047.041666665344     
   2.7000000000000021E-002    1061.291666665448     
   2.7000000000000021E-002    1075.531249998885     
   2.7000000000000021E-002    1089.781249998988     
   2.7000000000000021E-002    1104.020833332425     
   2.7000000000000021E-002    1118.260416665862     
   2.7000000000000021E-002    1132.499999999299     
   2.7000000000000021E-002    1146.739583332736     
   2.7000000000000021E-002    1160.979166666173     
   2.7000000000000021E-002    1175.218749999610     
   2.7000000000000021E-002    1189.447916666380     
   2.7000000000000021E-002    1203.687499999817     
   2.7000000000000021E-002    1217.916666666587     
   2.7000000000000021E-002    1232.145833333358     
   2.7000000000000021E-002    1246.375000000128     
   2.7000000000000021E-002    1260.604166666898     
   2.7000000000000021E-002    1274.833333333668     
   2.7000000000000021E-002    1289.052083333772     
   2.7000000000000021E-002    1303.281250000542     
   2.7000000000000021E-002    1317.510416667312     
   2.7000000000000021E-002    1331.729166667415     
   2.7000000000000021E-002    1345.947916667519     
   2.7000000000000021E-002    1360.177083334289     
   2.7000000000000021E-002    1374.395833334393     
   2.7000000000000021E-002    1388.614583334496     
   2.7000000000000021E-002    1402.833333334600     
   2.7000000000000021E-002    1417.052083334703     
   2.7000000000000021E-002    1431.270833334806     
   2.7000000000000021E-002    1445.489583334910     
   2.7000000000000021E-002    1459.697916668347     
   2.7000000000000021E-002    1473.916666668450     
   2.7000000000000021E-002    1488.135416668553     
   2.7000000000000021E-002    1502.343750001990     
   2.7000000000000021E-002    1516.562500002094     
   2.7000000000000021E-002    1530.770833335530     
   2.7000000000000021E-002    1544.979166668967     
   2.7000000000000021E-002    1559.197916669071     
   2.7000000000000021E-002    1573.406250002507     
   2.7000000000000021E-002    1587.614583335944     
   2.7000000000000021E-002    1601.822916669381     
   2.7000000000000021E-002    1616.031250002817     
   2.7000000000000021E-002    1630.250000002921     
   2.7000000000000021E-002    1644.458333336358     
   2.7000000000000021E-002    1658.666666669794     
   2.7000000000000021E-002    1672.875000003231     
   2.7000000000000021E-002    1687.072916670001     
   2.7000000000000021E-002    1701.281250003438     
   2.7000000000000021E-002    1715.489583336874     
   2.7000000000000021E-002    1729.697916670311     
   2.7000000000000021E-002    1743.906250003748     
   2.7000000000000021E-002    1758.104166670518     
   2.7000000000000021E-002    1772.312500003954     
   2.7000000000000021E-002    1786.520833337391     
   2.7000000000000021E-002    1800.729166670828     
   2.7000000000000021E-002    1814.927083337598     
   2.7000000000000021E-002    1829.135416671035     
   2.7000000000000021E-002    1843.333333337805     
   2.7000000000000021E-002    1857.541666671241     
   2.7000000000000021E-002    1871.739583338011     
   2.7000000000000021E-002    1885.947916671448     
   2.7000000000000021E-002    1900.145833338218     
   2.7000000000000021E-002    1914.354166671655     
   2.7000000000000021E-002    1928.552083338425     
   2.7000000000000021E-002    1942.750000005195     
   2.7000000000000021E-002    1956.958333338631     
   2.7000000000000021E-002    1971.156250005401     
   2.7000000000000021E-002    1985.364583338838     
   2.7000000000000021E-002    1999.562500005608     
   2.7000000000000021E-002    2013.760416672378     
   2.7000000000000021E-002    2027.958333339148     
   2.7000000000000021E-002    2042.166666672585     
   2.7000000000000021E-002    2056.364583339172     
   2.7000000000000021E-002    2070.562500005632     
   2.7000000000000021E-002    2084.760416672092     
   2.7000000000000021E-002    2098.958333338552     
   2.7000000000000021E-002    2113.166666671679     
   2.7000000000000021E-002    2127.364583338139     
   2.7000000000000021E-002    2141.562500004599     
   2.7000000000000021E-002    2155.760416671059     
   2.7000000000000021E-002    2169.958333337519     
   2.7000000000000021E-002    2184.156250003979     
   2.7000000000000021E-002    2198.354166670439     
   2.7000000000000021E-002    2212.562500003566     
   2.7000000000000021E-002    2226.760416670026     
   2.7000000000000021E-002    2240.958333336486     
   2.7000000000000021E-002    2255.156250002946     
   2.7000000000000021E-002    2269.354166669406     
   2.7000000000000021E-002    2283.552083335866     
   2.7000000000000021E-002    2297.750000002326     
   2.7000000000000021E-002    2311.947916668786     
   2.7000000000000021E-002    2326.145833335246     
   2.7000000000000021E-002    2340.343750001706     
   2.7000000000000021E-002    2354.541666668166     
   2.7000000000000021E-002    2368.739583334626     
   2.7000000000000021E-002    2382.937500001086     
   2.7000000000000021E-002    2397.135416667546     
   2.7000000000000021E-002    2411.333333334007     
   2.7000000000000021E-002    2425.531250000467     
   2.7000000000000021E-002    2439.729166666927     
   2.7000000000000021E-002    2453.927083333387     
   2.7000000000000021E-002    2468.124999999847     
   2.7000000000000021E-002    2482.312499999640     
   2.7000000000000021E-002    2496.510416666100     
   2.7500000000000021E-002    356.3020833334226     
   2.7500000000000021E-002    369.7395833334471     
   2.7500000000000021E-002    383.1770833334715     
   2.7500000000000021E-002    396.6250000001626     
   2.7500000000000021E-002    410.0729166668538     
   2.7500000000000021E-002    423.5312500002116     
   2.7500000000000021E-002    436.9791666669027     
   2.7500000000000021E-002    450.4270833335938     
   2.7500000000000021E-002    463.8645833336183     
   2.7500000000000021E-002    477.3125000003094     
   2.7500000000000021E-002    490.7500000003338     
   2.7500000000000021E-002    504.1875000003583     
   2.7500000000000021E-002    517.6145833336853     
   2.7500000000000021E-002    531.0520833336365     
   2.7500000000000021E-002    544.4791666669209     
   2.7500000000000021E-002    557.9062500002054     
   2.7500000000000021E-002    571.3229166668233     
   2.7500000000000021E-002    584.7395833334411     
   2.7500000000000021E-002    598.1562500000590     
   2.7500000000000021E-002    611.5729166666769     
   2.7500000000000021E-002    624.9895833332947     
   2.7500000000000021E-002    638.3958333332459     
   2.7500000000000021E-002    651.8020833331972     
   2.7500000000000021E-002    665.1979166664818     
   2.7500000000000021E-002    678.6041666664330     
   2.7500000000000021E-002    691.9999999997176     
   2.7500000000000021E-002    705.3958333330022     
   2.7500000000000021E-002    718.7812499996202     
   2.7500000000000021E-002    732.1770833329048     
   2.7500000000000021E-002    745.5624999995227     
   2.7500000000000021E-002    758.9479166661407     
   2.7500000000000021E-002    772.3333333327587     
   2.7500000000000021E-002    785.7187499993767     
   2.7500000000000021E-002    799.0937499993280     
   2.7500000000000021E-002    812.4791666659460     
   2.7500000000000021E-002    825.8541666658973     
   2.7500000000000021E-002    839.2291666658487     
   2.7500000000000021E-002    852.6041666658000     
   2.7500000000000021E-002    865.9687499990847     
   2.7500000000000021E-002    879.3437499990360     
   2.7500000000000021E-002    892.7083333323208     
   2.7500000000000021E-002    906.0833333322721     
   2.7500000000000021E-002    919.4479166655568     
   2.7500000000000021E-002    932.8124999988415     
   2.7500000000000021E-002    946.1666666654596     
   2.7500000000000021E-002    959.5312499987443     
   2.7500000000000021E-002    972.8958333320290     
   2.7500000000000021E-002    986.2499999986471     
   2.7500000000000021E-002    999.6041666652652     
   2.7500000000000021E-002    1012.968749998550     
   2.7500000000000021E-002    1026.322916665193     
   2.7500000000000021E-002    1039.677083331957     
   2.7500000000000021E-002    1053.031249998721     
   2.7500000000000021E-002    1066.374999998818     
   2.7500000000000021E-002    1079.729166665582     
   2.7500000000000021E-002    1093.083333332346     
   2.7500000000000021E-002    1106.427083332443     
   2.7500000000000021E-002    1119.781249999207     
   2.7500000000000021E-002    1133.124999999304     
   2.7500000000000021E-002    1146.468749999401     
   2.7500000000000021E-002    1159.822916666165     
   2.7500000000000021E-002    1173.166666666262     
   2.7500000000000021E-002    1186.510416666359     
   2.7500000000000021E-002    1199.854166666456     
   2.7500000000000021E-002    1213.197916666553     
   2.7500000000000021E-002    1226.541666666650     
   2.7500000000000021E-002    1239.875000000080     
   2.7500000000000021E-002    1253.218750000178     
   2.7500000000000021E-002    1266.562500000275     
   2.7500000000000021E-002    1279.895833333705     
   2.7500000000000021E-002    1293.239583333802     
   2.7500000000000021E-002    1306.583333333899     
   2.7500000000000021E-002    1319.916666667330     
   2.7500000000000021E-002    1333.250000000760     
   2.7500000000000021E-002    1346.593750000857     
   2.7500000000000021E-002    1359.927083334287     
   2.7500000000000021E-002    1373.260416667718     
   2.7500000000000021E-002    1386.604166667815     
   2.7500000000000021E-002    1399.937500001245     
   2.7500000000000021E-002    1413.270833334675     
   2.7500000000000021E-002    1426.604166668106     
   2.7500000000000021E-002    1439.937500001536     
   2.7500000000000021E-002    1453.270833334966     
   2.7500000000000021E-002    1466.604166668397     
   2.7500000000000021E-002    1479.937500001827     
   2.7500000000000021E-002    1493.270833335258     
   2.7500000000000021E-002    1506.604166668688     
   2.7500000000000021E-002    1519.937500002118     
   2.7500000000000021E-002    1533.270833335549     
   2.7500000000000021E-002    1546.593750002312     
   2.7500000000000021E-002    1559.927083335743     
   2.7500000000000021E-002    1573.260416669173     
   2.7500000000000021E-002    1586.593750002603     
   2.7500000000000021E-002    1599.916666669367     
   2.7500000000000021E-002    1613.250000002797     
   2.7500000000000021E-002    1626.583333336227     
   2.7500000000000021E-002    1639.906250002991     
   2.7500000000000021E-002    1653.239583336421     
   2.7500000000000021E-002    1666.562500003185     
   2.7500000000000021E-002    1679.895833336615     
   2.7500000000000021E-002    1693.229166670046     
   2.7500000000000021E-002    1706.552083336809     
   2.7500000000000021E-002    1719.885416670240     
   2.7500000000000021E-002    1733.208333337003     
   2.7500000000000021E-002    1746.531250003767     
   2.7500000000000021E-002    1759.864583337197     
   2.7500000000000021E-002    1773.187500003961     
   2.7500000000000021E-002    1786.520833337391     
   2.7500000000000021E-002    1799.843750004155     
   2.7500000000000021E-002    1813.166666670918     
   2.7500000000000021E-002    1826.500000004349     
   2.7500000000000021E-002    1839.822916671112     
   2.7500000000000021E-002    1853.156250004543     
   2.7500000000000021E-002    1866.479166671306     
   2.7500000000000021E-002    1879.802083338070     
   2.7500000000000021E-002    1893.125000004834     
   2.7500000000000021E-002    1906.458333338264     
   2.7500000000000021E-002    1919.781250005027     
   2.7500000000000021E-002    1933.104166671791     
   2.7500000000000021E-002    1946.427083338555     
   2.7500000000000021E-002    1959.760416671985     
   2.7500000000000021E-002    1973.083333338749     
   2.7500000000000021E-002    1986.406250005512     
   2.7500000000000021E-002    1999.729166672276     
   2.7500000000000021E-002    2013.062500005706     
   2.7500000000000021E-002    2026.385416672470     
   2.7500000000000021E-002    2039.708333339233     
   2.7500000000000021E-002    2053.031250005887     
   2.7500000000000021E-002    2066.354166672360     
   2.7500000000000021E-002    2079.677083338833     
   2.7500000000000021E-002    2093.000000005306     
   2.7500000000000021E-002    2106.333333338445     
   2.7500000000000021E-002    2119.656250004918     
   2.7500000000000021E-002    2132.979166671390     
   2.7500000000000021E-002    2146.302083337863     
   2.7500000000000021E-002    2159.625000004336     
   2.7500000000000021E-002    2172.947916670809     
   2.7500000000000021E-002    2186.270833337282     
   2.7500000000000021E-002    2199.593750003754     
   2.7500000000000021E-002    2212.916666670227     
   2.7500000000000021E-002    2226.250000003366     
   2.7500000000000021E-002    2239.572916669839     
   2.7500000000000021E-002    2252.895833336312     
   2.7500000000000021E-002    2266.218750002785     
   2.7500000000000021E-002    2279.541666669258     
   2.7500000000000021E-002    2292.864583335730     
   2.7500000000000021E-002    2306.187500002203     
   2.7500000000000021E-002    2319.510416668676     
   2.7500000000000021E-002    2332.833333335149     
   2.8000000000000021E-002    620.6145833333106     
   2.8000000000000021E-002    633.1874999999316     
   2.8000000000000021E-002    645.7604166665525     
   2.8000000000000021E-002    658.3437499998400     
   2.8000000000000021E-002    670.9374999997942     
   2.8000000000000021E-002    683.5312499997484     
   2.8000000000000021E-002    696.1249999997026     
   2.8000000000000021E-002    708.7291666663234     
   2.8000000000000021E-002    721.3333333329442     
   2.8000000000000021E-002    733.9270833328984     
   2.8000000000000021E-002    746.5312499995192     
   2.8000000000000021E-002    759.1354166661400     
   2.8000000000000021E-002    771.7395833327608     
   2.8000000000000021E-002    784.3437499993817     
   2.8000000000000021E-002    796.9479166660025     
   2.8000000000000021E-002    809.5520833326233     
   2.8000000000000021E-002    822.1458333325775     
   2.8000000000000021E-002    834.7499999991983     
   2.8000000000000021E-002    847.3541666658191     
   2.8000000000000021E-002    859.9583333324399     
   2.8000000000000021E-002    872.5624999990607     
   2.8000000000000021E-002    885.1666666656815     
   2.8000000000000021E-002    897.7604166656357     
   2.8000000000000021E-002    910.3645833322565     
   2.8000000000000021E-002    922.9687499988773     
   2.8000000000000021E-002    935.5624999988315     
   2.8000000000000021E-002    948.1666666654523     
   2.8000000000000021E-002    960.7708333320732     
   2.8000000000000021E-002    973.3645833320273     
   2.8000000000000021E-002    985.9687499986481     
   2.8000000000000021E-002    998.5624999986023     
   2.8000000000000021E-002    1011.166666665223     
   2.8000000000000021E-002    1023.760416665177     
   2.8000000000000021E-002    1036.354166665266     
   2.8000000000000021E-002    1048.958333332025     
   2.8000000000000021E-002    1061.552083332116     
   2.8000000000000021E-002    1074.145833332208     
   2.8000000000000021E-002    1086.739583332300     
   2.8000000000000021E-002    1099.343749999058     
   2.8000000000000021E-002    1111.937499999150     
   2.8000000000000021E-002    1124.531249999241     
   2.8000000000000021E-002    1137.124999999333     
   2.8000000000000021E-002    1149.718749999425     
   2.8000000000000021E-002    1162.312499999516     
   2.8000000000000021E-002    1174.906249999608     
   2.8000000000000021E-002    1187.499999999699     
   2.8000000000000021E-002    1200.093749999791     
   2.8000000000000021E-002    1212.687499999883     
   2.8000000000000021E-002    1225.281249999974     
   2.8000000000000021E-002    1237.875000000066     
   2.8000000000000021E-002    1250.468750000158     
   2.8000000000000021E-002    1263.052083333582     
   2.8000000000000021E-002    1275.645833333674     
   2.8000000000000021E-002    1288.239583333766     
   2.8000000000000021E-002    1300.833333333857     
   2.8000000000000021E-002    1313.427083333949     
   2.8000000000000021E-002    1326.010416667374     
   2.8000000000000021E-002    1338.604166667466     
   2.8000000000000021E-002    1351.197916667557     
   2.8000000000000021E-002    1363.781250000982     
   2.8000000000000021E-002    1376.375000001074     
   2.8000000000000021E-002    1388.968750001165     
   2.8000000000000021E-002    1401.552083334590     
   2.8000000000000021E-002    1414.145833334682     
   2.8000000000000021E-002    1426.729166668107     
   2.8000000000000021E-002    1439.322916668198     
   2.8000000000000021E-002    1451.916666668290     
   2.8000000000000021E-002    1464.500000001715     
   2.8000000000000021E-002    1477.093750001806     
   2.8000000000000021E-002    1489.677083335231     
   2.8000000000000021E-002    1502.270833335323     
   2.8000000000000021E-002    1514.854166668748     
   2.8000000000000021E-002    1527.447916668840     
   2.8000000000000021E-002    1540.031250002264     
   2.8000000000000021E-002    1552.614583335689     
   2.8000000000000021E-002    1565.208333335781     
   2.8000000000000021E-002    1577.791666669206     
   2.8000000000000021E-002    1590.385416669297     
   2.8000000000000021E-002    1602.968750002722     
   2.8000000000000021E-002    1615.562500002814     
   2.8000000000000021E-002    1628.145833336239     
   2.8000000000000021E-002    1640.729166669664     
   2.8000000000000021E-002    1653.322916669755     
   2.8000000000000021E-002    1665.906250003180     
   2.8000000000000021E-002    1678.489583336605     
   2.8000000000000021E-002    1691.083333336697     
   2.8000000000000021E-002    1703.666666670122     
   2.8000000000000021E-002    1716.250000003547     
   2.8000000000000021E-002    1728.843750003638     
   2.8000000000000021E-002    1741.427083337063     
   2.8000000000000021E-002    1754.010416670488     
   2.8000000000000021E-002    1766.604166670580     
   2.8000000000000021E-002    1779.187500004005     
   2.8000000000000021E-002    1791.770833337429     
   2.8000000000000021E-002    1804.364583337521     
   2.8000000000000021E-002    1816.947916670946     
   2.8000000000000021E-002    1829.531250004371     
   2.8000000000000021E-002    1842.114583337796     
   2.8000000000000021E-002    1854.708333337887     
   2.8000000000000021E-002    1867.291666671312     
   2.8000000000000021E-002    1879.875000004737     
   2.8000000000000021E-002    1892.458333338162     
   2.8000000000000021E-002    1905.052083338254     
   2.8000000000000021E-002    1917.635416671679     
   2.8000000000000021E-002    1930.218750005103     
   2.8000000000000021E-002    1942.802083338528     
   2.8000000000000021E-002    1955.385416671953     
   2.8000000000000021E-002    1967.979166672045     
   2.8000000000000021E-002    1980.562500005470     
   2.8000000000000021E-002    1993.145833338895     
   2.8000000000000021E-002    2005.729166672319     
   2.8000000000000021E-002    2018.312500005744     
   2.8000000000000021E-002    2030.906250005836     
   2.8000000000000021E-002    2043.489583339261     
   2.8000000000000021E-002    2056.072916672510     
   2.8000000000000021E-002    2068.656250005660     
   2.8000000000000021E-002    2081.239583338810     
   2.8000000000000021E-002    2093.833333338627     
   2.8000000000000021E-002    2106.416666671777     
   2.8000000000000021E-002    2119.000000004927     
   2.8000000000000021E-002    2131.583333338077     
   2.8000000000000021E-002    2144.166666671228     
   2.8000000000000021E-002    2156.750000004378     
   2.8000000000000021E-002    2169.343750004195     
   2.8000000000000021E-002    2181.927083337345     
   2.8000000000000021E-002    2194.510416670495     
   2.8000000000000021E-002    2207.093750003645     
   2.8000000000000021E-002    2219.677083336795     
   2.8000000000000021E-002    2232.260416669946     
   2.8500000000000022E-002    843.1354166658344     
   2.8500000000000022E-002    855.0104166657912     
   2.8500000000000022E-002    866.9166666657479     
   2.8500000000000022E-002    878.8124999990380     
   2.8500000000000022E-002    890.7291666656613     
   2.8500000000000022E-002    902.6458333322846     
   2.8500000000000022E-002    914.5624999989079     
   2.8500000000000022E-002    926.4895833321979     
   2.8500000000000022E-002    938.4062499988212     
   2.8500000000000022E-002    950.3437499987778     
   2.8500000000000022E-002    962.2708333320677     
   2.8500000000000022E-002    974.1979166653576     
   2.8500000000000022E-002    986.1354166653142     
   2.8500000000000022E-002    998.0729166652708     
   2.8500000000000022E-002    1009.999999998561     
   2.8500000000000022E-002    1021.937499998517     
   2.8500000000000022E-002    1033.874999998582     
   2.8500000000000022E-002    1045.812499998668     
   2.8500000000000022E-002    1057.749999998755     
   2.8500000000000022E-002    1069.697916665509     
   2.8500000000000022E-002    1081.635416665596     
   2.8500000000000022E-002    1093.572916665683     
   2.8500000000000022E-002    1105.510416665770     
   2.8500000000000022E-002    1117.458333332523     
   2.8500000000000022E-002    1129.395833332610     
   2.8500000000000022E-002    1141.343749999364     
   2.8500000000000022E-002    1153.281249999450     
   2.8500000000000022E-002    1165.229166666204     
   2.8500000000000022E-002    1177.166666666291     
   2.8500000000000022E-002    1189.114583333044     
   2.8500000000000022E-002    1201.052083333131     
   2.8500000000000022E-002    1212.999999999885     
   2.8500000000000022E-002    1224.947916666639     
   2.8500000000000022E-002    1236.885416666725     
   2.8500000000000022E-002    1248.833333333479     
   2.8500000000000022E-002    1260.781250000233     
   2.8500000000000022E-002    1272.718750000319     
   2.8500000000000022E-002    1284.666666667073     
   2.8500000000000022E-002    1296.614583333827     
   2.8500000000000022E-002    1308.552083333914     
   2.8500000000000022E-002    1320.500000000667     
   2.8500000000000022E-002    1332.447916667421     
   2.8500000000000022E-002    1344.395833334174     
   2.8500000000000022E-002    1356.333333334261     
   2.8500000000000022E-002    1368.281250001015     
   2.8500000000000022E-002    1380.229166667768     
   2.8500000000000022E-002    1392.177083334522     
   2.8500000000000022E-002    1404.114583334609     
   2.8500000000000022E-002    1416.062500001362     
   2.8500000000000022E-002    1428.010416668116     
   2.8500000000000022E-002    1439.958333334870     
   2.8500000000000022E-002    1451.906250001623     
   2.8500000000000022E-002    1463.843750001710     
   2.8500000000000022E-002    1475.791666668464     
   2.8500000000000022E-002    1487.739583335217     
   2.8500000000000022E-002    1499.687500001971     
   2.8500000000000022E-002    1511.635416668724     
   2.8500000000000022E-002    1523.583333335478     
   2.8500000000000022E-002    1535.531250002232     
   2.8500000000000022E-002    1547.468750002319     
   2.8500000000000022E-002    1559.416666669072     
   2.8500000000000022E-002    1571.364583335826     
   2.8500000000000022E-002    1583.312500002579     
   2.8500000000000022E-002    1595.260416669333     
   2.8500000000000022E-002    1607.208333336087     
   2.8500000000000022E-002    1619.156250002840     
   2.8500000000000022E-002    1631.093750002927     
   2.8500000000000022E-002    1643.041666669681     
   2.8500000000000022E-002    1654.989583336434     
   2.8500000000000022E-002    1666.937500003188     
   2.8500000000000022E-002    1678.885416669941     
   2.8500000000000022E-002    1690.833333336695     
   2.8500000000000022E-002    1702.781250003449     
   2.8500000000000022E-002    1714.729166670202     
   2.8500000000000022E-002    1726.677083336956     
   2.8500000000000022E-002    1738.625000003709     
   2.8500000000000022E-002    1750.562500003796     
   2.8500000000000022E-002    1762.510416670550     
   2.8500000000000022E-002    1774.458333337303     
   2.8500000000000022E-002    1786.406250004057     
   2.8500000000000022E-002    1798.354166670811     
   2.8500000000000022E-002    1810.302083337564     
   2.8500000000000022E-002    1822.250000004318     
   2.8500000000000022E-002    1834.197916671071     
   2.8500000000000022E-002    1846.145833337825     
   2.8500000000000022E-002    1858.093750004579     
   2.8500000000000022E-002    1870.041666671332     
   2.8500000000000022E-002    1881.989583338086     
   2.8500000000000022E-002    1893.937500004839     
   2.8500000000000022E-002    1905.875000004926     
   2.8500000000000022E-002    1917.822916671680     
   2.8500000000000022E-002    1929.770833338433     
   2.8500000000000022E-002    1941.718750005187     
   2.8500000000000022E-002    1953.666666671941     
   2.8500000000000022E-002    1965.614583338694     
   2.8500000000000022E-002    1977.562500005448     
   2.8500000000000022E-002    1989.510416672201     
   2.8500000000000022E-002    2001.458333338955     
   2.8500000000000022E-002    2013.406250005709     
   2.8500000000000022E-002    2025.354166672462     
   2.8500000000000022E-002    2037.302083339216     
   2.8500000000000022E-002    2049.250000005942     
   2.8500000000000022E-002    2061.197916672435     
   2.8500000000000022E-002    2073.145833338928     
   2.8500000000000022E-002    2085.093750005421     
   2.8500000000000022E-002    2097.041666671913     
   2.8500000000000022E-002    2108.989583338406     
   2.8500000000000022E-002    2120.937500004899     
   2.8500000000000022E-002    2132.885416671392     
   2.8500000000000022E-002    2144.833333337885     
   2.8500000000000022E-002    2156.770833337711     
   2.8500000000000022E-002    2168.718750004204     
   2.8500000000000022E-002    2180.666666670696     
   2.9000000000000022E-002    1065.541666665479     
   2.9000000000000022E-002    1076.854166665561     
   2.9000000000000022E-002    1088.177083332310     
   2.9000000000000022E-002    1099.510416665726     
   2.9000000000000022E-002    1110.854166665808     
   2.9000000000000022E-002    1122.197916665891     
   2.9000000000000022E-002    1133.541666665973     
   2.9000000000000022E-002    1144.885416666056     
   2.9000000000000022E-002    1156.239583332805     
   2.9000000000000022E-002    1167.604166666221     
   2.9000000000000022E-002    1178.958333332971     
   2.9000000000000022E-002    1190.312499999720     
   2.9000000000000022E-002    1201.677083333136     
   2.9000000000000022E-002    1213.041666666552     
   2.9000000000000022E-002    1224.406249999968     
   2.9000000000000022E-002    1235.770833333384     
   2.9000000000000022E-002    1247.135416666800     
   2.9000000000000022E-002    1258.510416666883     
   2.9000000000000022E-002    1269.875000000299     
   2.9000000000000022E-002    1281.250000000382     
   2.9000000000000022E-002    1292.614583333798     
   2.9000000000000022E-002    1303.989583333880     
   2.9000000000000022E-002    1315.364583333963     
   2.9000000000000022E-002    1326.739583334046     
   2.9000000000000022E-002    1338.104166667462     
   2.9000000000000022E-002    1349.479166667545     
   2.9000000000000022E-002    1360.854166667627     
   2.9000000000000022E-002    1372.229166667710     
   2.9000000000000022E-002    1383.614583334460     
   2.9000000000000022E-002    1394.989583334542     
   2.9000000000000022E-002    1406.364583334625     
   2.9000000000000022E-002    1417.739583334708     
   2.9000000000000022E-002    1429.114583334791     
   2.9000000000000022E-002    1440.500000001540     
   2.9000000000000022E-002    1451.875000001623     
   2.9000000000000022E-002    1463.250000001706     
   2.9000000000000022E-002    1474.635416668455     
   2.9000000000000022E-002    1486.010416668538     
   2.9000000000000022E-002    1497.395833335288     
   2.9000000000000022E-002    1508.770833335370     
   2.9000000000000022E-002    1520.156250002120     
   2.9000000000000022E-002    1531.531250002203     
   2.9000000000000022E-002    1542.916666668952     
   2.9000000000000022E-002    1554.291666669035     
   2.9000000000000022E-002    1565.677083335784     
   2.9000000000000022E-002    1577.062500002534     
   2.9000000000000022E-002    1588.437500002617     
   2.9000000000000022E-002    1599.822916669366     
   2.9000000000000022E-002    1611.208333336116     
   2.9000000000000022E-002    1622.593750002865     
   2.9000000000000022E-002    1633.968750002948     
   2.9000000000000022E-002    1645.354166669697     
   2.9000000000000022E-002    1656.739583336447     
   2.9000000000000022E-002    1668.125000003196     
   2.9000000000000022E-002    1679.500000003279     
   2.9000000000000022E-002    1690.885416670029     
   2.9000000000000022E-002    1702.270833336778     
   2.9000000000000022E-002    1713.656250003528     
   2.9000000000000022E-002    1725.041666670277     
   2.9000000000000022E-002    1736.427083337027     
   2.9000000000000022E-002    1747.812500003776     
   2.9000000000000022E-002    1759.197916670526     
   2.9000000000000022E-002    1770.572916670608     
   2.9000000000000022E-002    1781.958333337358     
   2.9000000000000022E-002    1793.343750004108     
   2.9000000000000022E-002    1804.729166670857     
   2.9000000000000022E-002    1816.114583337607     
   2.9000000000000022E-002    1827.500000004356     
   2.9000000000000022E-002    1838.885416671106     
   2.9000000000000022E-002    1850.270833337855     
   2.9000000000000022E-002    1861.656250004605     
   2.9000000000000022E-002    1873.041666671354     
   2.9000000000000022E-002    1884.427083338104     
   2.9000000000000022E-002    1895.812500004853     
   2.9000000000000022E-002    1907.208333338269     
   2.9000000000000022E-002    1918.593750005019     
   2.9000000000000022E-002    1929.979166671768     
   2.9000000000000022E-002    1941.364583338518     
   2.9000000000000022E-002    1952.750000005267     
   2.9000000000000022E-002    1964.135416672017     
   2.9000000000000022E-002    1975.520833338766     
   2.9000000000000022E-002    1986.906250005516     
   2.9000000000000022E-002    1998.291666672265     
   2.9000000000000022E-002    2009.677083339015     
   2.9000000000000022E-002    2021.062500005764     
   2.9000000000000022E-002    2032.458333339181     
   2.9000000000000022E-002    2043.843750005930     
   2.9000000000000022E-002    2055.229166672522     
   2.9000000000000022E-002    2066.614583339023     
   2.9000000000000022E-002    2078.000000005524     
   2.9000000000000022E-002    2089.385416672025     
   2.9000000000000022E-002    2100.781250005192     
   2.9000000000000022E-002    2112.166666671693     
   2.9000000000000022E-002    2123.552083338194     
   2.9000000000000022E-002    2134.937500004695     
   2.9500000000000023E-002    1296.812500000495     
   2.9500000000000023E-002    1307.625000000573     
   2.9500000000000023E-002    1318.447916667319     
   2.9500000000000023E-002    1329.281250000731     
   2.9500000000000023E-002    1340.114583334143     
   2.9500000000000023E-002    1350.958333334222     
   2.9500000000000023E-002    1361.802083334301     
   2.9500000000000023E-002    1372.645833334380     
   2.9500000000000023E-002    1383.500000001125     
   2.9500000000000023E-002    1394.354166667871     
   2.9500000000000023E-002    1405.208333334617     
   2.9500000000000023E-002    1416.062500001362     
   2.9500000000000023E-002    1426.916666668108     
   2.9500000000000023E-002    1437.781250001520     
   2.9500000000000023E-002    1448.645833334933     
   2.9500000000000023E-002    1459.510416668345     
   2.9500000000000023E-002    1470.375000001758     
   2.9500000000000023E-002    1481.239583335170     
   2.9500000000000023E-002    1492.104166668582     
   2.9500000000000023E-002    1502.968750001995     
   2.9500000000000023E-002    1513.843750002074     
   2.9500000000000023E-002    1524.708333335486     
   2.9500000000000023E-002    1535.583333335565     
   2.9500000000000023E-002    1546.458333335645     
   2.9500000000000023E-002    1557.322916669057     
   2.9500000000000023E-002    1568.197916669136     
   2.9500000000000023E-002    1579.072916669215     
   2.9500000000000023E-002    1589.947916669294     
   2.9500000000000023E-002    1600.822916669373     
   2.9500000000000023E-002    1611.697916669453     
   2.9500000000000023E-002    1622.572916669532     
   2.9500000000000023E-002    1633.447916669611     
   2.9500000000000023E-002    1644.322916669690     
   2.9500000000000023E-002    1655.197916669769     
   2.9500000000000023E-002    1666.083333336515     
   2.9500000000000023E-002    1676.958333336594     
   2.9500000000000023E-002    1687.833333336673     
   2.9500000000000023E-002    1698.718750003419     
   2.9500000000000023E-002    1709.593750003498     
   2.9500000000000023E-002    1720.479166670244     
   2.9500000000000023E-002    1731.354166670323     
   2.9500000000000023E-002    1742.239583337069     
   2.9500000000000023E-002    1753.114583337148     
   2.9500000000000023E-002    1764.000000003894     
   2.9500000000000023E-002    1774.875000003973     
   2.9500000000000023E-002    1785.760416670719     
   2.9500000000000023E-002    1796.645833337465     
   2.9500000000000023E-002    1807.520833337544     
   2.9500000000000023E-002    1818.406250004290     
   2.9500000000000023E-002    1829.291666671036     
   2.9500000000000023E-002    1840.166666671115     
   2.9500000000000023E-002    1851.052083337861     
   2.9500000000000023E-002    1861.937500004607     
   2.9500000000000023E-002    1872.822916671352     
   2.9500000000000023E-002    1883.708333338098     
   2.9500000000000023E-002    1894.593750004844     
   2.9500000000000023E-002    1905.468750004923     
   2.9500000000000023E-002    1916.354166671669     
   2.9500000000000023E-002    1927.239583338415     
   2.9500000000000023E-002    1938.125000005161     
   2.9500000000000023E-002    1949.010416671907     
   2.9500000000000023E-002    1959.895833338653     
   2.9500000000000023E-002    1970.781250005399     
   2.9500000000000023E-002    1981.666666672144     
   2.9500000000000023E-002    1992.552083338890     
   2.9500000000000023E-002    2003.437500005636     
   2.9500000000000023E-002    2014.322916672382     
   2.9500000000000023E-002    2025.208333339128     
   2.9500000000000023E-002    2036.093750005874     
   2.9500000000000023E-002    2046.979166672620     
   2.9500000000000023E-002    2057.875000005817     
   2.9500000000000023E-002    2068.760416672325     
   2.9500000000000023E-002    2079.645833338833     
   3.0000000000000023E-002    1553.364583335695     
   3.0000000000000023E-002    1563.729166669104     
   3.0000000000000023E-002    1574.104166669179     
   3.0000000000000023E-002    1584.489583335921     
   3.0000000000000023E-002    1594.875000002663     
   3.0000000000000023E-002    1605.260416669406     
   3.0000000000000023E-002    1615.656250002815     
   3.0000000000000023E-002    1626.052083336224     
   3.0000000000000023E-002    1636.458333336299     
   3.0000000000000023E-002    1646.854166669708     
   3.0000000000000023E-002    1657.260416669784     
   3.0000000000000023E-002    1667.666666669860     
   3.0000000000000023E-002    1678.083333336602     
   3.0000000000000023E-002    1688.489583336678     
   3.0000000000000023E-002    1698.895833336754     
   3.0000000000000023E-002    1709.312500003496     
   3.0000000000000023E-002    1719.729166670239     
   3.0000000000000023E-002    1730.145833336981     
   3.0000000000000023E-002    1740.562500003723     
   3.0000000000000023E-002    1750.979166670466     
   3.0000000000000023E-002    1761.395833337208     
   3.0000000000000023E-002    1771.812500003951     
   3.0000000000000023E-002    1782.229166670693     
   3.0000000000000023E-002    1792.656250004103     
   3.0000000000000023E-002    1803.072916670845     
   3.0000000000000023E-002    1813.500000004254     
   3.0000000000000023E-002    1823.916666670997     
   3.0000000000000023E-002    1834.343750004406     
   3.0000000000000023E-002    1844.770833337815     
   3.0000000000000023E-002    1855.187500004557     
   3.0000000000000023E-002    1865.614583337967     
   3.0000000000000023E-002    1876.041666671376     
   3.0000000000000023E-002    1886.468750004785     
   3.0000000000000023E-002    1896.895833338194     
   3.0000000000000023E-002    1907.322916671603     
   3.0000000000000023E-002    1917.750000005013     
   3.0000000000000023E-002    1928.177083338422     
   3.0000000000000023E-002    1938.604166671831     
   3.0000000000000023E-002    1949.031250005240     
   3.0000000000000023E-002    1959.458333338649     
   3.0000000000000023E-002    1969.895833338725     
   3.0000000000000023E-002    1980.322916672135     
   3.0000000000000023E-002    1990.750000005544     
   3.0000000000000023E-002    2001.177083338953     
   3.0000000000000023E-002    2011.614583339029     
   3.0000000000000023E-002    2022.041666672438     
   3.0000000000000023E-002    2032.479166672514     
   3.0000000000000023E-002    2042.906250005923     
   3.0000000000000023E-002    2053.343750005883     
   3.0000000000000023E-002    2063.770833339064     
   3.0000000000000023E-002    2074.208333338912     
   3.0000000000000023E-002    2084.635416672094     
   3.0000000000000023E-002    2095.072916671942     
   3.0000000000000023E-002    2105.500000005124     
   3.0000000000000023E-002    2115.937500004972     
   3.0000000000000023E-002    2126.364583338153     
   3.0500000000000024E-002    1848.260416671174     
   3.0500000000000024E-002    1858.208333337913     
   3.0500000000000024E-002    1868.166666671319     
   3.0500000000000024E-002    1878.135416671391     
   3.0500000000000024E-002    1888.114583338130     
   3.0500000000000024E-002    1898.093750004870     
   3.0500000000000024E-002    1908.072916671609     
   3.0500000000000024E-002    1918.062500005015     
   3.0500000000000024E-002    1928.052083338421     
   3.0500000000000024E-002    1938.041666671827     
   3.0500000000000024E-002    1948.031250005233     
   3.0500000000000024E-002    1958.031250005306     
   3.0500000000000024E-002    1968.020833338712     
   3.0500000000000024E-002    1978.020833338785     
   3.0500000000000024E-002    1988.020833338857     
   3.0500000000000024E-002    1998.020833338930     
   3.0500000000000024E-002    2008.031250005670     
   3.0500000000000024E-002    2018.031250005742     
   3.0500000000000024E-002    2028.031250005815     
   3.0500000000000024E-002    2038.041666672555     
   3.0500000000000024E-002    2048.052083339293     
   3.0500000000000024E-002    2058.052083339147     
   3.0500000000000024E-002    2068.062500005668     
   3.0500000000000024E-002    2078.072916672189     
   3.0500000000000024E-002    2088.083333338710     
   3.0500000000000024E-002    2098.093750005231     
   3.0500000000000024E-002    2108.104166671752     
   3.0500000000000024E-002    2118.114583338273     
   3.0500000000000024E-002    2128.125000004794     
   3.0500000000000024E-002    2138.145833337982     
   3.0500000000000024E-002    2148.156250004503     
   3.0500000000000024E-002    2158.166666671024     
   3.0500000000000024E-002    2168.187500004211     
   3.0500000000000024E-002    2178.197916670732     
   3.1000000000000024E-002    2241.083333336484     
   3.1000000000000024E-002    2250.666666669678     
   3.1000000000000024E-002    2260.260416669538     
   3.1000000000000024E-002    2269.854166669399     
   3.1000000000000024E-002    2279.458333335926     
   3.1000000000000024E-002    2289.062500002452     
   3.1000000000000024E-002    2298.666666668979     
   3.1000000000000024E-002    2308.281250002173     
   3.1000000000000024E-002    2317.895833335366     
   3.1000000000000024E-002    2327.510416668560     
   3.1000000000000024E-002    2337.125000001753     
   3.1500000000000021E-002    2774.343749995391     
   3.1500000000000021E-002    2783.572916661923     
   3.1500000000000021E-002    2792.812499995122     
   3.1500000000000021E-002    2802.062499994987     
   3.1500000000000021E-002    2811.302083328186     
   3.1500000000000021E-002    2820.552083328052     
   3.1500000000000021E-002    2829.812499994584     
   3.1500000000000021E-002    2839.072916661115     
   3.1500000000000021E-002    2848.322916660981     
   3.1500000000000021E-002    2857.583333327513     
   3.2000000000000021E-002    3622.281249983052     
   3.2000000000000021E-002    3631.177083316255     
   3.2000000000000021E-002    3640.083333316126     
   3.2000000000000021E-002    3648.989583315996     
   3.2000000000000021E-002    3657.895833315867     
   3.2000000000000021E-002    3666.812499982404     
   3.2000000000000021E-002    3675.729166648940     
   3.2000000000000021E-002    3684.645833315477     
   3.2000000000000021E-002    3693.562499982014     
   3.2500000000000022E-002    5452.572916682306     
   3.2500000000000022E-002    5461.135416682555     
   3.2500000000000022E-002    5469.697916682804     
   3.2500000000000022E-002    5478.270833349720     
   3.2500000000000022E-002    5486.843750016636     
   3.2500000000000022E-002    5495.416666683553     
   3.2500000000000022E-002    5503.989583350469     
   3.2500000000000022E-002    5512.562500017385     
   3.2500000000000022E-002    5521.145833350968     
   3.2500000000000022E-002    5529.718750017884     
   3.2500000000000022E-002    5538.302083351467     
   3.2500000000000022E-002    5546.885416685051     
   3.2500000000000022E-002    5555.468750018634     
   3.2500000000000022E-002    5564.052083352217     
   3.2500000000000022E-002    5572.635416685800     
