   2.5000000000000019E-002    2457.947916666662     
   2.5000000000000019E-002    2489.687499999533     
   2.5000000000000019E-002    2520.489583332418     
   2.5000000000000019E-002    2550.531249998648     
   2.5000000000000019E-002    2579.916666664887     
   2.5000000000000019E-002    2608.718749997801     
   2.5000000000000019E-002    2636.999999997389     
   2.5000000000000019E-002    2664.812499996985     
   2.5000000000000019E-002    2692.187499996586     
   2.5000000000000019E-002    2719.177083329527     
   2.5000000000000019E-002    2745.791666662473     
   2.5000000000000019E-002    2772.062499995424     
   2.5000000000000019E-002    2798.010416661713     
   2.5000000000000019E-002    2823.666666661340     
   2.5000000000000019E-002    2849.031249994304     
   2.5000000000000019E-002    2874.135416660605     
   2.5000000000000019E-002    2898.979166660244     
   2.5000000000000019E-002    2923.593749993219     
   2.5000000000000019E-002    2947.979166659531     
   2.5000000000000019E-002    2972.166666659179     
   2.5000000000000019E-002    2996.145833325496     
   2.5000000000000019E-002    3019.947916658483     
   2.5000000000000019E-002    3043.572916658140     
   2.5000000000000019E-002    3067.031249991132     
   2.5000000000000019E-002    3090.333333324126     
   2.5000000000000019E-002    3113.479166657122     
   2.5000000000000019E-002    3136.479166656788     
   2.5000000000000019E-002    3159.354166656455     
   2.5000000000000019E-002    3182.093749989457     
   2.5000000000000019E-002    3204.718749989128     
   2.5000000000000019E-002    3227.218749988800     
   2.5000000000000019E-002    3249.604166655141     
   2.5000000000000019E-002    3271.895833321484     
   2.5000000000000019E-002    3294.083333321161     
   2.5000000000000019E-002    3316.166666654173     
   2.5000000000000019E-002    3338.166666653853     
   2.5000000000000019E-002    3360.083333320200     
   2.5000000000000019E-002    3381.906249986549     
   2.5000000000000019E-002    3403.656249986233     
   2.5000000000000019E-002    3425.333333319251     
   2.5000000000000019E-002    3446.927083318937     
   2.5000000000000019E-002    3468.458333318623     
   2.5000000000000019E-002    3489.916666651644     
   2.5000000000000019E-002    3511.312499984666     
   2.5000000000000019E-002    3532.656249984356     
   2.5000000000000019E-002    3553.937499984046     
   2.5000000000000019E-002    3575.156249983737     
   2.5000000000000019E-002    3596.322916650096     
   2.5000000000000019E-002    3617.437499983122     
   2.5000000000000019E-002    3638.510416649482     
   2.5000000000000019E-002    3659.531249982510     
   2.5000000000000019E-002    3680.499999982204     
   2.5000000000000019E-002    3701.437499981900     
   2.5000000000000019E-002    3722.322916648262     
   2.5000000000000019E-002    3743.166666647959     
   2.5000000000000019E-002    3763.979166647656     
   2.5000000000000019E-002    3784.749999980687     
   2.5000000000000019E-002    3805.489583313719     
   2.5000000000000019E-002    3826.187499980084     
   2.5000000000000019E-002    3846.854166646450     
   2.5000000000000019E-002    3867.489583312817     
   2.5000000000000019E-002    3888.093749979183     
   2.5000000000000019E-002    3908.677083312217     
   2.5000000000000019E-002    3929.218749978585     
   2.5000000000000019E-002    3949.739583311620     
   2.5000000000000019E-002    3970.229166644655     
   2.5000000000000019E-002    3990.697916644357     
   2.5000000000000019E-002    4011.145833310726     
   2.5000000000000019E-002    4031.562499977096     
   2.5000000000000019E-002    4051.958333310132     
   2.5000000000000019E-002    4072.333333309836     
   2.5000000000000019E-002    4092.687499976206     
   2.5000000000000019E-002    4113.031249976653     
   2.5000000000000019E-002    4133.343749977244     
   2.5000000000000019E-002    4153.635416644502     
   2.5000000000000019E-002    4173.916666645092     
   2.5000000000000019E-002    4194.177083312348     
   2.5000000000000019E-002    4214.416666646271     
   2.5000000000000019E-002    4234.645833313526     
   2.5000000000000019E-002    4254.854166647448     
   2.5000000000000019E-002    4275.052083314702     
   2.5000000000000019E-002    4295.229166648623     
   2.5000000000000019E-002    4315.395833315876     
   2.5000000000000019E-002    4335.552083316463     
   2.5000000000000019E-002    4355.687499983715     
   2.5000000000000019E-002    4375.812499984301     
   2.5000000000000019E-002    4395.927083318220     
   2.5000000000000019E-002    4416.031249985472     
   2.5000000000000019E-002    4436.124999986057     
   2.5000000000000019E-002    4456.208333319974     
   2.5000000000000019E-002    4476.270833320558     
   2.5000000000000019E-002    4496.333333321142     
   2.5000000000000019E-002    4516.385416655059     
   2.5000000000000019E-002    4536.427083322309     
   2.5000000000000019E-002    4556.458333322892     
   2.5000000000000019E-002    4576.479166656808     
   2.5000000000000019E-002    4596.489583324057     
   2.5000000000000019E-002    4616.489583324639     
   2.5000000000000019E-002    4636.489583325221     
   2.5000000000000019E-002    4656.479166659136     
   2.5000000000000019E-002    4676.458333326384     
   2.5000000000000019E-002    4696.437499993633     
   2.5000000000000019E-002    4716.395833327547     
   2.5000000000000019E-002    4736.364583328128     
   2.5000000000000019E-002    4756.312499995375     
   2.5000000000000019E-002    4776.260416662622     
   2.5000000000000019E-002    4796.197916663203     
   2.5000000000000019E-002    4816.135416663783     
   2.5000000000000019E-002    4836.062499997696     
   2.5000000000000019E-002    4855.989583331610     
   2.5000000000000019E-002    4875.906249998856     
   2.5000000000000019E-002    4895.822916666102     
   2.5000000000000019E-002    4915.729166666682     
   2.5000000000000019E-002    4935.635416667261     
   2.5000000000000019E-002    4955.531250001173     
   2.5000000000000019E-002    4975.427083335086     
   2.5000000000000019E-002    4995.312500002331     
   2.5000000000000019E-002    5015.197916669576     
   2.5000000000000019E-002    5035.083333336822     
   2.5000000000000019E-002    5054.958333337400     
   2.5000000000000019E-002    5074.833333337979     
   2.5000000000000019E-002    5094.708333338557     
   2.5000000000000019E-002    5114.572916672469     
   2.5000000000000019E-002    5134.437500006380     
   2.5000000000000019E-002    5154.291666673625     
   2.5000000000000019E-002    5174.145833340869     
   2.5000000000000019E-002    5194.000000008114     
   2.5000000000000019E-002    5213.854166675358     
   2.5000000000000019E-002    5233.697916675936     
   2.5000000000000019E-002    5253.552083343180     
   2.5000000000000019E-002    5273.385416677091     
   2.5000000000000019E-002    5293.229166677668     
   2.5000000000000019E-002    5313.062500011579     
   2.5000000000000019E-002    5332.895833345489     
   2.5000000000000019E-002    5352.729166679400     
   2.5000000000000019E-002    5372.562500013310     
   2.5000000000000019E-002    5392.385416680554     
   2.5000000000000019E-002    5412.218750014465     
   2.5000000000000019E-002    5432.041666681708     
   2.5000000000000019E-002    5451.854166682285     
   2.5000000000000019E-002    5471.677083349528     
   2.5000000000000019E-002    5491.500000016772     
   2.5000000000000019E-002    5511.312500017349     
   2.5000000000000019E-002    5531.125000017925     
   2.5000000000000019E-002    5550.937500018502     
   2.5000000000000019E-002    5570.750000019078     
   2.5000000000000019E-002    5590.552083352988     
   2.5000000000000019E-002    5610.364583353565     
   2.5000000000000019E-002    5630.166666687474     
   2.5000000000000019E-002    5649.968750021384     
   2.5000000000000019E-002    5669.781250021961     
   2.5000000000000019E-002    5689.572916689203     
   2.5000000000000019E-002    5709.375000023113     
   2.5000000000000019E-002    5729.177083357023     
   2.5000000000000019E-002    5748.979166690932     
   2.5000000000000019E-002    5768.770833358175     
   2.5000000000000019E-002    5788.562500025418     
   2.5000000000000019E-002    5808.364583359327     
   2.5000000000000019E-002    5828.156250026570     
   2.5000000000000019E-002    5847.947916693813     
   2.5000000000000019E-002    5867.739583361055     
   2.5000000000000019E-002    5887.531250028298     
   2.5000000000000019E-002    5907.322916695541     
   2.5000000000000019E-002    5927.104166696116     
   2.5000000000000019E-002    5946.895833363359     
   2.5000000000000019E-002    5966.677083363935     
   2.5000000000000019E-002    5986.468750031177     
   2.5000000000000019E-002    6006.250000031753     
   2.5000000000000019E-002    6026.031250032329     
   2.5000000000000019E-002    6045.822916699572     
   2.5000000000000019E-002    6065.604166700147     
   2.5000000000000019E-002    6085.385416700723     
   2.5000000000000019E-002    6105.166666701299     
   2.5000000000000019E-002    6124.947916701874     
   2.5000000000000019E-002    6144.729166702450     
   2.5000000000000019E-002    6164.510416703026     
   2.5000000000000019E-002    6184.281250036935     
   2.5000000000000019E-002    6204.062500037510     
   2.5000000000000019E-002    6223.843750038086     
   2.5000000000000019E-002    6243.625000038662     
   2.5000000000000019E-002    6263.395833372570     
   2.5000000000000019E-002    6283.177083373146     
   2.5000000000000019E-002    6302.947916707055     
   2.5000000000000019E-002    6322.729166707631     
   2.5000000000000019E-002    6342.500000041539     
   2.5000000000000019E-002    6362.270833375448     
   2.5000000000000019E-002    6382.052083376024     
   2.5000000000000019E-002    6401.822916709933     
   2.5000000000000019E-002    6421.593750043841     
   2.5000000000000019E-002    6441.364583377750     
   2.5000000000000019E-002    6461.145833378326     
   2.5000000000000019E-002    6480.916666712234     
   2.5000000000000019E-002    6500.687500046143     
   2.5000000000000019E-002    6520.458333380052     
   2.5000000000000019E-002    6540.229166713961     
   2.5000000000000019E-002    6560.000000047869     
   2.5000000000000019E-002    6579.770833381778     
   2.5000000000000019E-002    6599.541666715687     
   2.5000000000000019E-002    6619.312500049596     
   2.5000000000000019E-002    6639.083333383504     
   2.5000000000000019E-002    6658.854166717413     
   2.5000000000000019E-002    6678.614583384655     
   2.5000000000000019E-002    6698.385416718564     
   2.5000000000000019E-002    6718.156250052472     
   2.5000000000000019E-002    6737.927083386381     
   2.5000000000000019E-002    6757.697916720290     
   2.5000000000000019E-002    6777.458333387532     
   2.5000000000000019E-002    6797.229166721440     
   2.5000000000000019E-002    6817.000000055349     
   2.5000000000000019E-002    6836.760416722591     
   2.5000000000000019E-002    6856.531250056500     
   2.5000000000000019E-002    6876.302083390408     
   2.5000000000000019E-002    6896.062500057650     
   2.5000000000000019E-002    6915.833333391559     
   2.5000000000000019E-002    6935.593750058801     
   2.5000000000000019E-002    6955.364583392709     
   2.5000000000000019E-002    6975.135416726618     
   2.5000000000000019E-002    6994.895833393860     
   2.5000000000000019E-002    7014.666666727769     
   2.5500000000000019E-002    119.0104166666859     
   2.5500000000000019E-002    137.9791666666809     
   2.5500000000000019E-002    156.9062499999970     
   2.5500000000000019E-002    175.7812499999798     
   2.5500000000000019E-002    194.5937499999627     
   2.5500000000000019E-002    213.3749999999456     
   2.5500000000000019E-002    232.1041666665953     
   2.5500000000000019E-002    250.7916666665783     
   2.5500000000000019E-002    269.4270833332646     
   2.5500000000000019E-002    288.0312499999651     
   2.5500000000000019E-002    306.5937499999989     
   2.5500000000000019E-002    325.1250000000326     
   2.5500000000000019E-002    343.6145833333995     
   2.5500000000000019E-002    362.0729166667664     
   2.5500000000000019E-002    380.5000000001333     
   2.5500000000000019E-002    398.8958333335001     
   2.5500000000000019E-002    417.2500000002001     
   2.5500000000000019E-002    435.5833333335668     
   2.5500000000000019E-002    453.8854166669335     
   2.5500000000000019E-002    472.1666666669667     
   2.5500000000000019E-002    490.4166666669999     
   2.5500000000000019E-002    508.6458333336997     
   2.5500000000000019E-002    526.8437500003184     
   2.5500000000000019E-002    545.0312500002523     
   2.5500000000000019E-002    563.1875000001862     
   2.5500000000000019E-002    581.3229166667869     
   2.5500000000000019E-002    599.4375000000543     
   2.5500000000000019E-002    617.5312499999885     
   2.5500000000000019E-002    635.6041666665894     
   2.5500000000000019E-002    653.6666666665237     
   2.5500000000000019E-002    671.6979166664581     
   2.5500000000000019E-002    689.7291666663925     
   2.5500000000000019E-002    707.7291666663270     
   2.5500000000000019E-002    725.7187499995949     
   2.5500000000000019E-002    743.6979166661962     
   2.5500000000000019E-002    761.6562499994642     
   2.5500000000000019E-002    779.6041666660656     
   2.5500000000000019E-002    797.5312499993337     
   2.5500000000000019E-002    815.4583333326018     
   2.5500000000000019E-002    833.3645833325367     
   2.5500000000000019E-002    851.2499999991383     
   2.5500000000000019E-002    869.1354166657399     
   2.5500000000000019E-002    887.0104166656748     
   2.5500000000000019E-002    904.8645833322765     
   2.5500000000000019E-002    922.7187499988783     
   2.5500000000000019E-002    940.5520833321467     
   2.5500000000000019E-002    958.3854166654152     
   2.5500000000000019E-002    976.1979166653504     
   2.5500000000000019E-002    994.0104166652856     
   2.5500000000000019E-002    1011.812499998554     
   2.5500000000000019E-002    1029.604166665217     
   2.5500000000000019E-002    1047.385416665347     
   2.5500000000000019E-002    1065.166666665476     
   2.5500000000000019E-002    1082.937499998939     
   2.5500000000000019E-002    1100.697916665735     
   2.5500000000000019E-002    1118.447916665864     
   2.5500000000000019E-002    1136.197916665993     
   2.5500000000000019E-002    1153.937499999455     
   2.5500000000000019E-002    1171.666666666251     
   2.5500000000000019E-002    1189.395833333047     
   2.5500000000000019E-002    1207.114583333175     
   2.5500000000000019E-002    1224.833333333304     
   2.5500000000000019E-002    1242.541666666767     
   2.5500000000000019E-002    1260.250000000229     
   2.5500000000000019E-002    1277.947916667024     
   2.5500000000000019E-002    1295.635416667153     
   2.5500000000000019E-002    1313.333333333948     
   2.5500000000000019E-002    1331.010416667410     
   2.5500000000000019E-002    1348.697916667539     
   2.5500000000000019E-002    1366.364583334334     
   2.5500000000000019E-002    1384.041666667796     
   2.5500000000000019E-002    1401.708333334591     
   2.5500000000000019E-002    1419.364583334720     
   2.5500000000000019E-002    1437.031250001515     
   2.5500000000000019E-002    1454.687500001643     
   2.5500000000000019E-002    1472.333333335105     
   2.5500000000000019E-002    1489.979166668567     
   2.5500000000000019E-002    1507.625000002029     
   2.5500000000000019E-002    1525.270833335490     
   2.5500000000000019E-002    1542.906250002285     
   2.5500000000000019E-002    1560.541666669080     
   2.5500000000000019E-002    1578.177083335875     
   2.5500000000000019E-002    1595.802083336004     
   2.5500000000000019E-002    1613.427083336132     
   2.5500000000000019E-002    1631.052083336260     
   2.5500000000000019E-002    1648.677083336388     
   2.5500000000000019E-002    1666.291666669850     
   2.5500000000000019E-002    1683.916666669978     
   2.5500000000000019E-002    1701.520833336773     
   2.5500000000000019E-002    1719.135416670234     
   2.5500000000000019E-002    1736.750000003696     
   2.5500000000000019E-002    1754.354166670490     
   2.5500000000000019E-002    1771.958333337285     
   2.5500000000000019E-002    1789.562500004080     
   2.5500000000000019E-002    1807.166666670875     
   2.5500000000000019E-002    1824.770833337670     
   2.5500000000000019E-002    1842.364583337798     
   2.5500000000000019E-002    1859.958333337926     
   2.5500000000000019E-002    1877.552083338054     
   2.5500000000000019E-002    1895.145833338182     
   2.5500000000000019E-002    1912.739583338310     
   2.5500000000000019E-002    1930.333333338438     
   2.5500000000000019E-002    1947.916666671899     
   2.5500000000000019E-002    1965.510416672027     
   2.5500000000000019E-002    1983.093750005488     
   2.5500000000000019E-002    2000.677083338949     
   2.5500000000000019E-002    2018.260416672411     
   2.5500000000000019E-002    2035.843750005872     
   2.5500000000000019E-002    2053.427083339215     
   2.5500000000000019E-002    2071.000000005626     
   2.5500000000000019E-002    2088.583333338703     
   2.5500000000000019E-002    2106.156250005114     
   2.5500000000000019E-002    2123.739583338192     
   2.5500000000000019E-002    2141.312500004602     
   2.5500000000000019E-002    2158.885416671013     
   2.5500000000000019E-002    2176.458333337424     
   2.5500000000000019E-002    2194.031250003835     
   2.5500000000000019E-002    2211.604166670246     
   2.5500000000000019E-002    2229.177083336657     
   2.5500000000000019E-002    2246.750000003068     
   2.5500000000000019E-002    2264.312500002813     
   2.5500000000000019E-002    2281.885416669224     
   2.5500000000000019E-002    2299.447916668968     
   2.5500000000000019E-002    2317.020833335379     
   2.5500000000000019E-002    2334.583333335123     
   2.5500000000000019E-002    2352.145833334868     
   2.5500000000000019E-002    2369.718750001279     
   2.5500000000000019E-002    2387.281250001023     
   2.5500000000000019E-002    2404.843750000768     
   2.5500000000000019E-002    2422.406250000512     
   2.5500000000000019E-002    2439.968750000256     
   2.5500000000000019E-002    2457.531250000001     
   2.5500000000000019E-002    2475.093749999745     
   2.5500000000000019E-002    2492.656249999490     
   2.5500000000000019E-002    2510.218749999234     
   2.5500000000000019E-002    2527.770833332312     
   2.5500000000000019E-002    2545.333333332057     
   2.5500000000000019E-002    2562.895833331801     
   2.5500000000000019E-002    2580.458333331545     
   2.5500000000000019E-002    2598.010416664623     
   2.5500000000000019E-002    2615.572916664368     
   2.5500000000000019E-002    2633.124999997446     
   2.5500000000000019E-002    2650.687499997190     
   2.5500000000000019E-002    2668.239583330268     
   2.5500000000000019E-002    2685.802083330012     
   2.5500000000000019E-002    2703.354166663090     
   2.5500000000000019E-002    2720.906249996168     
   2.5500000000000019E-002    2738.468749995913     
   2.5500000000000019E-002    2756.020833328991     
   2.5500000000000019E-002    2773.572916662069     
   2.5500000000000019E-002    2791.124999995146     
   2.5500000000000019E-002    2808.687499994891     
   2.5500000000000019E-002    2826.239583327969     
   2.5500000000000019E-002    2843.791666661047     
   2.5500000000000019E-002    2861.343749994125     
   2.5500000000000019E-002    2878.895833327203     
   2.5500000000000019E-002    2896.447916660280     
   2.5500000000000019E-002    2913.999999993358     
   2.5500000000000019E-002    2931.552083326436     
   2.5500000000000019E-002    2949.104166659514     
   2.5500000000000019E-002    2966.656249992592     
   2.5500000000000019E-002    2984.208333325670     
   2.5500000000000019E-002    3001.760416658748     
   2.5500000000000019E-002    3019.312499991826     
   2.5500000000000019E-002    3036.864583324904     
   2.5500000000000019E-002    3054.416666657982     
   2.5500000000000019E-002    3071.968749991060     
   2.5500000000000019E-002    3089.520833324138     
   2.5500000000000019E-002    3107.072916657216     
   2.5500000000000019E-002    3124.624999990293     
   2.5500000000000019E-002    3142.166666656705     
   2.5500000000000019E-002    3159.718749989783     
   2.5500000000000019E-002    3177.270833322861     
   2.5500000000000019E-002    3194.822916655939     
   2.5500000000000019E-002    3212.374999989016     
   2.5500000000000019E-002    3229.916666655428     
   2.5500000000000019E-002    3247.468749988506     
   2.5500000000000019E-002    3265.020833321584     
   2.5500000000000019E-002    3282.572916654662     
   2.5500000000000019E-002    3300.114583321073     
   2.5500000000000019E-002    3317.666666654151     
   2.6000000000000020E-002    105.5208333333464     
   2.6000000000000020E-002    122.4479166666874     
   2.6000000000000020E-002    139.3333333333463     
   2.6000000000000020E-002    156.1874999999976     
   2.6000000000000020E-002    173.0104166666490     
   2.6000000000000020E-002    189.8020833333004     
   2.6000000000000020E-002    206.5624999999518     
   2.6000000000000020E-002    223.2916666666033     
   2.6000000000000020E-002    239.9999999999214     
   2.6000000000000020E-002    256.6666666665747     
   2.6000000000000020E-002    273.3229166666050     
   2.6000000000000020E-002    289.9479166666353     
   2.6000000000000020E-002    306.5416666666654     
   2.6000000000000020E-002    323.1145833333622     
   2.6000000000000020E-002    339.6666666667257     
   2.6000000000000020E-002    356.1979166667558     
   2.6000000000000020E-002    372.7083333334525     
   2.6000000000000020E-002    389.1979166668158     
   2.6000000000000020E-002    405.6770833335124     
   2.6000000000000020E-002    422.1250000002090     
   2.6000000000000020E-002    438.5625000002389     
   2.6000000000000020E-002    454.9791666669354     
   2.6000000000000020E-002    471.3854166669653     
   2.6000000000000020E-002    487.7708333336618     
   2.6000000000000020E-002    504.1354166670249     
   2.6000000000000020E-002    520.5000000003415     
   2.6000000000000020E-002    536.8333333336154     
   2.6000000000000020E-002    553.1666666668893     
   2.6000000000000020E-002    569.4791666668300     
   2.6000000000000020E-002    585.7812500001040     
   2.6000000000000020E-002    602.0729166667114     
   2.6000000000000020E-002    618.3541666666522     
   2.6000000000000020E-002    634.6249999999263     
   2.6000000000000020E-002    650.8749999998672     
   2.6000000000000020E-002    667.1249999998081     
   2.6000000000000020E-002    683.3541666664157     
   2.6000000000000020E-002    699.5833333330233     
   2.6000000000000020E-002    715.8020833329643     
   2.6000000000000020E-002    732.0104166662387     
   2.6000000000000020E-002    748.2083333328465     
   2.6000000000000020E-002    764.3958333327876     
   2.6000000000000020E-002    780.5833333327287     
   2.6000000000000020E-002    796.7604166660032     
   2.6000000000000020E-002    812.9270833326110     
   2.6000000000000020E-002    829.0833333325522     
   2.6000000000000020E-002    845.2395833324935     
   2.6000000000000020E-002    861.3854166657680     
   2.6000000000000020E-002    877.5208333323760     
   2.6000000000000020E-002    893.6562499989840     
   2.6000000000000020E-002    909.7812499989253     
   2.6000000000000020E-002    925.8958333322000     
   2.6000000000000020E-002    942.0104166654747     
   2.6000000000000020E-002    958.1249999987494     
   2.6000000000000020E-002    974.2291666653575     
   2.6000000000000020E-002    990.3229166652990     
   2.6000000000000020E-002    1006.416666665240     
   2.6000000000000020E-002    1022.510416665182     
   2.6000000000000020E-002    1038.593749998616     
   2.6000000000000020E-002    1054.677083332066     
   2.6000000000000020E-002    1070.749999998850     
   2.6000000000000020E-002    1086.822916665634     
   2.6000000000000020E-002    1102.885416665750     
   2.6000000000000020E-002    1118.947916665867     
   2.6000000000000020E-002    1135.010416665984     
   2.6000000000000020E-002    1151.072916666101     
   2.6000000000000020E-002    1167.124999999551     
   2.6000000000000020E-002    1183.166666666335     
   2.6000000000000020E-002    1199.218749999785     
   2.6000000000000020E-002    1215.260416666568     
   2.6000000000000020E-002    1231.302083333351     
   2.6000000000000020E-002    1247.333333333468     
   2.6000000000000020E-002    1263.364583333585     
   2.6000000000000020E-002    1279.395833333701     
   2.6000000000000020E-002    1295.427083333818     
   2.6000000000000020E-002    1311.458333333935     
   2.6000000000000020E-002    1327.479166667385     
   2.6000000000000020E-002    1343.500000000834     
   2.6000000000000020E-002    1359.520833334284     
   2.6000000000000020E-002    1375.531250001068     
   2.6000000000000020E-002    1391.541666667851     
   2.6000000000000020E-002    1407.562500001301     
   2.6000000000000020E-002    1423.572916668084     
   2.6000000000000020E-002    1439.572916668200     
   2.6000000000000020E-002    1455.583333334983     
   2.6000000000000020E-002    1471.583333335100     
   2.6000000000000020E-002    1487.583333335216     
   2.6000000000000020E-002    1503.593750001999     
   2.6000000000000020E-002    1519.583333335449     
   2.6000000000000020E-002    1535.583333335565     
   2.6000000000000020E-002    1551.583333335682     
   2.6000000000000020E-002    1567.572916669131     
   2.6000000000000020E-002    1583.572916669248     
   2.6000000000000020E-002    1599.562500002698     
   2.6000000000000020E-002    1615.552083336147     
   2.6000000000000020E-002    1631.541666669597     
   2.6000000000000020E-002    1647.520833336380     
   2.6000000000000020E-002    1663.510416669830     
   2.6000000000000020E-002    1679.500000003279     
   2.6000000000000020E-002    1695.479166670062     
   2.6000000000000020E-002    1711.458333336845     
   2.6000000000000020E-002    1727.447916670295     
   2.6000000000000020E-002    1743.427083337078     
   2.6000000000000020E-002    1759.406250003861     
   2.6000000000000020E-002    1775.385416670644     
   2.6000000000000020E-002    1791.364583337426     
   2.6000000000000020E-002    1807.333333337543     
   2.6000000000000020E-002    1823.312500004326     
   2.6000000000000020E-002    1839.291666671108     
   2.6000000000000020E-002    1855.260416671225     
   2.6000000000000020E-002    1871.239583338008     
   2.6000000000000020E-002    1887.208333338124     
   2.6000000000000020E-002    1903.177083338240     
   2.6000000000000020E-002    1919.156250005023     
   2.6000000000000020E-002    1935.125000005139     
   2.6000000000000020E-002    1951.093750005255     
   2.6000000000000020E-002    1967.062500005371     
   2.6000000000000020E-002    1983.031250005488     
   2.6000000000000020E-002    1999.000000005604     
   2.6000000000000020E-002    2014.958333339053     
   2.6000000000000020E-002    2030.927083339169     
   2.6000000000000020E-002    2046.895833339286     
   2.6000000000000020E-002    2062.864583339077     
   2.6000000000000020E-002    2078.822916672179     
   2.6000000000000020E-002    2094.791666671946     
   2.6000000000000020E-002    2110.750000005047     
   2.6000000000000020E-002    2126.718750004815     
   2.6000000000000020E-002    2142.677083337916     
   2.6000000000000020E-002    2158.645833337684     
   2.6000000000000020E-002    2174.604166670785     
   2.6000000000000020E-002    2190.572916670552     
   2.6000000000000020E-002    2206.531250003653     
   2.6000000000000020E-002    2222.489583336755     
   2.6000000000000020E-002    2238.447916669856     
   2.6000000000000020E-002    2254.416666669623     
   2.6000000000000020E-002    2270.375000002724     
   2.6000000000000020E-002    2286.333333335826     
   2.6000000000000020E-002    2302.291666668927     
   2.6000000000000020E-002    2318.250000002028     
   2.6000000000000020E-002    2334.208333335129     
   2.6000000000000020E-002    2350.166666668230     
   2.6000000000000020E-002    2366.125000001331     
   2.6000000000000020E-002    2382.083333334432     
   2.6000000000000020E-002    2398.041666667533     
   2.6000000000000020E-002    2414.000000000634     
   2.6000000000000020E-002    2429.958333333735     
   2.6000000000000020E-002    2445.906250000170     
   2.6000000000000020E-002    2461.864583333271     
   2.6000000000000020E-002    2477.822916666372     
   2.6000000000000020E-002    2493.781249999473     
   2.6000000000000020E-002    2509.739583332575     
   2.6000000000000020E-002    2525.687499999009     
   2.6000000000000020E-002    2541.645833332110     
   2.6000000000000020E-002    2557.604166665211     
   2.6000000000000020E-002    2573.552083331646     
   2.6000000000000020E-002    2589.510416664747     
   2.6000000000000020E-002    2605.468749997848     
   2.6000000000000020E-002    2621.416666664283     
   2.6000000000000020E-002    2637.374999997384     
   2.6000000000000020E-002    2653.333333330485     
   2.6000000000000020E-002    2669.281249996920     
   2.6000000000000020E-002    2685.239583330021     
   2.6000000000000020E-002    2701.187499996455     
   2.6000000000000020E-002    2717.145833329556     
   2.6000000000000020E-002    2733.093749995991     
   2.6000000000000020E-002    2749.052083329092     
   2.6000000000000020E-002    2764.999999995527     
   2.6000000000000020E-002    2780.958333328628     
   2.6000000000000020E-002    2796.906249995062     
   2.6000000000000020E-002    2812.864583328163     
   2.6000000000000020E-002    2828.812499994598     
   2.6000000000000020E-002    2844.770833327699     
   2.6000000000000020E-002    2860.718749994134     
   2.6000000000000020E-002    2876.677083327235     
   2.6000000000000020E-002    2892.624999993669     
   2.6000000000000020E-002    2908.583333326771     
   2.6000000000000020E-002    2924.531249993205     
   2.6000000000000020E-002    2940.479166659640     
   2.6000000000000020E-002    2956.437499992741     
   2.6500000000000020E-002    98.88541666667670     
   2.6500000000000020E-002    114.2812500000170     
   2.6500000000000020E-002    129.6666666666884     
   2.6500000000000020E-002    145.0208333333411     
   2.6500000000000020E-002    160.3541666666605     
   2.6500000000000020E-002    175.6770833333132     
   2.6500000000000020E-002    190.9687499999660     
   2.6500000000000020E-002    206.2395833332855     
   2.6500000000000020E-002    221.4895833332716     
   2.6500000000000020E-002    236.7291666665911     
   2.6500000000000020E-002    251.9374999999106     
   2.6500000000000020E-002    267.1458333332604     
   2.6500000000000020E-002    282.3229166666214     
   2.6500000000000020E-002    297.4895833333156     
   2.6500000000000020E-002    312.6354166666765     
   2.6500000000000020E-002    327.7708333333707     
   2.6500000000000020E-002    342.8958333333982     
   2.6500000000000020E-002    358.0000000000924     
   2.6500000000000020E-002    373.0937500001198     
   2.6500000000000020E-002    388.1666666668139     
   2.6500000000000020E-002    403.2395833335080     
   2.6500000000000020E-002    418.2916666668687     
   2.6500000000000020E-002    433.3333333335627     
   2.6500000000000020E-002    448.3645833335901     
   2.6500000000000020E-002    463.3854166669507     
   2.6500000000000020E-002    478.3958333336447     
   2.6500000000000020E-002    493.4062500003387     
   2.6500000000000020E-002    508.3958333336993     
   2.6500000000000020E-002    523.3750000003311     
   2.6500000000000020E-002    538.3541666669432     
   2.6500000000000020E-002    553.3125000002221     
   2.6500000000000020E-002    568.2708333335011     
   2.6500000000000020E-002    583.2187500001133     
   2.6500000000000020E-002    598.1666666667256     
   2.6500000000000020E-002    613.0937500000047     
   2.6500000000000020E-002    628.0208333332837     
   2.6500000000000020E-002    642.9479166665627     
   2.6500000000000020E-002    657.8541666665085     
   2.6500000000000020E-002    672.7604166664543     
   2.6500000000000020E-002    687.6666666664000     
   2.6500000000000020E-002    702.5624999996792     
   2.6500000000000020E-002    717.4479166662917     
   2.6500000000000020E-002    732.3333333329042     
   2.6500000000000020E-002    747.2083333328501     
   2.6500000000000020E-002    762.0833333327960     
   2.6500000000000020E-002    776.9479166660752     
   2.6500000000000020E-002    791.8124999993545     
   2.6500000000000020E-002    806.6770833326337     
   2.6500000000000020E-002    821.5312499992464     
   2.6500000000000020E-002    836.3749999991924     
   2.6500000000000020E-002    851.2187499991384     
   2.6500000000000020E-002    866.0624999990844     
   2.6500000000000020E-002    880.8958333323637     
   2.6500000000000020E-002    895.7291666656431     
   2.6500000000000020E-002    910.5624999989225     
   2.6500000000000020E-002    925.3854166655352     
   2.6500000000000020E-002    940.2083333321480     
   2.6500000000000020E-002    955.0312499987607     
   2.6500000000000020E-002    969.8541666653734     
   2.6500000000000020E-002    984.6666666653196     
   2.6500000000000020E-002    999.4687499985990     
   2.6500000000000020E-002    1014.281249998545     
   2.6500000000000020E-002    1029.083333331880     
   2.6500000000000020E-002    1043.885416665321     
   2.6500000000000020E-002    1058.687499998762     
   2.6500000000000020E-002    1073.489583332203     
   2.6500000000000020E-002    1088.281249998978     
   2.6500000000000020E-002    1103.072916665752     
   2.6500000000000020E-002    1117.864583332526     
   2.6500000000000020E-002    1132.645833332634     
   2.6500000000000020E-002    1147.437499999408     
   2.6500000000000020E-002    1162.218749999515     
   2.6500000000000020E-002    1176.999999999623     
   2.6500000000000020E-002    1191.781249999731     
   2.6500000000000020E-002    1206.562499999838     
   2.6500000000000020E-002    1221.333333333279     
   2.6500000000000020E-002    1236.114583333386     
   2.6500000000000020E-002    1250.885416666827     
   2.6500000000000020E-002    1265.656250000268     
   2.6500000000000020E-002    1280.427083333709     
   2.6500000000000020E-002    1295.187500000483     
   2.6500000000000020E-002    1309.958333333924     
   2.6500000000000020E-002    1324.718750000698     
   2.6500000000000020E-002    1339.489583334139     
   2.6500000000000020E-002    1354.250000000913     
   2.6500000000000020E-002    1369.010416667687     
   2.6500000000000020E-002    1383.770833334461     
   2.6500000000000020E-002    1398.531250001235     
   2.6500000000000020E-002    1413.291666668009     
   2.6500000000000020E-002    1428.041666668116     
   2.6500000000000020E-002    1442.802083334890     
   2.6500000000000020E-002    1457.552083334998     
   2.6500000000000020E-002    1472.312500001772     
   2.6500000000000020E-002    1487.062500001879     
   2.6500000000000020E-002    1501.812500001986     
   2.6500000000000020E-002    1516.562500002094     
   2.6500000000000020E-002    1531.312500002201     
   2.6500000000000020E-002    1546.062500002308     
   2.6500000000000020E-002    1560.812500002416     
   2.6500000000000020E-002    1575.552083335856     
   2.6500000000000020E-002    1590.302083335964     
   2.6500000000000020E-002    1605.052083336071     
   2.6500000000000020E-002    1619.791666669511     
   2.6500000000000020E-002    1634.541666669619     
   2.6500000000000020E-002    1649.281250003059     
   2.6500000000000020E-002    1664.020833336500     
   2.6500000000000020E-002    1678.770833336607     
   2.6500000000000020E-002    1693.510416670048     
   2.6500000000000020E-002    1708.250000003488     
   2.6500000000000020E-002    1722.989583336929     
   2.6500000000000020E-002    1737.729166670370     
   2.6500000000000020E-002    1752.468750003810     
   2.6500000000000020E-002    1767.208333337251     
   2.6500000000000020E-002    1781.947916670691     
   2.6500000000000020E-002    1796.687500004132     
   2.6500000000000020E-002    1811.416666670906     
   2.6500000000000020E-002    1826.156250004346     
   2.6500000000000020E-002    1840.895833337787     
   2.6500000000000020E-002    1855.625000004561     
   2.6500000000000020E-002    1870.364583338001     
   2.6500000000000020E-002    1885.104166671442     
   2.6500000000000020E-002    1899.833333338216     
   2.6500000000000020E-002    1914.572916671656     
   2.6500000000000020E-002    1929.302083338430     
   2.6500000000000020E-002    1944.041666671871     
   2.6500000000000020E-002    1958.770833338644     
   2.6500000000000020E-002    1973.500000005418     
   2.6500000000000020E-002    1988.239583338859     
   2.6500000000000020E-002    2002.968750005633     
   2.6500000000000020E-002    2017.697916672407     
   2.6500000000000020E-002    2032.437500005847     
   2.6500000000000020E-002    2047.166666672621     
   2.6500000000000020E-002    2061.895833339091     
   2.6500000000000020E-002    2076.625000005544     
   2.6500000000000020E-002    2091.354166671996     
   2.6500000000000020E-002    2106.083333338448     
   2.6500000000000020E-002    2120.822916671567     
   2.6500000000000020E-002    2135.552083338020     
   2.6500000000000020E-002    2150.281250004472     
   2.6500000000000020E-002    2165.010416670924     
   2.6500000000000020E-002    2179.739583337377     
   2.6500000000000020E-002    2194.468750003829     
   2.6500000000000020E-002    2209.197916670281     
   2.6500000000000020E-002    2223.927083336734     
   2.6500000000000020E-002    2238.656250003186     
   2.6500000000000020E-002    2253.385416669638     
   2.6500000000000020E-002    2268.104166669424     
   2.6500000000000020E-002    2282.833333335876     
   2.6500000000000020E-002    2297.562500002329     
   2.6500000000000020E-002    2312.291666668781     
   2.6500000000000020E-002    2327.020833335233     
   2.6500000000000020E-002    2341.750000001686     
   2.6500000000000020E-002    2356.479166668138     
   2.6500000000000020E-002    2371.197916667924     
   2.6500000000000020E-002    2385.927083334376     
   2.6500000000000020E-002    2400.656250000829     
   2.6500000000000020E-002    2415.385416667281     
   2.6500000000000020E-002    2430.104166667067     
   2.6500000000000020E-002    2444.833333333519     
   2.6500000000000020E-002    2459.562499999971     
   2.6500000000000020E-002    2474.291666666424     
   2.6500000000000020E-002    2489.010416666209     
   2.6500000000000020E-002    2503.739583332662     
   2.6500000000000020E-002    2518.468749999114     
   2.6500000000000020E-002    2533.187499998900     
   2.6500000000000020E-002    2547.916666665352     
   2.6500000000000020E-002    2562.645833331805     
   2.6500000000000020E-002    2577.364583331590     
   2.6500000000000020E-002    2592.093749998043     
   2.6500000000000020E-002    2606.822916664495     
   2.6500000000000020E-002    2621.541666664281     
   2.6500000000000020E-002    2636.270833330733     
   2.6500000000000020E-002    2650.999999997186     
   2.7000000000000021E-002    268.7499999999300     
   2.7000000000000021E-002    282.7395833332888     
   2.7000000000000021E-002    296.7187499999809     
   2.7000000000000021E-002    310.7083333333397     
   2.7000000000000021E-002    324.6875000000318     
   2.7000000000000021E-002    338.6666666667239     
   2.7000000000000021E-002    352.6354166667493     
   2.7000000000000021E-002    366.5937500001080     
   2.7000000000000021E-002    380.5520833334667     
   2.7000000000000021E-002    394.5000000001588     
   2.7000000000000021E-002    408.4479166668508     
   2.7000000000000021E-002    422.3854166668762     
   2.7000000000000021E-002    436.3229166669015     
   2.7000000000000021E-002    450.2500000002602     
   2.7000000000000021E-002    464.1666666669522     
   2.7000000000000021E-002    478.0833333336441     
   2.7000000000000021E-002    492.0000000003361     
   2.7000000000000021E-002    505.9062500003614     
   2.7000000000000021E-002    519.8020833336774     
   2.7000000000000021E-002    533.6979166669602     
   2.7000000000000021E-002    547.5833333335763     
   2.7000000000000021E-002    561.4687500001925     
   2.7000000000000021E-002    575.3541666668086     
   2.7000000000000021E-002    589.2291666667581     
   2.7000000000000021E-002    603.0937500000410     
   2.7000000000000021E-002    616.9687499999906     
   2.7000000000000021E-002    630.8229166666068     
   2.7000000000000021E-002    644.6874999998897     
   2.7000000000000021E-002    658.5416666665060     
   2.7000000000000021E-002    672.3958333331223     
   2.7000000000000021E-002    686.2395833330719     
   2.7000000000000021E-002    700.0833333330215     
   2.7000000000000021E-002    713.9270833329712     
   2.7000000000000021E-002    727.7604166662542     
   2.7000000000000021E-002    741.5937499995372     
   2.7000000000000021E-002    755.4270833328202     
   2.7000000000000021E-002    769.2499999994366     
   2.7000000000000021E-002    783.0729166660529     
   2.7000000000000021E-002    796.8958333326693     
   2.7000000000000021E-002    810.7187499992857     
   2.7000000000000021E-002    824.5312499992355     
   2.7000000000000021E-002    838.3437499991852     
   2.7000000000000021E-002    852.1562499991350     
   2.7000000000000021E-002    865.9687499990847     
   2.7000000000000021E-002    879.7812499990345     
   2.7000000000000021E-002    893.5833333323176     
   2.7000000000000021E-002    907.3854166656007     
   2.7000000000000021E-002    921.1874999988838     
   2.7000000000000021E-002    934.9791666655003     
   2.7000000000000021E-002    948.7812499987834     
   2.7000000000000021E-002    962.5729166653999     
   2.7000000000000021E-002    976.3645833320164     
   2.7000000000000021E-002    990.1562499986329     
   2.7000000000000021E-002    1003.947916665249     
   2.7000000000000021E-002    1017.739583331866     
   2.7000000000000021E-002    1031.520833331898     
   2.7000000000000021E-002    1045.302083331998     
   2.7000000000000021E-002    1059.083333332098     
   2.7000000000000021E-002    1072.864583332199     
   2.7000000000000021E-002    1086.645833332299     
   2.7000000000000021E-002    1100.427083332399     
   2.7000000000000021E-002    1114.208333332499     
   2.7000000000000021E-002    1127.979166665933     
   2.7000000000000021E-002    1141.760416666033     
   2.7000000000000021E-002    1155.531249999467     
   2.7000000000000021E-002    1169.302083332900     
   2.7000000000000021E-002    1183.072916666334     
   2.7000000000000021E-002    1196.843749999767     
   2.7000000000000021E-002    1210.614583333201     
   2.7000000000000021E-002    1224.385416666634     
   2.7000000000000021E-002    1238.156250000068     
   2.7000000000000021E-002    1251.916666666835     
   2.7000000000000021E-002    1265.687500000268     
   2.7000000000000021E-002    1279.447916667035     
   2.7000000000000021E-002    1293.208333333802     
   2.7000000000000021E-002    1306.979166667235     
   2.7000000000000021E-002    1320.739583334002     
   2.7000000000000021E-002    1334.500000000769     
   2.7000000000000021E-002    1348.260416667536     
   2.7000000000000021E-002    1362.020833334303     
   2.7000000000000021E-002    1375.781250001069     
   2.7000000000000021E-002    1389.541666667836     
   2.7000000000000021E-002    1403.291666667936     
   2.7000000000000021E-002    1417.052083334703     
   2.7000000000000021E-002    1430.812500001470     
   2.7000000000000021E-002    1444.562500001570     
   2.7000000000000021E-002    1458.322916668337     
   2.7000000000000021E-002    1472.072916668437     
   2.7000000000000021E-002    1485.833333335203     
   2.7000000000000021E-002    1499.583333335303     
   2.7000000000000021E-002    1513.333333335403     
   2.7000000000000021E-002    1527.093750002170     
   2.7000000000000021E-002    1540.843750002270     
   2.7000000000000021E-002    1554.593750002370     
   2.7000000000000021E-002    1568.343750002470     
   2.7000000000000021E-002    1582.093750002570     
   2.7000000000000021E-002    1595.843750002671     
   2.7000000000000021E-002    1609.593750002771     
   2.7000000000000021E-002    1623.343750002871     
   2.7000000000000021E-002    1637.093750002971     
   2.7000000000000021E-002    1650.843750003071     
   2.7000000000000021E-002    1664.593750003171     
   2.7000000000000021E-002    1678.343750003271     
   2.7000000000000021E-002    1692.093750003371     
   2.7000000000000021E-002    1705.843750003471     
   2.7000000000000021E-002    1719.583333336904     
   2.7000000000000021E-002    1733.333333337004     
   2.7000000000000021E-002    1747.083333337104     
   2.7000000000000021E-002    1760.833333337204     
   2.7000000000000021E-002    1774.572916670638     
   2.7000000000000021E-002    1788.322916670738     
   2.7000000000000021E-002    1802.062500004171     
   2.7000000000000021E-002    1815.812500004271     
   2.7000000000000021E-002    1829.562500004371     
   2.7000000000000021E-002    1843.302083337804     
   2.7000000000000021E-002    1857.052083337904     
   2.7000000000000021E-002    1870.791666671338     
   2.7000000000000021E-002    1884.531250004771     
   2.7000000000000021E-002    1898.281250004871     
   2.7000000000000021E-002    1912.020833338304     
   2.7000000000000021E-002    1925.770833338404     
   2.7000000000000021E-002    1939.510416671838     
   2.7000000000000021E-002    1953.250000005271     
   2.7000000000000021E-002    1967.000000005371     
   2.7000000000000021E-002    1980.739583338804     
   2.7000000000000021E-002    1994.479166672238     
   2.7000000000000021E-002    2008.229166672338     
   2.7000000000000021E-002    2021.968750005771     
   2.7000000000000021E-002    2035.708333339204     
   2.7000000000000021E-002    2049.458333339272     
   2.7000000000000021E-002    2063.197916672406     
   2.7000000000000021E-002    2076.937500005539     
   2.7000000000000021E-002    2090.677083338673     
   2.7000000000000021E-002    2104.416666671806     
   2.7000000000000021E-002    2118.166666671606     
   2.7000000000000021E-002    2131.906250004739     
   2.7000000000000021E-002    2145.645833337873     
   2.7000000000000021E-002    2159.385416671006     
   2.7000000000000021E-002    2173.125000004140     
   2.7000000000000021E-002    2186.875000003939     
   2.7000000000000021E-002    2200.614583337073     
   2.7000000000000021E-002    2214.354166670206     
   2.7000000000000021E-002    2228.093750003340     
   2.7000000000000021E-002    2241.833333336473     
   2.7000000000000021E-002    2255.572916669606     
   2.7000000000000021E-002    2269.312500002740     
   2.7000000000000021E-002    2283.052083335873     
   2.7000000000000021E-002    2296.791666669007     
   2.7000000000000021E-002    2310.531250002140     
   2.7000000000000021E-002    2324.270833335273     
   2.7000000000000021E-002    2338.010416668407     
   2.7000000000000021E-002    2351.750000001540     
   2.7000000000000021E-002    2365.500000001340     
   2.7000000000000021E-002    2379.239583334474     
   2.7000000000000021E-002    2392.979166667607     
   2.7000000000000021E-002    2406.718750000740     
   2.7000000000000021E-002    2420.458333333874     
   2.7000000000000021E-002    2434.197916667007     
   2.7000000000000021E-002    2447.937500000141     
   2.7000000000000021E-002    2461.677083333274     
   2.7000000000000021E-002    2475.416666666407     
   2.7000000000000021E-002    2489.156249999541     
   2.7500000000000021E-002    573.7812500001477     
   2.7500000000000021E-002    586.7187500001006     
   2.7500000000000021E-002    599.6666666667202     
   2.7500000000000021E-002    612.6250000000064     
   2.7500000000000021E-002    625.5729166666259     
   2.7500000000000021E-002    638.5416666665787     
   2.7500000000000021E-002    651.4999999998649     
   2.7500000000000021E-002    664.4583333331511     
   2.7500000000000021E-002    677.4270833331040     
   2.7500000000000021E-002    690.3854166663901     
   2.7500000000000021E-002    703.3541666663430     
   2.7500000000000021E-002    716.3124999996292     
   2.7500000000000021E-002    729.2812499995820     
   2.7500000000000021E-002    742.2395833328682     
   2.7500000000000021E-002    755.1979166661544     
   2.7500000000000021E-002    768.1666666661072     
   2.7500000000000021E-002    781.1249999993934     
   2.7500000000000021E-002    794.0833333326796     
   2.7500000000000021E-002    807.0416666659657     
   2.7500000000000021E-002    819.9999999992519     
   2.7500000000000021E-002    832.9583333325381     
   2.7500000000000021E-002    845.9062499991577     
   2.7500000000000021E-002    858.8645833324439     
   2.7500000000000021E-002    871.8229166657301     
   2.7500000000000021E-002    884.7708333323496     
   2.7500000000000021E-002    897.7187499989692     
   2.7500000000000021E-002    910.6770833322554     
   2.7500000000000021E-002    923.6249999988750     
   2.7500000000000021E-002    936.5729166654945     
   2.7500000000000021E-002    949.5208333321141     
   2.7500000000000021E-002    962.4687499987336     
   2.7500000000000021E-002    975.4166666653532     
   2.7500000000000021E-002    988.3645833319728     
   2.7500000000000021E-002    1001.312499998592     
   2.7500000000000021E-002    1014.249999998545     
   2.7500000000000021E-002    1027.197916665200     
   2.7500000000000021E-002    1040.145833331961     
   2.7500000000000021E-002    1053.083333332055     
   2.7500000000000021E-002    1066.031249998816     
   2.7500000000000021E-002    1078.968749998910     
   2.7500000000000021E-002    1091.906249999004     
   2.7500000000000021E-002    1104.843749999098     
   2.7500000000000021E-002    1117.791666665859     
   2.7500000000000021E-002    1130.729166665953     
   2.7500000000000021E-002    1143.666666666047     
   2.7500000000000021E-002    1156.604166666141     
   2.7500000000000021E-002    1169.541666666235     
   2.7500000000000021E-002    1182.479166666330     
   2.7500000000000021E-002    1195.416666666424     
   2.7500000000000021E-002    1208.343749999851     
   2.7500000000000021E-002    1221.281249999945     
   2.7500000000000021E-002    1234.218750000039     
   2.7500000000000021E-002    1247.156250000133     
   2.7500000000000021E-002    1260.083333333561     
   2.7500000000000021E-002    1273.020833333655     
   2.7500000000000021E-002    1285.958333333749     
   2.7500000000000021E-002    1298.885416667177     
   2.7500000000000021E-002    1311.822916667271     
   2.7500000000000021E-002    1324.750000000698     
   2.7500000000000021E-002    1337.677083334125     
   2.7500000000000021E-002    1350.614583334220     
   2.7500000000000021E-002    1363.541666667647     
   2.7500000000000021E-002    1376.479166667741     
   2.7500000000000021E-002    1389.406250001168     
   2.7500000000000021E-002    1402.333333334596     
   2.7500000000000021E-002    1415.260416668023     
   2.7500000000000021E-002    1428.197916668117     
   2.7500000000000021E-002    1441.125000001545     
   2.7500000000000021E-002    1454.052083334972     
   2.7500000000000021E-002    1466.979166668400     
   2.7500000000000021E-002    1479.906250001827     
   2.7500000000000021E-002    1492.833333335254     
   2.7500000000000021E-002    1505.760416668682     
   2.7500000000000021E-002    1518.687500002109     
   2.7500000000000021E-002    1531.614583335537     
   2.7500000000000021E-002    1544.541666668964     
   2.7500000000000021E-002    1557.468750002391     
   2.7500000000000021E-002    1570.395833335819     
   2.7500000000000021E-002    1583.322916669246     
   2.7500000000000021E-002    1596.250000002673     
   2.7500000000000021E-002    1609.177083336101     
   2.7500000000000021E-002    1622.104166669528     
   2.7500000000000021E-002    1635.031250002956     
   2.7500000000000021E-002    1647.958333336383     
   2.7500000000000021E-002    1660.875000003144     
   2.7500000000000021E-002    1673.802083336571     
   2.7500000000000021E-002    1686.729166669998     
   2.7500000000000021E-002    1699.656250003426     
   2.7500000000000021E-002    1712.583333336853     
   2.7500000000000021E-002    1725.500000003614     
   2.7500000000000021E-002    1738.427083337041     
   2.7500000000000021E-002    1751.354166670469     
   2.7500000000000021E-002    1764.270833337229     
   2.7500000000000021E-002    1777.197916670657     
   2.7500000000000021E-002    1790.125000004084     
   2.7500000000000021E-002    1803.052083337511     
   2.7500000000000021E-002    1815.968750004272     
   2.7500000000000021E-002    1828.895833337700     
   2.7500000000000021E-002    1841.812500004460     
   2.7500000000000021E-002    1854.739583337888     
   2.7500000000000021E-002    1867.666666671315     
   2.7500000000000021E-002    1880.583333338076     
   2.7500000000000021E-002    1893.510416671503     
   2.7500000000000021E-002    1906.437500004930     
   2.7500000000000021E-002    1919.354166671691     
   2.7500000000000021E-002    1932.281250005118     
   2.7500000000000021E-002    1945.197916671879     
   2.7500000000000021E-002    1958.125000005306     
   2.7500000000000021E-002    1971.041666672067     
   2.7500000000000021E-002    1983.968750005494     
   2.7500000000000021E-002    1996.895833338922     
   2.7500000000000021E-002    2009.812500005683     
   2.7500000000000021E-002    2022.739583339110     
   2.7500000000000021E-002    2035.656250005871     
   2.7500000000000021E-002    2048.583333339285     
   2.7500000000000021E-002    2061.500000005764     
   2.7500000000000021E-002    2074.427083338909     
   2.7500000000000021E-002    2087.343750005388     
   2.7500000000000021E-002    2100.270833338533     
   2.7500000000000021E-002    2113.187500005012     
   2.7500000000000021E-002    2126.114583338157     
   2.7500000000000021E-002    2139.031250004636     
   2.7500000000000021E-002    2151.958333337781     
   2.7500000000000021E-002    2164.875000004260     
   2.7500000000000021E-002    2177.802083337405     
   2.7500000000000021E-002    2190.718750003884     
   2.7500000000000021E-002    2203.635416670362     
   2.7500000000000021E-002    2216.562500003507     
   2.7500000000000021E-002    2229.479166669986     
   2.7500000000000021E-002    2242.406250003131     
   2.7500000000000021E-002    2255.322916669610     
   2.7500000000000021E-002    2268.250000002755     
   2.7500000000000021E-002    2281.166666669234     
   2.7500000000000021E-002    2294.093750002379     
   2.7500000000000021E-002    2307.010416668858     
   2.7500000000000021E-002    2319.927083335337     
   2.7500000000000021E-002    2332.854166668482     
   2.8000000000000021E-002    823.8020833325714     
   2.8000000000000021E-002    835.9791666658605     
   2.8000000000000021E-002    848.1562499991495     
   2.8000000000000021E-002    860.3437499991052     
   2.8000000000000021E-002    872.5416666657275     
   2.8000000000000021E-002    884.7499999990164     
   2.8000000000000021E-002    896.9479166656387     
   2.8000000000000021E-002    909.1562499989276     
   2.8000000000000021E-002    921.3749999988831     
   2.8000000000000021E-002    933.5833333321721     
   2.8000000000000021E-002    945.8020833321276     
   2.8000000000000021E-002    958.0104166654165     
   2.8000000000000021E-002    970.2291666653721     
   2.8000000000000021E-002    982.4479166653276     
   2.8000000000000021E-002    994.6666666652832     
   2.8000000000000021E-002    1006.885416665239     
   2.8000000000000021E-002    1019.104166665194     
   2.8000000000000021E-002    1031.333333331896     
   2.8000000000000021E-002    1043.552083331985     
   2.8000000000000021E-002    1055.770833332074     
   2.8000000000000021E-002    1067.989583332163     
   2.8000000000000021E-002    1080.218749998919     
   2.8000000000000021E-002    1092.437499999008     
   2.8000000000000021E-002    1104.666666665763     
   2.8000000000000021E-002    1116.885416665852     
   2.8000000000000021E-002    1129.104166665941     
   2.8000000000000021E-002    1141.333333332697     
   2.8000000000000021E-002    1153.552083332786     
   2.8000000000000021E-002    1165.781249999541     
   2.8000000000000021E-002    1177.999999999630     
   2.8000000000000021E-002    1190.229166666386     
   2.8000000000000021E-002    1202.447916666475     
   2.8000000000000021E-002    1214.677083333230     
   2.8000000000000021E-002    1226.906249999986     
   2.8000000000000021E-002    1239.125000000075     
   2.8000000000000021E-002    1251.354166666831     
   2.8000000000000021E-002    1263.572916666920     
   2.8000000000000021E-002    1275.802083333675     
   2.8000000000000021E-002    1288.020833333764     
   2.8000000000000021E-002    1300.250000000520     
   2.8000000000000021E-002    1312.468750000609     
   2.8000000000000021E-002    1324.697916667364     
   2.8000000000000021E-002    1336.916666667453     
   2.8000000000000021E-002    1349.145833334209     
   2.8000000000000021E-002    1361.364583334298     
   2.8000000000000021E-002    1373.593750001053     
   2.8000000000000021E-002    1385.822916667809     
   2.8000000000000021E-002    1398.041666667898     
   2.8000000000000021E-002    1410.270833334654     
   2.8000000000000021E-002    1422.489583334743     
   2.8000000000000021E-002    1434.718750001498     
   2.8000000000000021E-002    1446.937500001587     
   2.8000000000000021E-002    1459.166666668343     
   2.8000000000000021E-002    1471.385416668432     
   2.8000000000000021E-002    1483.614583335187     
   2.8000000000000021E-002    1495.833333335276     
   2.8000000000000021E-002    1508.062500002032     
   2.8000000000000021E-002    1520.281250002121     
   2.8000000000000021E-002    1532.510416668876     
   2.8000000000000021E-002    1544.739583335632     
   2.8000000000000021E-002    1556.958333335721     
   2.8000000000000021E-002    1569.187500002477     
   2.8000000000000021E-002    1581.406250002565     
   2.8000000000000021E-002    1593.635416669321     
   2.8000000000000021E-002    1605.854166669410     
   2.8000000000000021E-002    1618.083333336166     
   2.8000000000000021E-002    1630.302083336255     
   2.8000000000000021E-002    1642.531250003010     
   2.8000000000000021E-002    1654.750000003099     
   2.8000000000000021E-002    1666.979166669855     
   2.8000000000000021E-002    1679.197916669944     
   2.8000000000000021E-002    1691.427083336699     
   2.8000000000000021E-002    1703.645833336788     
   2.8000000000000021E-002    1715.875000003544     
   2.8000000000000021E-002    1728.093750003633     
   2.8000000000000021E-002    1740.322916670388     
   2.8000000000000021E-002    1752.541666670477     
   2.8000000000000021E-002    1764.770833337233     
   2.8000000000000021E-002    1776.989583337322     
   2.8000000000000021E-002    1789.218750004077     
   2.8000000000000021E-002    1801.437500004166     
   2.8000000000000021E-002    1813.666666670922     
   2.8000000000000021E-002    1825.885416671011     
   2.8000000000000021E-002    1838.114583337767     
   2.8000000000000021E-002    1850.333333337855     
   2.8000000000000021E-002    1862.562500004611     
   2.8000000000000021E-002    1874.781250004700     
   2.8000000000000021E-002    1887.010416671456     
   2.8000000000000021E-002    1899.229166671545     
   2.8000000000000021E-002    1911.458333338300     
   2.8000000000000021E-002    1923.677083338389     
   2.8000000000000021E-002    1935.906250005145     
   2.8000000000000021E-002    1948.125000005234     
   2.8000000000000021E-002    1960.354166671989     
   2.8000000000000021E-002    1972.572916672078     
   2.8000000000000021E-002    1984.802083338834     
   2.8000000000000021E-002    1997.020833338923     
   2.8000000000000021E-002    2009.250000005678     
   2.8000000000000021E-002    2021.468750005767     
   2.8000000000000021E-002    2033.697916672523     
   2.8000000000000021E-002    2045.916666672612     
   2.8000000000000021E-002    2058.145833339146     
   2.8000000000000021E-002    2070.364583338968     
   2.8000000000000021E-002    2082.593750005457     
   2.8000000000000021E-002    2094.812500005279     
   2.8000000000000021E-002    2107.041666671768     
   2.8000000000000021E-002    2119.260416671590     
   2.8000000000000021E-002    2131.489583338079     
   2.8000000000000021E-002    2143.708333337901     
   2.8000000000000021E-002    2155.937500004390     
   2.8000000000000021E-002    2168.156250004212     
   2.8000000000000021E-002    2180.375000004034     
   2.8000000000000021E-002    2192.604166670523     
   2.8000000000000021E-002    2204.822916670345     
   2.8000000000000021E-002    2217.052083336834     
   2.8000000000000021E-002    2229.270833336656     
   2.8000000000000021E-002    2241.500000003145     
   2.8000000000000021E-002    2253.718750002967     
   2.8000000000000021E-002    2265.947916669455     
   2.8000000000000021E-002    2278.166666669278     
   2.8000000000000021E-002    2290.395833335766     
   2.8500000000000022E-002    1058.697916665429     
   2.8500000000000022E-002    1070.239583332180     
   2.8500000000000022E-002    1081.791666665597     
   2.8500000000000022E-002    1093.343749999014     
   2.8500000000000022E-002    1104.916666665765     
   2.8500000000000022E-002    1116.489583332516     
   2.8500000000000022E-002    1128.062499999267     
   2.8500000000000022E-002    1139.645833332685     
   2.8500000000000022E-002    1151.229166666102     
   2.8500000000000022E-002    1162.812499999520     
   2.8500000000000022E-002    1174.406249999604     
   2.8500000000000022E-002    1185.989583333022     
   2.8500000000000022E-002    1197.583333333106     
   2.8500000000000022E-002    1209.177083333190     
   2.8500000000000022E-002    1220.770833333275     
   2.8500000000000022E-002    1232.375000000026     
   2.8500000000000022E-002    1243.968750000110     
   2.8500000000000022E-002    1255.572916666861     
   2.8500000000000022E-002    1267.166666666946     
   2.8500000000000022E-002    1278.770833333697     
   2.8500000000000022E-002    1290.375000000448     
   2.8500000000000022E-002    1301.979166667199     
   2.8500000000000022E-002    1313.583333333950     
   2.8500000000000022E-002    1325.187500000701     
   2.8500000000000022E-002    1336.791666667452     
   2.8500000000000022E-002    1348.395833334203     
   2.8500000000000022E-002    1360.000000000955     
   2.8500000000000022E-002    1371.604166667706     
   2.8500000000000022E-002    1383.208333334457     
   2.8500000000000022E-002    1394.822916667875     
   2.8500000000000022E-002    1406.427083334626     
   2.8500000000000022E-002    1418.031250001377     
   2.8500000000000022E-002    1429.645833334795     
   2.8500000000000022E-002    1441.250000001546     
   2.8500000000000022E-002    1452.864583334964     
   2.8500000000000022E-002    1464.468750001715     
   2.8500000000000022E-002    1476.083333335132     
   2.8500000000000022E-002    1487.687500001884     
   2.8500000000000022E-002    1499.302083335301     
   2.8500000000000022E-002    1510.916666668719     
   2.8500000000000022E-002    1522.520833335470     
   2.8500000000000022E-002    1534.135416668888     
   2.8500000000000022E-002    1545.750000002306     
   2.8500000000000022E-002    1557.354166669057     
   2.8500000000000022E-002    1568.968750002475     
   2.8500000000000022E-002    1580.583333335893     
   2.8500000000000022E-002    1592.197916669311     
   2.8500000000000022E-002    1603.802083336062     
   2.8500000000000022E-002    1615.416666669480     
   2.8500000000000022E-002    1627.031250002897     
   2.8500000000000022E-002    1638.645833336315     
   2.8500000000000022E-002    1650.260416669733     
   2.8500000000000022E-002    1661.875000003151     
   2.8500000000000022E-002    1673.489583336569     
   2.8500000000000022E-002    1685.093750003320     
   2.8500000000000022E-002    1696.708333336738     
   2.8500000000000022E-002    1708.322916670156     
   2.8500000000000022E-002    1719.937500003573     
   2.8500000000000022E-002    1731.552083336991     
   2.8500000000000022E-002    1743.166666670409     
   2.8500000000000022E-002    1754.781250003827     
   2.8500000000000022E-002    1766.395833337245     
   2.8500000000000022E-002    1778.010416670663     
   2.8500000000000022E-002    1789.625000004080     
   2.8500000000000022E-002    1801.239583337498     
   2.8500000000000022E-002    1812.854166670916     
   2.8500000000000022E-002    1824.468750004334     
   2.8500000000000022E-002    1836.083333337752     
   2.8500000000000022E-002    1847.697916671170     
   2.8500000000000022E-002    1859.322916671254     
   2.8500000000000022E-002    1870.937500004672     
   2.8500000000000022E-002    1882.552083338090     
   2.8500000000000022E-002    1894.166666671508     
   2.8500000000000022E-002    1905.781250004926     
   2.8500000000000022E-002    1917.395833338343     
   2.8500000000000022E-002    1929.010416671761     
   2.8500000000000022E-002    1940.625000005179     
   2.8500000000000022E-002    1952.239583338597     
   2.8500000000000022E-002    1963.864583338682     
   2.8500000000000022E-002    1975.479166672099     
   2.8500000000000022E-002    1987.093750005517     
   2.8500000000000022E-002    1998.708333338935     
   2.8500000000000022E-002    2010.322916672353     
   2.8500000000000022E-002    2021.937500005771     
   2.8500000000000022E-002    2033.562500005855     
   2.8500000000000022E-002    2045.177083339273     
   2.8500000000000022E-002    2056.791666672499     
   2.8500000000000022E-002    2068.406250005663     
   2.8500000000000022E-002    2080.020833338828     
   2.8500000000000022E-002    2091.645833338659     
   2.8500000000000022E-002    2103.260416671823     
   2.8500000000000022E-002    2114.875000004987     
   2.8500000000000022E-002    2126.489583338152     
   2.8500000000000022E-002    2138.104166671316     
   2.8500000000000022E-002    2149.729166671147     
   2.8500000000000022E-002    2161.343750004311     
   2.8500000000000022E-002    2172.958333337475     
   2.8500000000000022E-002    2184.572916670640     
   2.8500000000000022E-002    2196.197916670470     
   2.8500000000000022E-002    2207.812500003635     
   2.8500000000000022E-002    2219.427083336799     
   2.8500000000000022E-002    2231.041666669963     
   2.9000000000000022E-002    1313.072916667280     
   2.9000000000000022E-002    1324.072916667360     
   2.9000000000000022E-002    1335.083333334107     
   2.9000000000000022E-002    1346.104166667520     
   2.9000000000000022E-002    1357.125000000934     
   2.9000000000000022E-002    1368.156250001014     
   2.9000000000000022E-002    1379.197916667761     
   2.9000000000000022E-002    1390.239583334508     
   2.9000000000000022E-002    1401.281250001255     
   2.9000000000000022E-002    1412.322916668002     
   2.9000000000000022E-002    1423.364583334749     
   2.9000000000000022E-002    1434.416666668163     
   2.9000000000000022E-002    1445.468750001576     
   2.9000000000000022E-002    1456.520833334990     
   2.9000000000000022E-002    1467.572916668404     
   2.9000000000000022E-002    1478.635416668484     
   2.9000000000000022E-002    1489.687500001898     
   2.9000000000000022E-002    1500.750000001979     
   2.9000000000000022E-002    1511.812500002059     
   2.9000000000000022E-002    1522.864583335473     
   2.9000000000000022E-002    1533.927083335553     
   2.9000000000000022E-002    1544.989583335634     
   2.9000000000000022E-002    1556.052083335714     
   2.9000000000000022E-002    1567.114583335795     
   2.9000000000000022E-002    1578.187500002542     
   2.9000000000000022E-002    1589.250000002623     
   2.9000000000000022E-002    1600.312500002703     
   2.9000000000000022E-002    1611.385416669450     
   2.9000000000000022E-002    1622.447916669531     
   2.9000000000000022E-002    1633.510416669611     
   2.9000000000000022E-002    1644.583333336358     
   2.9000000000000022E-002    1655.656250003106     
   2.9000000000000022E-002    1666.718750003186     
   2.9000000000000022E-002    1677.791666669933     
   2.9000000000000022E-002    1688.864583336681     
   2.9000000000000022E-002    1699.927083336761     
   2.9000000000000022E-002    1711.000000003508     
   2.9000000000000022E-002    1722.072916670256     
   2.9000000000000022E-002    1733.145833337003     
   2.9000000000000022E-002    1744.218750003750     
   2.9000000000000022E-002    1755.291666670497     
   2.9000000000000022E-002    1766.364583337245     
   2.9000000000000022E-002    1777.437500003992     
   2.9000000000000022E-002    1788.510416670739     
   2.9000000000000022E-002    1799.583333337486     
   2.9000000000000022E-002    1810.656250004233     
   2.9000000000000022E-002    1821.729166670981     
   2.9000000000000022E-002    1832.802083337728     
   2.9000000000000022E-002    1843.875000004475     
   2.9000000000000022E-002    1854.958333337889     
   2.9000000000000022E-002    1866.031250004636     
   2.9000000000000022E-002    1877.104166671384     
   2.9000000000000022E-002    1888.177083338131     
   2.9000000000000022E-002    1899.260416671545     
   2.9000000000000022E-002    1910.333333338292     
   2.9000000000000022E-002    1921.406250005039     
   2.9000000000000022E-002    1932.489583338453     
   2.9000000000000022E-002    1943.562500005200     
   2.9000000000000022E-002    1954.635416671948     
   2.9000000000000022E-002    1965.718750005362     
   2.9000000000000022E-002    1976.791666672109     
   2.9000000000000022E-002    1987.875000005523     
   2.9000000000000022E-002    1998.947916672270     
   2.9000000000000022E-002    2010.020833339017     
   2.9000000000000022E-002    2021.104166672431     
   2.9000000000000022E-002    2032.177083339179     
   2.9000000000000022E-002    2043.260416672593     
   2.9000000000000022E-002    2054.333333339202     
   2.9000000000000022E-002    2065.416666672374     
   2.9000000000000022E-002    2076.489583338879     
   2.9000000000000022E-002    2087.572916672051     
   2.9000000000000022E-002    2098.656250005223     
   2.9000000000000022E-002    2109.729166671729     
   2.9000000000000022E-002    2120.812500004901     
   2.9000000000000022E-002    2131.885416671406     
   2.9000000000000022E-002    2142.968750004578     
   2.9000000000000022E-002    2154.052083337750     
   2.9000000000000022E-002    2165.125000004256     
   2.9000000000000022E-002    2176.208333337428     
   2.9000000000000022E-002    2187.291666670600     
   2.9000000000000022E-002    2198.364583337106     
   2.9000000000000022E-002    2209.447916670278     
   2.9000000000000022E-002    2220.531250003450     
   2.9000000000000022E-002    2231.604166669955     
   2.9500000000000023E-002    1595.604166669335     
   2.9500000000000023E-002    1606.125000002745     
   2.9500000000000023E-002    1616.645833336155     
   2.9500000000000023E-002    1627.187500002899     
   2.9500000000000023E-002    1637.739583336309     
   2.9500000000000023E-002    1648.281250003052     
   2.9500000000000023E-002    1658.833333336462     
   2.9500000000000023E-002    1669.395833336539     
   2.9500000000000023E-002    1679.958333336616     
   2.9500000000000023E-002    1690.520833336693     
   2.9500000000000023E-002    1701.083333336770     
   2.9500000000000023E-002    1711.656250003513     
   2.9500000000000023E-002    1722.218750003590     
   2.9500000000000023E-002    1732.791666670334     
   2.9500000000000023E-002    1743.364583337077     
   2.9500000000000023E-002    1753.937500003821     
   2.9500000000000023E-002    1764.510416670564     
   2.9500000000000023E-002    1775.083333337308     
   2.9500000000000023E-002    1785.666666670718     
   2.9500000000000023E-002    1796.239583337462     
   2.9500000000000023E-002    1806.822916670872     
   2.9500000000000023E-002    1817.406250004283     
   2.9500000000000023E-002    1827.979166671026     
   2.9500000000000023E-002    1838.562500004437     
   2.9500000000000023E-002    1849.145833337847     
   2.9500000000000023E-002    1859.729166671257     
   2.9500000000000023E-002    1870.312500004668     
   2.9500000000000023E-002    1880.895833338078     
   2.9500000000000023E-002    1891.479166671488     
   2.9500000000000023E-002    1902.072916671565     
   2.9500000000000023E-002    1912.656250004976     
   2.9500000000000023E-002    1923.239583338386     
   2.9500000000000023E-002    1933.822916671796     
   2.9500000000000023E-002    1944.416666671873     
   2.9500000000000023E-002    1955.000000005284     
   2.9500000000000023E-002    1965.593750005361     
   2.9500000000000023E-002    1976.177083338771     
   2.9500000000000023E-002    1986.770833338848     
   2.9500000000000023E-002    1997.364583338925     
   2.9500000000000023E-002    2007.947916672336     
   2.9500000000000023E-002    2018.541666672413     
   2.9500000000000023E-002    2029.135416672490     
   2.9500000000000023E-002    2039.718750005900     
   2.9500000000000023E-002    2050.312500005927     
   2.9500000000000023E-002    2060.906250005773     
   2.9500000000000023E-002    2071.500000005618     
   2.9500000000000023E-002    2082.093750005464     
   2.9500000000000023E-002    2092.687500005310     
   2.9500000000000023E-002    2103.270833338489     
   2.9500000000000023E-002    2113.864583338335     
   2.9500000000000023E-002    2124.458333338181     
   2.9500000000000023E-002    2135.052083338027     
   2.9500000000000023E-002    2145.645833337873     
   2.9500000000000023E-002    2156.239583337719     
   2.9500000000000023E-002    2166.843750004231     
   2.9500000000000023E-002    2177.437500004077     
   2.9500000000000023E-002    2188.031250003923     
   2.9500000000000023E-002    2198.625000003768     
   2.9500000000000023E-002    2209.218750003614     
   2.9500000000000023E-002    2219.812500003460     
   2.9500000000000023E-002    2230.406250003306     
   3.0000000000000023E-002    1945.229166671879     
   3.0000000000000023E-002    1955.322916671953     
   3.0000000000000023E-002    1965.416666672026     
   3.0000000000000023E-002    1975.531250005433     
   3.0000000000000023E-002    1985.645833338840     
   3.0000000000000023E-002    1995.760416672247     
   3.0000000000000023E-002    2005.875000005654     
   3.0000000000000023E-002    2016.000000005728     
   3.0000000000000023E-002    2026.125000005801     
   3.0000000000000023E-002    2036.260416672542     
   3.0000000000000023E-002    2046.385416672615     
   3.0000000000000023E-002    2056.520833339170     
   3.0000000000000023E-002    2066.656250005689     
   3.0000000000000023E-002    2076.781250005542     
   3.0000000000000023E-002    2086.916666672061     
   3.0000000000000023E-002    2097.062500005246     
   3.0000000000000023E-002    2107.197916671766     
   3.0000000000000023E-002    2117.333333338285     
   3.0000000000000023E-002    2127.479166671470     
   3.0000000000000023E-002    2137.614583337990     
   3.0000000000000023E-002    2147.760416671175     
   3.0000000000000023E-002    2157.906250004361     
   3.0000000000000023E-002    2168.041666670880     
   3.0000000000000023E-002    2178.187500004066     
   3.0000000000000023E-002    2188.333333337252     
   3.0000000000000023E-002    2198.479166670437     
   3.0000000000000023E-002    2208.625000003623     
   3.0000000000000023E-002    2218.770833336809     
   3.0000000000000023E-002    2228.927083336661     
   3.0000000000000023E-002    2239.072916669847     
   3.0000000000000023E-002    2249.218750003032     
   3.0000000000000023E-002    2259.364583336218     
   3.0000000000000023E-002    2269.520833336070     
   3.0000000000000023E-002    2279.666666669256     
   3.0000000000000023E-002    2289.812500002442     
   3.0500000000000024E-002    2392.354166667616     
   3.0500000000000024E-002    2402.052083334142     
   3.0500000000000024E-002    2411.750000000667     
   3.0500000000000024E-002    2421.447916667193     
   3.0500000000000024E-002    2431.166666667051     
   3.0500000000000024E-002    2440.875000000243     
   3.0500000000000024E-002    2450.593750000102     
   3.0500000000000024E-002    2460.312499999960     
   3.0500000000000024E-002    2470.041666666486     
   3.0500000000000024E-002    2479.760416666344     
   3.0500000000000024E-002    2489.489583332869     
   3.0500000000000024E-002    2499.218749999394     
   3.1000000000000024E-002    3060.666666657891     
   3.1000000000000024E-002    3069.979166657755     
   3.1000000000000024E-002    3079.302083324286     
   3.1000000000000024E-002    3088.635416657484     
   3.1000000000000024E-002    3097.968749990681     
   3.1000000000000024E-002    3107.302083323879     
   3.1000000000000024E-002    3116.645833323743     
   3.1000000000000024E-002    3125.989583323607     
   3.1000000000000024E-002    3135.333333323471     
   3.1000000000000024E-002    3144.677083323335     
   3.1000000000000024E-002    3154.020833323199     
   3.1000000000000024E-002    3163.374999989730     
   3.1000000000000024E-002    3172.718749989594     
   3.1500000000000021E-002    4299.583333315416     
   3.1500000000000021E-002    4308.541666649010     
   3.1500000000000021E-002    4317.499999982604     
   3.1500000000000021E-002    4326.468749982865     
   3.1500000000000021E-002    4335.437499983126     
   3.1500000000000021E-002    4344.406249983387     
   3.1500000000000021E-002    4353.385416650315     
   3.1500000000000021E-002    4362.354166650576     
   3.1500000000000021E-002    4371.333333317504     
   3.2000000000000021E-002    8811.156250059326     
   3.2000000000000021E-002    8819.718750058828     
   3.2000000000000021E-002    8828.291666724996     
   3.2000000000000021E-002    8836.864583391163     
   3.2000000000000021E-002    8845.437500057331     
   3.2000000000000021E-002    8854.010416723499     
   3.2000000000000021E-002    8862.583333389666     
   3.2000000000000021E-002    8871.166666722500     
   3.2000000000000021E-002    8879.739583388668     
   3.2000000000000021E-002    8888.322916721501     
   3.2000000000000021E-002    8896.906250054335     
   3.2000000000000021E-002    8905.489583387169     
