   2.5500000000000019E-002    1530.411458328944     
   2.5500000000000019E-002    1561.083333328498     
   2.5500000000000019E-002    1590.937499994730     
   2.5500000000000019E-002    1620.098958327639     
   2.5500000000000019E-002    1648.666666660557     
   2.5500000000000019E-002    1676.708333326815     
   2.5500000000000019E-002    1704.276041659748     
   2.5500000000000019E-002    1731.411458326019     
   2.5500000000000019E-002    1758.151041658964     
   2.5500000000000019E-002    1784.515624991913     
   2.5500000000000019E-002    1810.541666658201     
   2.5500000000000019E-002    1836.244791657827     
   2.5500000000000019E-002    1861.651041657457     
   2.5500000000000019E-002    1886.770833323759     
   2.5500000000000019E-002    1911.630208323397     
   2.5500000000000019E-002    1936.234374989705     
   2.5500000000000019E-002    1960.604166656017     
   2.5500000000000019E-002    1984.744791655666     
   2.5500000000000019E-002    2008.682291655318     
   2.5500000000000019E-002    2032.411458321639     
   2.5500000000000019E-002    2055.953124988310     
   2.5500000000000019E-002    2079.317708322324     
   2.5500000000000019E-002    2102.505208322998     
   2.5500000000000019E-002    2125.536458323669     
   2.5500000000000019E-002    2148.411458324334     
   2.5500000000000019E-002    2171.140624991663     
   2.5500000000000019E-002    2193.729166658987     
   2.5500000000000019E-002    2216.182291659640     
   2.5500000000000019E-002    2238.510416660290     
   2.5500000000000019E-002    2260.718749994270     
   2.5500000000000019E-002    2282.812499994913     
   2.5500000000000019E-002    2304.796874995553     
   2.5500000000000019E-002    2326.677083329523     
   2.5500000000000019E-002    2348.458333330157     
   2.5500000000000019E-002    2370.140624997454     
   2.5500000000000019E-002    2391.734374998083     
   2.5500000000000019E-002    2413.239583332042     
   2.5500000000000019E-002    2434.666666665999     
   2.5500000000000019E-002    2456.005208333287     
   2.5500000000000019E-002    2477.276041667239     
   2.5500000000000019E-002    2498.468750001189     
   2.5500000000000019E-002    2519.588541668470     
   2.5500000000000019E-002    2540.645833335750     
   2.5500000000000019E-002    2561.640625003028     
   2.5500000000000019E-002    2582.567708336970     
   2.5500000000000019E-002    2603.437500004244     
   2.5500000000000019E-002    2624.255208338183     
   2.5500000000000019E-002    2645.010416672121     
   2.5500000000000019E-002    2665.718750006057     
   2.5500000000000019E-002    2686.375000006658     
   2.5500000000000019E-002    2706.984375007258     
   2.5500000000000019E-002    2727.541666674523     
   2.5500000000000019E-002    2748.062500008453     
   2.5500000000000019E-002    2768.531250009049     
   2.5500000000000019E-002    2788.963541676310     
   2.5500000000000019E-002    2809.354166676904     
   2.5500000000000019E-002    2829.708333344163     
   2.5500000000000019E-002    2850.026041678087     
   2.5500000000000019E-002    2870.307291678678     
   2.5500000000000019E-002    2890.552083345934     
   2.5500000000000019E-002    2910.765625013189     
   2.5500000000000019E-002    2930.947916680443     
   2.5500000000000019E-002    2951.098958347696     
   2.5500000000000019E-002    2971.218750014948     
   2.5500000000000019E-002    2991.312500015533     
   2.5500000000000019E-002    3011.375000016117     
   2.5500000000000019E-002    3031.416666683367     
   2.5500000000000019E-002    3051.427083350616     
   2.5500000000000019E-002    3071.416666684531     
   2.5500000000000019E-002    3091.380208351778     
   2.5500000000000019E-002    3111.322916685692     
   2.5500000000000019E-002    3131.239583352939     
   2.5500000000000019E-002    3151.140625020184     
   2.5500000000000019E-002    3171.015625020763     
   2.5500000000000019E-002    3190.869791688007     
   2.5500000000000019E-002    3210.708333355251     
   2.5500000000000019E-002    3230.526041689162     
   2.5500000000000019E-002    3250.328125023071     
   2.5500000000000019E-002    3270.114583356980     
   2.5500000000000019E-002    3289.880208357556     
   2.5500000000000019E-002    3309.630208358130     
   2.5500000000000019E-002    3329.364583358705     
   2.5500000000000019E-002    3349.083333359279     
   2.5500000000000019E-002    3368.791666693186     
   2.5500000000000019E-002    3388.479166693759     
   2.5500000000000019E-002    3408.156250027665     
   2.5500000000000019E-002    3427.822916694904     
   2.5500000000000019E-002    3447.473958362142     
   2.5500000000000019E-002    3467.109375029380     
   2.5500000000000019E-002    3486.739583363285     
   2.5500000000000019E-002    3506.354166697189     
   2.5500000000000019E-002    3525.958333364426     
   2.5500000000000019E-002    3545.552083364997     
   2.5500000000000019E-002    3565.135416698900     
   2.5500000000000019E-002    3584.708333366136     
   2.5500000000000019E-002    3604.270833366706     
   2.5500000000000019E-002    3623.822916700608     
   2.5500000000000019E-002    3643.364583367843     
   2.5500000000000019E-002    3662.901041701745     
   2.5500000000000019E-002    3682.427083368980     
   2.5500000000000019E-002    3701.947916702882     
   2.5500000000000019E-002    3721.458333370116     
   2.5500000000000019E-002    3740.958333370684     
   2.5500000000000019E-002    3760.458333371251     
   2.5500000000000019E-002    3779.942708371818     
   2.5500000000000019E-002    3799.421875039052     
   2.5500000000000019E-002    3818.895833372952     
   2.5500000000000019E-002    3838.364583373519     
   2.5500000000000019E-002    3857.828125040752     
   2.5500000000000019E-002    3877.281250041318     
   2.5500000000000019E-002    3896.729166708551     
   2.5500000000000019E-002    3916.171875042450     
   2.5500000000000019E-002    3935.609375043015     
   2.5500000000000019E-002    3955.041666710248     
   2.5500000000000019E-002    3974.468750044146     
   2.5500000000000019E-002    3993.890625044712     
   2.5500000000000019E-002    4013.307291711943     
   2.5500000000000019E-002    4032.718750045842     
   2.5500000000000019E-002    4052.125000046407     
   2.5500000000000019E-002    4071.531250046971     
   2.5500000000000019E-002    4090.927083380869     
   2.5500000000000019E-002    4110.322916713516     
   2.5500000000000019E-002    4129.713541712387     
   2.5500000000000019E-002    4149.098958377926     
   2.5500000000000019E-002    4168.479166710131     
   2.5500000000000019E-002    4187.859375042336     
   2.5500000000000019E-002    4207.234375041208     
   2.5500000000000019E-002    4226.604166706747     
   2.5500000000000019E-002    4245.973958372287     
   2.5500000000000019E-002    4265.338541704493     
   2.5500000000000019E-002    4284.703125036699     
   2.5500000000000019E-002    4304.062500035572     
   2.5500000000000019E-002    4323.416666701112     
   2.5500000000000019E-002    4342.770833366652     
   2.5500000000000019E-002    4362.119791698859     
   2.5500000000000019E-002    4381.468750031067     
   2.5500000000000019E-002    4400.812500029941     
   2.5500000000000019E-002    4420.156250028815     
   2.5500000000000019E-002    4439.494791694356     
   2.5500000000000019E-002    4458.833333359897     
   2.5500000000000019E-002    4478.166666692105     
   2.5500000000000019E-002    4497.500000024313     
   2.5500000000000019E-002    4516.833333356521     
   2.5500000000000019E-002    4536.161458355396     
   2.5500000000000019E-002    4555.484375020937     
   2.5500000000000019E-002    4574.812500019812     
   2.5500000000000019E-002    4594.135416685354     
   2.5500000000000019E-002    4613.458333350896     
   2.5500000000000019E-002    4632.776041683105     
   2.5500000000000019E-002    4652.093750015314     
   2.5500000000000019E-002    4671.411458347523     
   2.5500000000000019E-002    4690.723958346399     
   2.5500000000000019E-002    4710.036458345275     
   2.5500000000000019E-002    4729.348958344151     
   2.5500000000000019E-002    4748.656250009693     
   2.5500000000000019E-002    4767.963541675236     
   2.5500000000000019E-002    4787.270833340779     
   2.5500000000000019E-002    4806.578125006322     
   2.5500000000000019E-002    4825.885416671865     
   2.5500000000000019E-002    4845.187500004075     
   2.5500000000000019E-002    4864.489583336284     
   2.5500000000000019E-002    4883.786458335161     
   2.5500000000000019E-002    4903.088541667371     
   2.5500000000000019E-002    4922.385416666248     
   2.5500000000000019E-002    4941.682291665124     
   2.5500000000000019E-002    4960.979166664001     
   2.5500000000000019E-002    4980.276041662878     
   2.5500000000000019E-002    4999.567708328422     
   2.5500000000000019E-002    5018.864583327299     
   2.5500000000000019E-002    5038.156249992842     
   2.5500000000000019E-002    5057.447916658386     
   2.5500000000000019E-002    5076.739583323930     
   2.5500000000000019E-002    5096.026041656140     
   2.5500000000000019E-002    5115.317708321684     
   2.5500000000000019E-002    5134.604166653895     
   2.5500000000000019E-002    5153.895833319439     
   2.5500000000000019E-002    5173.182291651649     
   2.5500000000000019E-002    5192.468749983860     
   2.5500000000000019E-002    5211.749999982738     
   2.5500000000000019E-002    5231.036458314949     
   2.5500000000000019E-002    5250.322916647159     
   2.5500000000000019E-002    5269.604166646037     
   2.5500000000000019E-002    5288.885416644915     
   2.5500000000000019E-002    5308.171874977125     
   2.5500000000000019E-002    5327.453124976003     
   2.5500000000000019E-002    5346.734374974881     
   2.5500000000000019E-002    5366.015624973758     
   2.5500000000000019E-002    5385.291666639303     
   2.5500000000000019E-002    5404.572916638181     
   2.5500000000000019E-002    5423.854166637058     
   2.5500000000000019E-002    5443.130208302603     
   2.5500000000000019E-002    5462.411458301481     
   2.5500000000000019E-002    5481.687499967025     
   2.5500000000000019E-002    5500.963541632570     
   2.5500000000000019E-002    5520.239583298115     
   2.5500000000000019E-002    5539.515624963659     
   2.5500000000000019E-002    5558.791666629204     
   2.5500000000000019E-002    5578.067708294749     
   2.5500000000000019E-002    5597.343749960293     
   2.5500000000000019E-002    5616.619791625838     
   2.5500000000000019E-002    5635.895833291383     
   2.5500000000000019E-002    5655.166666623594     
   2.5500000000000019E-002    5674.442708289139     
   2.5500000000000019E-002    5693.718749954684     
   2.5500000000000019E-002    5712.989583286895     
   2.5500000000000019E-002    5732.260416619107     
   2.5500000000000019E-002    5751.536458284651     
   2.5500000000000019E-002    5770.807291616863     
   2.5500000000000019E-002    5790.078124949075     
   2.5500000000000019E-002    5809.354166614619     
   2.5500000000000019E-002    5828.624999946831     
   2.5500000000000019E-002    5847.895833279043     
   2.5500000000000019E-002    5867.166666611254     
   2.5500000000000019E-002    5886.437499943466     
   2.5500000000000019E-002    5905.708333275677     
   2.5500000000000019E-002    5924.979166607889     
   2.5500000000000019E-002    5944.249999940101     
   2.5500000000000019E-002    5963.520833272312     
   2.6000000000000020E-002    94.42708333331730     
   2.6000000000000020E-002    113.0104166666337     
   2.6000000000000020E-002    131.5468749999599     
   2.6000000000000020E-002    150.0364583333268     
   2.6000000000000020E-002    168.4739583333604     
   2.6000000000000020E-002    186.8645833333938     
   2.6000000000000020E-002    205.2135416667605     
   2.6000000000000020E-002    223.5156250001272     
   2.6000000000000020E-002    241.7812500001604     
   2.6000000000000020E-002    260.0000000001717     
   2.6000000000000020E-002    278.1875000001055     
   2.6000000000000020E-002    296.3333333333728     
   2.6000000000000020E-002    314.4479166666403     
   2.6000000000000020E-002    332.5260416665745     
   2.6000000000000020E-002    350.5729166665088     
   2.6000000000000020E-002    368.5833333331100     
   2.6000000000000020E-002    386.5677083330445     
   2.6000000000000020E-002    404.5260416663126     
   2.6000000000000020E-002    422.4479166662474     
   2.6000000000000020E-002    440.3489583328489     
   2.6000000000000020E-002    458.2239583327839     
   2.6000000000000020E-002    476.0677083327190     
   2.6000000000000020E-002    493.8906249993208     
   2.6000000000000020E-002    511.6927083325893     
   2.6000000000000020E-002    529.4687499993820     
   2.6000000000000020E-002    547.2239583328445     
   2.6000000000000020E-002    564.9583333329736     
   2.6000000000000020E-002    582.6770833331025     
   2.6000000000000020E-002    600.3697916665645     
   2.6000000000000020E-002    618.0468750000265     
   2.6000000000000020E-002    635.7031250001550     
   2.6000000000000020E-002    653.3437500002833     
   2.6000000000000020E-002    670.9687500004115     
   2.6000000000000020E-002    688.5729166672063     
   2.6000000000000020E-002    706.1666666673343     
   2.6000000000000020E-002    723.7395833341288     
   2.6000000000000020E-002    741.3020833342566     
   2.6000000000000020E-002    758.8489583343843     
   2.6000000000000020E-002    776.3854166678452     
   2.6000000000000020E-002    793.9062500013060     
   2.6000000000000020E-002    811.4114583347667     
   2.6000000000000020E-002    828.9062500015607     
   2.6000000000000020E-002    846.3906250016879     
   2.6000000000000020E-002    863.8593750018150     
   2.6000000000000020E-002    881.3229166686087     
   2.6000000000000020E-002    898.7708333354024     
   2.6000000000000020E-002    916.2135416688626     
   2.6000000000000020E-002    933.6406250023227     
   2.6000000000000020E-002    951.0625000024495     
   2.6000000000000020E-002    968.4687500025761     
   2.6000000000000020E-002    985.8697916693694     
   2.6000000000000020E-002    1003.265625002829     
   2.6000000000000020E-002    1020.645833336289     
   2.6000000000000020E-002    1038.026041669443     
   2.6000000000000020E-002    1055.390625002523     
   2.6000000000000020E-002    1072.750000002271     
   2.6000000000000020E-002    1090.104166668685     
   2.6000000000000020E-002    1107.447916668433     
   2.6000000000000020E-002    1124.786458334847     
   2.6000000000000020E-002    1142.119791667928     
   2.6000000000000020E-002    1159.447916667676     
   2.6000000000000020E-002    1176.765625000757     
   2.6000000000000020E-002    1194.078125000505     
   2.6000000000000020E-002    1211.385416666920     
   2.6000000000000020E-002    1228.687500000002     
   2.6000000000000020E-002    1245.979166666417     
   2.6000000000000020E-002    1263.270833332832     
   2.6000000000000020E-002    1280.557291665913     
   2.6000000000000020E-002    1297.838541665662     
   2.6000000000000020E-002    1315.114583332077     
   2.6000000000000020E-002    1332.385416665159     
   2.6000000000000020E-002    1349.651041664908     
   2.6000000000000020E-002    1366.911458331324     
   2.6000000000000020E-002    1384.171874997739     
   2.6000000000000020E-002    1401.421874997488     
   2.6000000000000020E-002    1418.671874997237     
   2.6000000000000020E-002    1435.916666663653     
   2.6000000000000020E-002    1453.161458330068     
   2.6000000000000020E-002    1470.401041663151     
   2.6000000000000020E-002    1487.635416662900     
   2.6000000000000020E-002    1504.864583329316     
   2.6000000000000020E-002    1522.093749995732     
   2.6000000000000020E-002    1539.317708328815     
   2.6000000000000020E-002    1556.541666661897     
   2.6000000000000020E-002    1573.760416661647     
   2.6000000000000020E-002    1590.979166661396     
   2.6000000000000020E-002    1608.192708327812     
   2.6000000000000020E-002    1625.401041660895     
   2.6000000000000020E-002    1642.609374993978     
   2.6000000000000020E-002    1659.812499993728     
   2.6000000000000020E-002    1677.015624993478     
   2.6000000000000020E-002    1694.218749993227     
   2.6000000000000020E-002    1711.416666659644     
   2.6000000000000020E-002    1728.614583326060     
   2.6000000000000020E-002    1745.807291659143     
   2.6000000000000020E-002    1762.999999992226     
   2.6000000000000020E-002    1780.187499991976     
   2.6000000000000020E-002    1797.380208325059     
   2.6000000000000020E-002    1814.562499991476     
   2.6000000000000020E-002    1831.749999991226     
   2.6000000000000020E-002    1848.932291657643     
   2.6000000000000020E-002    1866.109374990726     
   2.6000000000000020E-002    1883.291666657143     
   2.6000000000000020E-002    1900.468749990226     
   2.6000000000000020E-002    1917.645833323309     
   2.6000000000000020E-002    1934.817708323059     
   2.6000000000000020E-002    1951.989583322809     
   2.6000000000000020E-002    1969.161458322560     
   2.6000000000000020E-002    1986.333333322310     
   2.6000000000000020E-002    2003.505208322060     
   2.6000000000000020E-002    2020.671874988477     
   2.6000000000000020E-002    2037.838541654894     
   2.6000000000000020E-002    2054.999999988283     
   2.6000000000000020E-002    2072.166666655449     
   2.6000000000000020E-002    2089.328124989282     
   2.6000000000000020E-002    2106.489583323114     
   2.6000000000000020E-002    2123.651041656947     
   2.6000000000000020E-002    2140.812499990780     
   2.6000000000000020E-002    2157.968749991279     
   2.6000000000000020E-002    2175.124999991779     
   2.6000000000000020E-002    2192.281249992278     
   2.6000000000000020E-002    2209.437499992777     
   2.6000000000000020E-002    2226.593749993277     
   2.6000000000000020E-002    2243.749999993776     
   2.6000000000000020E-002    2260.901041660942     
   2.6000000000000020E-002    2278.052083328108     
   2.6000000000000020E-002    2295.203124995273     
   2.6000000000000020E-002    2312.354166662439     
   2.6000000000000020E-002    2329.505208329605     
   2.6000000000000020E-002    2346.656249996771     
   2.6000000000000020E-002    2363.802083330603     
   2.6000000000000020E-002    2380.953124997769     
   2.6000000000000020E-002    2398.098958331601     
   2.6000000000000020E-002    2415.244791665434     
   2.6000000000000020E-002    2432.395833332600     
   2.6000000000000020E-002    2449.536458333098     
   2.6000000000000020E-002    2466.682291666931     
   2.6000000000000020E-002    2483.828125000763     
   2.6000000000000020E-002    2500.973958334595     
   2.6000000000000020E-002    2518.114583335094     
   2.6000000000000020E-002    2535.260416668927     
   2.6000000000000020E-002    2552.401041669425     
   2.6000000000000020E-002    2569.541666669924     
   2.6000000000000020E-002    2586.687500003757     
   2.6000000000000020E-002    2603.828125004256     
   2.6000000000000020E-002    2620.968750004754     
   2.6000000000000020E-002    2638.109375005253     
   2.6000000000000020E-002    2655.244791672419     
   2.6000000000000020E-002    2672.385416672917     
   2.6000000000000020E-002    2689.526041673416     
   2.6000000000000020E-002    2706.666666673915     
   2.6000000000000020E-002    2723.802083341081     
   2.6000000000000020E-002    2740.942708341579     
   2.6000000000000020E-002    2758.078125008745     
   2.6000000000000020E-002    2775.218750009244     
   2.6000000000000020E-002    2792.354166676409     
   2.6000000000000020E-002    2809.489583343574     
   2.6000000000000020E-002    2826.625000010740     
   2.6000000000000020E-002    2843.765625011239     
   2.6000000000000020E-002    2860.901041678404     
   2.6000000000000020E-002    2878.036458345569     
   2.6000000000000020E-002    2895.171875012735     
   2.6000000000000020E-002    2912.307291679900     
   2.6000000000000020E-002    2929.442708347065     
   2.6000000000000020E-002    2946.572916680897     
   2.6000000000000020E-002    2963.708333348063     
   2.6000000000000020E-002    2980.843750015228     
   2.6000000000000020E-002    2997.979166682393     
   2.6000000000000020E-002    3015.109375016225     
   2.6000000000000020E-002    3032.244791683391     
   2.6000000000000020E-002    3049.380208350556     
   2.6000000000000020E-002    3066.510416684388     
   2.6000000000000020E-002    3083.645833351553     
   2.6000000000000020E-002    3100.776041685385     
   2.6000000000000020E-002    3117.911458352551     
   2.6000000000000020E-002    3135.041666686383     
   2.6000000000000020E-002    3152.177083353548     
   2.6000000000000020E-002    3169.307291687380     
   2.6000000000000020E-002    3186.442708354545     
   2.6000000000000020E-002    3203.572916688377     
   2.6000000000000020E-002    3220.703125022209     
   2.6000000000000020E-002    3237.838541689374     
   2.6000000000000020E-002    3254.968750023206     
   2.6000000000000020E-002    3272.098958357038     
   2.6000000000000020E-002    3289.229166690870     
   2.6000000000000020E-002    3306.359375024702     
   2.6000000000000020E-002    3323.494791691867     
   2.6000000000000020E-002    3340.625000025699     
   2.6000000000000020E-002    3357.755208359531     
   2.6500000000000020E-002    82.95312499999440     
   2.6500000000000020E-002    99.53645833331265     
   2.6500000000000020E-002    116.0885416666309     
   2.6500000000000020E-002    132.6093749999618     
   2.6500000000000020E-002    149.0937499999918     
   2.6500000000000020E-002    165.5468750000217     
   2.6500000000000020E-002    181.9739583333849     
   2.6500000000000020E-002    198.3697916667481     
   2.6500000000000020E-002    214.7395833334445     
   2.6500000000000020E-002    231.0781250001409     
   2.6500000000000020E-002    247.3958333335039     
   2.6500000000000020E-002    263.6875000001583     
   2.6500000000000020E-002    279.9531250000991     
   2.6500000000000020E-002    296.1927083333733     
   2.6500000000000020E-002    312.4166666666476     
   2.6500000000000020E-002    328.6145833332554     
   2.6500000000000020E-002    344.7916666665299     
   2.6500000000000020E-002    360.9479166664711     
   2.6500000000000020E-002    377.0885416664124     
   2.6500000000000020E-002    393.2083333330204     
   2.6500000000000020E-002    409.3124999996285     
   2.6500000000000020E-002    425.3958333329033     
   2.6500000000000020E-002    441.4635416661782     
   2.6500000000000020E-002    457.5156249994531     
   2.6500000000000020E-002    473.5520833327281     
   2.6500000000000020E-002    489.5729166660032     
   2.6500000000000020E-002    505.5833333326116     
   2.6500000000000020E-002    521.5781249993246     
   2.6500000000000020E-002    537.5572916661075     
   2.6500000000000020E-002    553.5260416662237     
   2.6500000000000020E-002    569.4791666663398     
   2.6500000000000020E-002    585.4218749997891     
   2.6500000000000020E-002    601.3541666665717     
   2.6500000000000020E-002    617.2708333333542     
   2.6500000000000020E-002    633.1822916668033     
   2.6500000000000020E-002    649.0781250002523     
   2.6500000000000020E-002    664.9687500003679     
   2.6500000000000020E-002    680.8489583338168     
   2.6500000000000020E-002    696.7187500005989     
   2.6500000000000020E-002    712.5781250007143     
   2.6500000000000020E-002    728.4270833341629     
   2.6500000000000020E-002    744.2708333342782     
   2.6500000000000020E-002    760.1041666677268     
   2.6500000000000020E-002    775.9322916678419     
   2.6500000000000020E-002    791.7500000012903     
   2.6500000000000020E-002    807.5625000014054     
   2.6500000000000020E-002    823.3697916681871     
   2.6500000000000020E-002    839.1666666683020     
   2.6500000000000020E-002    854.9531250017502     
   2.6500000000000020E-002    870.7395833351984     
   2.6500000000000020E-002    886.5156250019799     
   2.6500000000000020E-002    902.2864583354279     
   2.6500000000000020E-002    918.0572916688760     
   2.6500000000000020E-002    933.8177083356574     
   2.6500000000000020E-002    949.5677083357720     
   2.6500000000000020E-002    965.3177083358866     
   2.6500000000000020E-002    981.0625000026678     
   2.6500000000000020E-002    996.8020833361156     
   2.6500000000000020E-002    1012.536458336230     
   2.6500000000000020E-002    1028.265625002918     
   2.6500000000000020E-002    1043.994791669356     
   2.6500000000000020E-002    1059.713541669127     
   2.6500000000000020E-002    1075.432291668898     
   2.6500000000000020E-002    1091.140625002003     
   2.6500000000000020E-002    1106.848958335108     
   2.6500000000000020E-002    1122.557291668213     
   2.6500000000000020E-002    1138.255208334651     
   2.6500000000000020E-002    1153.953125001089     
   2.6500000000000020E-002    1169.651041667527     
   2.6500000000000020E-002    1185.338541667299     
   2.6500000000000020E-002    1201.026041667071     
   2.6500000000000020E-002    1216.713541666843     
   2.6500000000000020E-002    1232.390624999948     
   2.6500000000000020E-002    1248.072916666386     
   2.6500000000000020E-002    1263.744791666158     
   2.6500000000000020E-002    1279.421874999263     
   2.6500000000000020E-002    1295.088541665702     
   2.6500000000000020E-002    1310.755208332141     
   2.6500000000000020E-002    1326.421874998579     
   2.6500000000000020E-002    1342.083333331685     
   2.6500000000000020E-002    1357.744791664790     
   2.6500000000000020E-002    1373.401041664562     
   2.6500000000000020E-002    1389.057291664335     
   2.6500000000000020E-002    1404.713541664107     
   2.6500000000000020E-002    1420.364583330546     
   2.6500000000000020E-002    1436.015624996985     
   2.6500000000000020E-002    1451.661458330090     
   2.6500000000000020E-002    1467.307291663196     
   2.6500000000000020E-002    1482.947916662968     
   2.6500000000000020E-002    1498.593749996074     
   2.6500000000000020E-002    1514.234374995846     
   2.6500000000000020E-002    1529.869791662285     
   2.6500000000000020E-002    1545.510416662058     
   2.6500000000000020E-002    1561.145833328497     
   2.6500000000000020E-002    1576.776041661603     
   2.6500000000000020E-002    1592.411458328042     
   2.6500000000000020E-002    1608.041666661148     
   2.6500000000000020E-002    1623.671874994254     
   2.6500000000000020E-002    1639.302083327360     
   2.6500000000000020E-002    1654.927083327132     
   2.6500000000000020E-002    1670.552083326905     
   2.6500000000000020E-002    1686.177083326678     
   2.6500000000000020E-002    1701.802083326450     
   2.6500000000000020E-002    1717.427083326223     
   2.6500000000000020E-002    1733.046874992662     
   2.6500000000000020E-002    1748.666666659102     
   2.6500000000000020E-002    1764.286458325541     
   2.6500000000000020E-002    1779.906249991980     
   2.6500000000000020E-002    1795.520833325086     
   2.6500000000000020E-002    1811.135416658193     
   2.6500000000000020E-002    1826.755208324632     
   2.6500000000000020E-002    1842.369791657738     
   2.6500000000000020E-002    1857.984374990844     
   2.6500000000000020E-002    1873.593749990617     
   2.6500000000000020E-002    1889.208333323723     
   2.6500000000000020E-002    1904.817708323496     
   2.6500000000000020E-002    1920.427083323269     
   2.6500000000000020E-002    1936.041666656375     
   2.6500000000000020E-002    1951.645833322814     
   2.6500000000000020E-002    1967.255208322587     
   2.6500000000000020E-002    1982.864583322360     
   2.6500000000000020E-002    1998.473958322133     
   2.6500000000000020E-002    2014.078124988573     
   2.6500000000000020E-002    2029.682291655012     
   2.6500000000000020E-002    2045.291666654785     
   2.6500000000000020E-002    2060.895833321787     
   2.6500000000000020E-002    2076.499999988908     
   2.6500000000000020E-002    2092.104166656029     
   2.6500000000000020E-002    2107.708333323150     
   2.6500000000000020E-002    2123.307291656937     
   2.6500000000000020E-002    2138.911458324058     
   2.6500000000000020E-002    2154.515624991179     
   2.6500000000000020E-002    2170.114583324966     
   2.6500000000000020E-002    2185.718749992087     
   2.6500000000000020E-002    2201.317708325874     
   2.6500000000000020E-002    2216.916666659662     
   2.6500000000000020E-002    2232.515624993449     
   2.6500000000000020E-002    2248.114583327236     
   2.6500000000000020E-002    2263.713541661024     
   2.6500000000000020E-002    2279.312499994811     
   2.6500000000000020E-002    2294.911458328598     
   2.6500000000000020E-002    2310.510416662386     
   2.6500000000000020E-002    2326.109374996173     
   2.6500000000000020E-002    2341.703124996627     
   2.6500000000000020E-002    2357.302083330414     
   2.6500000000000020E-002    2372.901041664201     
   2.6500000000000020E-002    2388.494791664655     
   2.6500000000000020E-002    2404.093749998442     
   2.6500000000000020E-002    2419.687499998896     
   2.6500000000000020E-002    2435.281249999350     
   2.6500000000000020E-002    2450.880208333137     
   2.6500000000000020E-002    2466.473958333591     
   2.6500000000000020E-002    2482.067708334045     
   2.6500000000000020E-002    2497.661458334499     
   2.6500000000000020E-002    2513.255208334953     
   2.6500000000000020E-002    2528.848958335407     
   2.6500000000000020E-002    2544.447916669194     
   2.6500000000000020E-002    2560.041666669648     
   2.6500000000000020E-002    2575.635416670102     
   2.6500000000000020E-002    2591.223958337222     
   2.6500000000000020E-002    2606.817708337676     
   2.6500000000000020E-002    2622.411458338130     
   2.6500000000000020E-002    2638.005208338584     
   2.6500000000000020E-002    2653.598958339037     
   2.6500000000000020E-002    2669.192708339491     
   2.6500000000000020E-002    2684.781250006612     
   2.6500000000000020E-002    2700.375000007065     
   2.6500000000000020E-002    2715.968750007519     
   2.6500000000000020E-002    2731.557291674640     
   2.6500000000000020E-002    2747.151041675093     
   2.6500000000000020E-002    2762.739583342214     
   2.6500000000000020E-002    2778.333333342668     
   2.6500000000000020E-002    2793.927083343121     
   2.6500000000000020E-002    2809.515625010242     
   2.6500000000000020E-002    2825.109375010696     
   2.6500000000000020E-002    2840.697916677816     
   2.6500000000000020E-002    2856.291666678270     
   2.6500000000000020E-002    2871.880208345390     
   2.6500000000000020E-002    2887.468750012511     
   2.6500000000000020E-002    2903.062500012964     
   2.6500000000000020E-002    2918.651041680085     
   2.6500000000000020E-002    2934.239583347205     
   2.6500000000000020E-002    2949.833333347659     
   2.6500000000000020E-002    2965.421875014779     
   2.6500000000000020E-002    2981.010416681900     
   2.7000000000000021E-002    79.46874999999757     
   2.7000000000000021E-002    94.56770833331717     
   2.7000000000000021E-002    109.6510416666368     
   2.7000000000000021E-002    124.7135416666231     
   2.7000000000000021E-002    139.7552083333081     
   2.7000000000000021E-002    154.7760416666688     
   2.7000000000000021E-002    169.7760416666961     
   2.7000000000000021E-002    184.7552083333900     
   2.7000000000000021E-002    199.7135416667505     
   2.7000000000000021E-002    214.6562500001110     
   2.7000000000000021E-002    229.5781250001382     
   2.7000000000000021E-002    244.4791666668320     
   2.7000000000000021E-002    259.3697916668406     
   2.7000000000000021E-002    274.2395833334532     
   2.7000000000000021E-002    289.0937500000658     
   2.7000000000000021E-002    303.9375000000118     
   2.7000000000000021E-002    318.7604166666246     
   2.7000000000000021E-002    333.5729166665707     
   2.7000000000000021E-002    348.3697916665168     
   2.7000000000000021E-002    363.1562499997964     
   2.7000000000000021E-002    377.9270833330760     
   2.7000000000000021E-002    392.6874999996890     
   2.7000000000000021E-002    407.4374999996353     
   2.7000000000000021E-002    422.1718749995817     
   2.7000000000000021E-002    436.9010416661948     
   2.7000000000000021E-002    451.6145833328079     
   2.7000000000000021E-002    466.3177083327544     
   2.7000000000000021E-002    481.0156249993676     
   2.7000000000000021E-002    495.6979166659809     
   2.7000000000000021E-002    510.3749999992608     
   2.7000000000000021E-002    525.0416666660165     
   2.7000000000000021E-002    539.7031249994565     
   2.7000000000000021E-002    554.3489583328964     
   2.7000000000000021E-002    568.9947916663363     
   2.7000000000000021E-002    583.6302083331094     
   2.7000000000000021E-002    598.2552083332158     
   2.7000000000000021E-002    612.8749999999889     
   2.7000000000000021E-002    627.4895833334285     
   2.7000000000000021E-002    642.0937500002015     
   2.7000000000000021E-002    656.6927083336410     
   2.7000000000000021E-002    671.2864583337472     
   2.7000000000000021E-002    685.8750000005200     
   2.7000000000000021E-002    700.4583333339594     
   2.7000000000000021E-002    715.0312500007321     
   2.7000000000000021E-002    729.6041666675048     
   2.7000000000000021E-002    744.1666666676108     
   2.7000000000000021E-002    758.7291666677168     
   2.7000000000000021E-002    773.2812500011560     
   2.7000000000000021E-002    787.8333333345952     
   2.7000000000000021E-002    802.3750000013677     
   2.7000000000000021E-002    816.9166666681401     
   2.7000000000000021E-002    831.4531250015792     
   2.7000000000000021E-002    845.9843750016850     
   2.7000000000000021E-002    860.5156250017907     
   2.7000000000000021E-002    875.0416666685630     
   2.7000000000000021E-002    889.5572916686687     
   2.7000000000000021E-002    904.0781250021076     
   2.7000000000000021E-002    918.5885416688799     
   2.7000000000000021E-002    933.0989583356521     
   2.7000000000000021E-002    947.6041666690910     
   2.7000000000000021E-002    962.1093750025299     
   2.7000000000000021E-002    976.6093750026354     
   2.7000000000000021E-002    991.1041666694075     
   2.7000000000000021E-002    1005.598958336180     
   2.7000000000000021E-002    1020.088541669618     
   2.7000000000000021E-002    1034.578125002826     
   2.7000000000000021E-002    1049.062500002615     
   2.7000000000000021E-002    1063.546875002405     
   2.7000000000000021E-002    1078.031250002194     
   2.7000000000000021E-002    1092.505208335317     
   2.7000000000000021E-002    1106.984375001773     
   2.7000000000000021E-002    1121.458333334895     
   2.7000000000000021E-002    1135.927083334685     
   2.7000000000000021E-002    1150.395833334474     
   2.7000000000000021E-002    1164.864583334264     
   2.7000000000000021E-002    1179.328125000720     
   2.7000000000000021E-002    1193.791666667176     
   2.7000000000000021E-002    1208.255208333632     
   2.7000000000000021E-002    1222.713541666755     
   2.7000000000000021E-002    1237.171874999878     
   2.7000000000000021E-002    1251.630208333001     
   2.7000000000000021E-002    1266.083333332791     
   2.7000000000000021E-002    1280.536458332580     
   2.7000000000000021E-002    1294.989583332370     
   2.7000000000000021E-002    1309.437499998827     
   2.7000000000000021E-002    1323.885416665283     
   2.7000000000000021E-002    1338.333333331739     
   2.7000000000000021E-002    1352.776041664863     
   2.7000000000000021E-002    1367.223958331319     
   2.7000000000000021E-002    1381.666666664442     
   2.7000000000000021E-002    1396.109374997565     
   2.7000000000000021E-002    1410.546874997355     
   2.7000000000000021E-002    1424.989583330478     
   2.7000000000000021E-002    1439.427083330268     
   2.7000000000000021E-002    1453.864583330058     
   2.7000000000000021E-002    1468.296874996515     
   2.7000000000000021E-002    1482.734374996305     
   2.7000000000000021E-002    1497.166666662761     
   2.7000000000000021E-002    1511.604166662551     
   2.7000000000000021E-002    1526.036458329008     
   2.7000000000000021E-002    1540.463541662131     
   2.7000000000000021E-002    1554.895833328588     
   2.7000000000000021E-002    1569.328124995045     
   2.7000000000000021E-002    1583.755208328168     
   2.7000000000000021E-002    1598.182291661291     
   2.7000000000000021E-002    1612.609374994415     
   2.7000000000000021E-002    1627.036458327538     
   2.7000000000000021E-002    1641.463541660662     
   2.7000000000000021E-002    1655.885416660452     
   2.7000000000000021E-002    1670.312499993575     
   2.7000000000000021E-002    1684.734374993365     
   2.7000000000000021E-002    1699.156249993155     
   2.7000000000000021E-002    1713.583333326279     
   2.7000000000000021E-002    1728.005208326069     
   2.7000000000000021E-002    1742.421874992526     
   2.7000000000000021E-002    1756.843749992316     
   2.7000000000000021E-002    1771.265624992106     
   2.7000000000000021E-002    1785.682291658563     
   2.7000000000000021E-002    1800.104166658353     
   2.7000000000000021E-002    1814.520833324810     
   2.7000000000000021E-002    1828.942708324600     
   2.7000000000000021E-002    1843.359374991057     
   2.7000000000000021E-002    1857.776041657514     
   2.7000000000000021E-002    1872.192708323971     
   2.7000000000000021E-002    1886.609374990428     
   2.7000000000000021E-002    1901.026041656884     
   2.7000000000000021E-002    1915.442708323341     
   2.7000000000000021E-002    1929.854166656465     
   2.7000000000000021E-002    1944.270833322922     
   2.7000000000000021E-002    1958.682291656045     
   2.7000000000000021E-002    1973.098958322502     
   2.7000000000000021E-002    1987.510416655626     
   2.7000000000000021E-002    2001.927083322083     
   2.7000000000000021E-002    2016.338541655206     
   2.7000000000000021E-002    2030.749999988330     
   2.7000000000000021E-002    2045.166666654787     
   2.7000000000000021E-002    2059.578124988416     
   2.7000000000000021E-002    2073.989583322169     
   2.7000000000000021E-002    2088.401041655921     
   2.7000000000000021E-002    2102.812499989674     
   2.7000000000000021E-002    2117.223958323427     
   2.7000000000000021E-002    2131.635416657180     
   2.7000000000000021E-002    2146.041666657599     
   2.7000000000000021E-002    2160.453124991352     
   2.7000000000000021E-002    2174.864583325104     
   2.7000000000000021E-002    2189.276041658857     
   2.7000000000000021E-002    2203.682291659276     
   2.7000000000000021E-002    2218.093749993029     
   2.7000000000000021E-002    2232.499999993448     
   2.7000000000000021E-002    2246.911458327201     
   2.7000000000000021E-002    2261.322916660954     
   2.7000000000000021E-002    2275.729166661373     
   2.7000000000000021E-002    2290.135416661793     
   2.7000000000000021E-002    2304.546874995545     
   2.7000000000000021E-002    2318.953124995965     
   2.7000000000000021E-002    2333.364583329717     
   2.7000000000000021E-002    2347.770833330137     
   2.7000000000000021E-002    2362.177083330556     
   2.7000000000000021E-002    2376.583333330975     
   2.7000000000000021E-002    2390.994791664728     
   2.7000000000000021E-002    2405.401041665147     
   2.7000000000000021E-002    2419.807291665566     
   2.7000000000000021E-002    2434.213541665986     
   2.7000000000000021E-002    2448.619791666405     
   2.7000000000000021E-002    2463.026041666824     
   2.7000000000000021E-002    2477.432291667244     
   2.7000000000000021E-002    2491.838541667663     
   2.7000000000000021E-002    2506.250000001416     
   2.7000000000000021E-002    2520.656250001835     
   2.7000000000000021E-002    2535.062500002254     
   2.7000000000000021E-002    2549.463541669340     
   2.7000000000000021E-002    2563.869791669759     
   2.7000000000000021E-002    2578.276041670179     
   2.7000000000000021E-002    2592.682291670598     
   2.7000000000000021E-002    2607.088541671017     
   2.7000000000000021E-002    2621.494791671436     
   2.7000000000000021E-002    2635.901041671856     
   2.7000000000000021E-002    2650.307291672275     
   2.7000000000000021E-002    2664.713541672694     
   2.7000000000000021E-002    2679.114583339780     
   2.7000000000000021E-002    2693.520833340199     
   2.7000000000000021E-002    2707.927083340619     
   2.7000000000000021E-002    2722.333333341038     
   2.7000000000000021E-002    2736.739583341457     
   2.7000000000000021E-002    2751.140625008543     
   2.7500000000000021E-002    106.1718749999733     
   2.7500000000000021E-002    120.0416666666273     
   2.7500000000000021E-002    133.9062499999642     
   2.7500000000000021E-002    147.7656249999894     
   2.7500000000000021E-002    161.6197916666812     
   2.7500000000000021E-002    175.4635416667064     
   2.7500000000000021E-002    189.2968750000649     
   2.7500000000000021E-002    203.1197916667567     
   2.7500000000000021E-002    216.9270833334485     
   2.7500000000000021E-002    230.7291666668069     
   2.7500000000000021E-002    244.5156250001654     
   2.7500000000000021E-002    258.2968750001779     
   2.7500000000000021E-002    272.0625000001278     
   2.7500000000000021E-002    285.8229166667444     
   2.7500000000000021E-002    299.5729166666944     
   2.7500000000000021E-002    313.3124999999777     
   2.7500000000000021E-002    327.0416666665944     
   2.7500000000000021E-002    340.7656249998778     
   2.7500000000000021E-002    354.4739583331613     
   2.7500000000000021E-002    368.1822916664448     
   2.7500000000000021E-002    381.8749999997283     
   2.7500000000000021E-002    395.5677083330118     
   2.7500000000000021E-002    409.2447916662954     
   2.7500000000000021E-002    422.9218749995790     
   2.7500000000000021E-002    436.5885416661959     
   2.7500000000000021E-002    450.2447916661462     
   2.7500000000000021E-002    463.9010416660965     
   2.7500000000000021E-002    477.5468749993802     
   2.7500000000000021E-002    491.1874999993306     
   2.7500000000000021E-002    504.8229166659477     
   2.7500000000000021E-002    518.4479166659685     
   2.7500000000000021E-002    532.0729166660676     
   2.7500000000000021E-002    545.6874999995000     
   2.7500000000000021E-002    559.3020833329324     
   2.7500000000000021E-002    572.9062499996980     
   2.7500000000000021E-002    586.5104166664637     
   2.7500000000000021E-002    600.1093749998960     
   2.7500000000000021E-002    613.7031249999949     
   2.7500000000000021E-002    627.2916666667604     
   2.7500000000000021E-002    640.8750000001926     
   2.7500000000000021E-002    654.4531250002914     
   2.7500000000000021E-002    668.0260416670568     
   2.7500000000000021E-002    681.5989583338222     
   2.7500000000000021E-002    695.1666666672543     
   2.7500000000000021E-002    708.7343750006863     
   2.7500000000000021E-002    722.2916666674516     
   2.7500000000000021E-002    735.8489583342169     
   2.7500000000000021E-002    749.4062500009823     
   2.7500000000000021E-002    762.9583333344142     
   2.7500000000000021E-002    776.5052083345128     
   2.7500000000000021E-002    790.0468750012780     
   2.7500000000000021E-002    803.5885416680431     
   2.7500000000000021E-002    817.1302083348083     
   2.7500000000000021E-002    830.6666666682402     
   2.7500000000000021E-002    844.1979166683386     
   2.7500000000000021E-002    857.7291666684371     
   2.7500000000000021E-002    871.2604166685355     
   2.7500000000000021E-002    884.7864583353006     
   2.7500000000000021E-002    898.3072916687323     
   2.7500000000000021E-002    911.8281250021640     
   2.7500000000000021E-002    925.3489583355957     
   2.7500000000000021E-002    938.8645833356941     
   2.7500000000000021E-002    952.3802083357924     
   2.7500000000000021E-002    965.8958333358908     
   2.7500000000000021E-002    979.4062500026557     
   2.7500000000000021E-002    992.9166666694207     
   2.7500000000000021E-002    1006.421875002852     
   2.7500000000000021E-002    1019.927083336284     
   2.7500000000000021E-002    1033.432291669510     
   2.7500000000000021E-002    1046.932291669313     
   2.7500000000000021E-002    1060.437500002450     
   2.7500000000000021E-002    1073.932291668920     
   2.7500000000000021E-002    1087.432291668724     
   2.7500000000000021E-002    1100.927083335194     
   2.7500000000000021E-002    1114.421875001664     
   2.7500000000000021E-002    1127.916666668135     
   2.7500000000000021E-002    1141.411458334605     
   2.7500000000000021E-002    1154.901041667742     
   2.7500000000000021E-002    1168.390625000879     
   2.7500000000000021E-002    1181.880208334016     
   2.7500000000000021E-002    1195.364583333820     
   2.7500000000000021E-002    1208.854166666957     
   2.7500000000000021E-002    1222.338541666761     
   2.7500000000000021E-002    1235.822916666564     
   2.7500000000000021E-002    1249.307291666368     
   2.7500000000000021E-002    1262.786458332839     
   2.7500000000000021E-002    1276.270833332642     
   2.7500000000000021E-002    1289.749999999113     
   2.7500000000000021E-002    1303.229166665584     
   2.7500000000000021E-002    1316.708333332054     
   2.7500000000000021E-002    1330.182291665191     
   2.7500000000000021E-002    1343.661458331662     
   2.7500000000000021E-002    1357.135416664799     
   2.7500000000000021E-002    1370.614583331270     
   2.7500000000000021E-002    1384.088541664407     
   2.7500000000000021E-002    1397.562499997544     
   2.7500000000000021E-002    1411.031249997348     
   2.7500000000000021E-002    1424.505208330485     
   2.7500000000000021E-002    1437.979166663623     
   2.7500000000000021E-002    1451.447916663427     
   2.7500000000000021E-002    1464.916666663231     
   2.7500000000000021E-002    1478.390624996368     
   2.7500000000000021E-002    1491.859374996172     
   2.7500000000000021E-002    1505.328124995976     
   2.7500000000000021E-002    1518.796874995780     
   2.7500000000000021E-002    1532.260416662251     
   2.7500000000000021E-002    1545.729166662055     
   2.7500000000000021E-002    1559.197916661859     
   2.7500000000000021E-002    1572.661458328329     
   2.7500000000000021E-002    1586.124999994800     
   2.7500000000000021E-002    1599.593749994604     
   2.7500000000000021E-002    1613.057291661075     
   2.7500000000000021E-002    1626.520833327546     
   2.7500000000000021E-002    1639.984374994016     
   2.7500000000000021E-002    1653.447916660487     
   2.7500000000000021E-002    1666.911458326958     
   2.7500000000000021E-002    1680.374999993429     
   2.7500000000000021E-002    1693.838541659899     
   2.7500000000000021E-002    1707.296874993037     
   2.7500000000000021E-002    1720.760416659508     
   2.7500000000000021E-002    1734.223958325978     
   2.7500000000000021E-002    1747.682291659116     
   2.7500000000000021E-002    1761.140624992253     
   2.7500000000000021E-002    1774.604166658724     
   2.7500000000000021E-002    1788.062499991862     
   2.7500000000000021E-002    1801.520833324999     
   2.7500000000000021E-002    1814.984374991470     
   2.7500000000000021E-002    1828.442708324607     
   2.7500000000000021E-002    1841.901041657745     
   2.7500000000000021E-002    1855.359374990882     
   2.7500000000000021E-002    1868.817708324020     
   2.7500000000000021E-002    1882.276041657157     
   2.7500000000000021E-002    1895.734374990295     
   2.7500000000000021E-002    1909.192708323432     
   2.7500000000000021E-002    1922.645833323237     
   2.7500000000000021E-002    1936.104166656374     
   2.7500000000000021E-002    1949.562499989511     
   2.7500000000000021E-002    1963.020833322649     
   2.7500000000000021E-002    1976.473958322453     
   2.7500000000000021E-002    1989.932291655591     
   2.7500000000000021E-002    2003.390624988728     
   2.7500000000000021E-002    2016.843749988532     
   2.7500000000000021E-002    2030.302083321670     
   2.7500000000000021E-002    2043.755208321474     
   2.7500000000000021E-002    2057.213541655014     
   2.7500000000000021E-002    2070.666666655405     
   2.7500000000000021E-002    2084.124999989130     
   2.7500000000000021E-002    2097.578124989522     
   2.7500000000000021E-002    2111.031249989913     
   2.7500000000000021E-002    2124.489583323638     
   2.7500000000000021E-002    2137.942708324030     
   2.7500000000000021E-002    2151.395833324421     
   2.7500000000000021E-002    2164.848958324813     
   2.7500000000000021E-002    2178.307291658538     
   2.7500000000000021E-002    2191.760416658929     
   2.7500000000000021E-002    2205.213541659321     
   2.7500000000000021E-002    2218.666666659713     
   2.7500000000000021E-002    2232.119791660104     
   2.7500000000000021E-002    2245.572916660496     
   2.7500000000000021E-002    2259.031249994221     
   2.7500000000000021E-002    2272.484374994612     
   2.7500000000000021E-002    2285.937499995004     
   2.7500000000000021E-002    2299.390624995395     
   2.7500000000000021E-002    2312.843749995787     
   2.7500000000000021E-002    2326.296874996178     
   2.7500000000000021E-002    2339.749999996570     
   2.7500000000000021E-002    2353.203124996961     
   2.7500000000000021E-002    2366.656249997353     
   2.7500000000000021E-002    2380.109374997744     
   2.7500000000000021E-002    2393.562499998136     
   2.7500000000000021E-002    2407.010416665194     
   2.7500000000000021E-002    2420.463541665586     
   2.7500000000000021E-002    2433.916666665977     
   2.7500000000000021E-002    2447.369791666369     
   2.7500000000000021E-002    2460.822916666760     
   2.7500000000000021E-002    2474.276041667152     
   2.7500000000000021E-002    2487.729166667543     
   2.7500000000000021E-002    2501.177083334601     
   2.7500000000000021E-002    2514.630208334993     
   2.7500000000000021E-002    2528.083333335384     
   2.7500000000000021E-002    2541.536458335776     
   2.8000000000000021E-002    408.5156249996314     
   2.8000000000000021E-002    421.2708333329183     
   2.8000000000000021E-002    434.0312499995385     
   2.8000000000000021E-002    446.7916666661588     
   2.8000000000000021E-002    459.5520833327790     
   2.8000000000000021E-002    472.3124999993993     
   2.8000000000000021E-002    485.0781249993528     
   2.8000000000000021E-002    497.8333333326398     
   2.8000000000000021E-002    510.5937499992600     
   2.8000000000000021E-002    523.3489583326708     
   2.8000000000000021E-002    536.1041666660969     
   2.8000000000000021E-002    548.8593749995231     
   2.8000000000000021E-002    561.6093749996159     
   2.8000000000000021E-002    574.3593749997086     
   2.8000000000000021E-002    587.1093749998014     
   2.8000000000000021E-002    599.8541666665608     
   2.8000000000000021E-002    612.5937499999868     
   2.8000000000000021E-002    625.3333333334128     
   2.8000000000000021E-002    638.0729166668389     
   2.8000000000000021E-002    650.8072916669315     
   2.8000000000000021E-002    663.5416666670242     
   2.8000000000000021E-002    676.2760416671168     
   2.8000000000000021E-002    689.0052083338761     
   2.8000000000000021E-002    701.7343750006354     
   2.8000000000000021E-002    714.4583333340613     
   2.8000000000000021E-002    727.1822916674872     
   2.8000000000000021E-002    739.9062500009131     
   2.8000000000000021E-002    752.6250000010057     
   2.8000000000000021E-002    765.3437500010982     
   2.8000000000000021E-002    778.0625000011908     
   2.8000000000000021E-002    790.7760416679499     
   2.8000000000000021E-002    803.4895833347091     
   2.8000000000000021E-002    816.2031250014683     
   2.8000000000000021E-002    828.9114583348941     
   2.8000000000000021E-002    841.6250000016532     
   2.8000000000000021E-002    854.3281250017457     
   2.8000000000000021E-002    867.0364583351715     
   2.8000000000000021E-002    879.7395833352639     
   2.8000000000000021E-002    892.4427083353563     
   2.8000000000000021E-002    905.1458333354487     
   2.8000000000000021E-002    917.8489583355412     
   2.8000000000000021E-002    930.5468750023002     
   2.8000000000000021E-002    943.2447916690593     
   2.8000000000000021E-002    955.9427083358183     
   2.8000000000000021E-002    968.6406250025774     
   2.8000000000000021E-002    981.3333333360031     
   2.8000000000000021E-002    994.0260416694288     
   2.8000000000000021E-002    1006.718750002854     
   2.8000000000000021E-002    1019.411458336280     
   2.8000000000000021E-002    1032.104166669529     
   2.8000000000000021E-002    1044.791666669344     
   2.8000000000000021E-002    1057.484375002493     
   2.8000000000000021E-002    1070.171875002308     
   2.8000000000000021E-002    1082.859375002124     
   2.8000000000000021E-002    1095.546875001939     
   2.8000000000000021E-002    1108.229166668421     
   2.8000000000000021E-002    1120.916666668237     
   2.8000000000000021E-002    1133.598958334719     
   2.8000000000000021E-002    1146.281250001201     
   2.8000000000000021E-002    1158.963541667683     
   2.8000000000000021E-002    1171.645833334165     
   2.8000000000000021E-002    1184.328125000647     
   2.8000000000000021E-002    1197.010416667129     
   2.8000000000000021E-002    1209.687500000278     
   2.8000000000000021E-002    1222.369791666760     
   2.8000000000000021E-002    1235.046874999909     
   2.8000000000000021E-002    1247.723958333058     
   2.8000000000000021E-002    1260.401041666207     
   2.8000000000000021E-002    1273.078124999356     
   2.8000000000000021E-002    1285.755208332504     
   2.8000000000000021E-002    1298.432291665653     
   2.8000000000000021E-002    1311.104166665469     
   2.8000000000000021E-002    1323.781249998618     
   2.8000000000000021E-002    1336.458333331767     
   2.8000000000000021E-002    1349.130208331582     
   2.8000000000000021E-002    1361.802083331398     
   2.8000000000000021E-002    1374.473958331213     
   2.8000000000000021E-002    1387.151041664362     
   2.8000000000000021E-002    1399.822916664178     
   2.8000000000000021E-002    1412.494791663994     
   2.8000000000000021E-002    1425.166666663809     
   2.8000000000000021E-002    1437.833333330291     
   2.8000000000000021E-002    1450.505208330107     
   2.8000000000000021E-002    1463.177083329923     
   2.8000000000000021E-002    1475.848958329738     
   2.8000000000000021E-002    1488.515624996221     
   2.8000000000000021E-002    1501.187499996036     
   2.8000000000000021E-002    1513.854166662519     
   2.8000000000000021E-002    1526.520833329001     
   2.8000000000000021E-002    1539.192708328816     
   2.8000000000000021E-002    1551.859374995299     
   2.8000000000000021E-002    1564.526041661781     
   2.8000000000000021E-002    1577.192708328264     
   2.8000000000000021E-002    1589.864583328079     
   2.8000000000000021E-002    1602.531249994561     
   2.8000000000000021E-002    1615.197916661044     
   2.8000000000000021E-002    1627.864583327526     
   2.8000000000000021E-002    1640.531249994008     
   2.8000000000000021E-002    1653.197916660491     
   2.8000000000000021E-002    1665.859374993640     
   2.8000000000000021E-002    1678.526041660122     
   2.8000000000000021E-002    1691.192708326605     
   2.8000000000000021E-002    1703.859374993087     
   2.8000000000000021E-002    1716.520833326236     
   2.8000000000000021E-002    1729.187499992718     
   2.8000000000000021E-002    1741.854166659201     
   2.8000000000000021E-002    1754.515624992350     
   2.8000000000000021E-002    1767.182291658832     
   2.8000000000000021E-002    1779.843749991981     
   2.8000000000000021E-002    1792.510416658464     
   2.8000000000000021E-002    1805.171874991613     
   2.8000000000000021E-002    1817.838541658095     
   2.8000000000000021E-002    1830.499999991244     
   2.8000000000000021E-002    1843.166666657726     
   2.8000000000000021E-002    1855.828124990875     
   2.8000000000000021E-002    1868.489583324025     
   2.8000000000000021E-002    1881.156249990507     
   2.8000000000000021E-002    1893.817708323656     
   2.8000000000000021E-002    1906.479166656805     
   2.8000000000000021E-002    1919.140624989954     
   2.8000000000000021E-002    1931.807291656437     
   2.8000000000000021E-002    1944.468749989586     
   2.8000000000000021E-002    1957.130208322735     
   2.8000000000000021E-002    1969.791666655884     
   2.8000000000000021E-002    1982.453124989033     
   2.8000000000000021E-002    1995.114583322182     
   2.8000000000000021E-002    2007.776041655331     
   2.8000000000000021E-002    2020.437499988480     
   2.8000000000000021E-002    2033.098958321629     
   2.8000000000000021E-002    2045.760416654778     
   2.8000000000000021E-002    2058.427083321716     
   2.8000000000000021E-002    2071.088541655417     
   2.8000000000000021E-002    2083.744791655786     
   2.8000000000000021E-002    2096.406249989488     
   2.8000000000000021E-002    2109.067708323189     
   2.8000000000000021E-002    2121.729166656891     
   2.8000000000000021E-002    2134.390624990593     
   2.8000000000000021E-002    2147.052083324295     
   2.8000000000000021E-002    2159.713541657997     
   2.8000000000000021E-002    2172.374999991699     
   2.8000000000000021E-002    2185.036458325400     
   2.8000000000000021E-002    2197.697916659102     
   2.8000000000000021E-002    2210.359374992804     
   2.8000000000000021E-002    2223.015624993172     
   2.8000000000000021E-002    2235.677083326874     
   2.8000000000000021E-002    2248.338541660576     
   2.8000000000000021E-002    2260.999999994278     
   2.8000000000000021E-002    2273.661458327980     
   2.8000000000000021E-002    2286.317708328348     
   2.8000000000000021E-002    2298.979166662050     
   2.8000000000000021E-002    2311.640624995752     
   2.8000000000000021E-002    2324.302083329454     
   2.8000000000000021E-002    2336.958333329822     
   2.8000000000000021E-002    2349.619791663524     
   2.8000000000000021E-002    2362.281249997226     
   2.8000000000000021E-002    2374.942708330927     
   2.8000000000000021E-002    2387.598958331296     
   2.8500000000000022E-002    665.5625000003722     
   2.8500000000000022E-002    677.5312500004593     
   2.8500000000000022E-002    689.5052083338798     
   2.8500000000000022E-002    701.4895833339669     
   2.8500000000000022E-002    713.4791666673875     
   2.8500000000000022E-002    725.4687500008081     
   2.8500000000000022E-002    737.4583333342287     
   2.8500000000000022E-002    749.4583333343160     
   2.8500000000000022E-002    761.4531250010699     
   2.8500000000000022E-002    773.4531250011572     
   2.8500000000000022E-002    785.4479166679112     
   2.8500000000000022E-002    797.4479166679985     
   2.8500000000000022E-002    809.4479166680858     
   2.8500000000000022E-002    821.4479166681731     
   2.8500000000000022E-002    833.4479166682604     
   2.8500000000000022E-002    845.4531250016811     
   2.8500000000000022E-002    857.4531250017684     
   2.8500000000000022E-002    869.4531250018557     
   2.8500000000000022E-002    881.4531250019430     
   2.8500000000000022E-002    893.4531250020303     
   2.8500000000000022E-002    905.4531250021176     
   2.8500000000000022E-002    917.4531250022050     
   2.8500000000000022E-002    929.4531250022923     
   2.8500000000000022E-002    941.4531250023796     
   2.8500000000000022E-002    953.4531250024669     
   2.8500000000000022E-002    965.4531250025542     
   2.8500000000000022E-002    977.4479166693081     
   2.8500000000000022E-002    989.4479166693955     
   2.8500000000000022E-002    1001.447916669483     
   2.8500000000000022E-002    1013.442708336237     
   2.8500000000000022E-002    1025.442708336293     
   2.8500000000000022E-002    1037.437500002785     
   2.8500000000000022E-002    1049.437500002610     
   2.8500000000000022E-002    1061.432291669102     
   2.8500000000000022E-002    1073.427083335594     
   2.8500000000000022E-002    1085.421875002086     
   2.8500000000000022E-002    1097.421875001912     
   2.8500000000000022E-002    1109.416666668404     
   2.8500000000000022E-002    1121.411458334896     
   2.8500000000000022E-002    1133.406250001388     
   2.8500000000000022E-002    1145.401041667880     
   2.8500000000000022E-002    1157.395833334372     
   2.8500000000000022E-002    1169.385416667531     
   2.8500000000000022E-002    1181.380208334023     
   2.8500000000000022E-002    1193.375000000515     
   2.8500000000000022E-002    1205.369791667008     
   2.8500000000000022E-002    1217.359375000166     
   2.8500000000000022E-002    1229.354166666659     
   2.8500000000000022E-002    1241.343749999817     
   2.8500000000000022E-002    1253.338541666310     
   2.8500000000000022E-002    1265.328124999468     
   2.8500000000000022E-002    1277.322916665961     
   2.8500000000000022E-002    1289.312499999119     
   2.8500000000000022E-002    1301.307291665612     
   2.8500000000000022E-002    1313.296874998770     
   2.8500000000000022E-002    1325.286458331929     
   2.8500000000000022E-002    1337.276041665088     
   2.8500000000000022E-002    1349.270833331580     
   2.8500000000000022E-002    1361.260416664739     
   2.8500000000000022E-002    1373.249999997898     
   2.8500000000000022E-002    1385.239583331057     
   2.8500000000000022E-002    1397.229166664216     
   2.8500000000000022E-002    1409.218749997375     
   2.8500000000000022E-002    1421.208333330533     
   2.8500000000000022E-002    1433.197916663692     
   2.8500000000000022E-002    1445.187499996851     
   2.8500000000000022E-002    1457.177083330010     
   2.8500000000000022E-002    1469.161458329836     
   2.8500000000000022E-002    1481.151041662994     
   2.8500000000000022E-002    1493.140624996153     
   2.8500000000000022E-002    1505.130208329312     
   2.8500000000000022E-002    1517.119791662471     
   2.8500000000000022E-002    1529.104166662297     
   2.8500000000000022E-002    1541.093749995455     
   2.8500000000000022E-002    1553.083333328614     
   2.8500000000000022E-002    1565.067708328440     
   2.8500000000000022E-002    1577.057291661599     
   2.8500000000000022E-002    1589.046874994758     
   2.8500000000000022E-002    1601.031249994583     
   2.8500000000000022E-002    1613.020833327742     
   2.8500000000000022E-002    1625.005208327568     
   2.8500000000000022E-002    1636.994791660727     
   2.8500000000000022E-002    1648.979166660552     
   2.8500000000000022E-002    1660.968749993711     
   2.8500000000000022E-002    1672.953124993537     
   2.8500000000000022E-002    1684.942708326696     
   2.8500000000000022E-002    1696.927083326521     
   2.8500000000000022E-002    1708.916666659680     
   2.8500000000000022E-002    1720.901041659506     
   2.8500000000000022E-002    1732.890624992664     
   2.8500000000000022E-002    1744.874999992490     
   2.8500000000000022E-002    1756.859374992316     
   2.8500000000000022E-002    1768.848958325475     
   2.8500000000000022E-002    1780.833333325300     
   2.8500000000000022E-002    1792.817708325126     
   2.8500000000000022E-002    1804.807291658285     
   2.8500000000000022E-002    1816.791666658110     
   2.8500000000000022E-002    1828.776041657936     
   2.8500000000000022E-002    1840.760416657761     
   2.8500000000000022E-002    1852.749999990920     
   2.8500000000000022E-002    1864.734374990746     
   2.8500000000000022E-002    1876.718749990571     
   2.8500000000000022E-002    1888.703124990397     
   2.8500000000000022E-002    1900.692708323556     
   2.8500000000000022E-002    1912.677083323382     
   2.8500000000000022E-002    1924.661458323207     
   2.8500000000000022E-002    1936.645833323033     
   2.8500000000000022E-002    1948.635416656192     
   2.8500000000000022E-002    1960.619791656017     
   2.8500000000000022E-002    1972.604166655843     
   2.8500000000000022E-002    1984.588541655668     
   2.8500000000000022E-002    1996.572916655494     
   2.8500000000000022E-002    2008.557291655320     
   2.8500000000000022E-002    2020.541666655145     
   2.8500000000000022E-002    2032.531249988304     
   2.8500000000000022E-002    2044.515624988130     
   2.8500000000000022E-002    2056.499999988326     
   2.8500000000000022E-002    2068.484374988675     
   2.8500000000000022E-002    2080.468749989024     
   2.8500000000000022E-002    2092.453124989373     
   2.8500000000000022E-002    2104.437499989721     
   2.8500000000000022E-002    2116.421874990070     
   2.8500000000000022E-002    2128.406249990419     
   2.8500000000000022E-002    2140.390624990768     
   2.8500000000000022E-002    2152.380208324450     
   2.8500000000000022E-002    2164.364583324799     
   2.8500000000000022E-002    2176.348958325148     
   2.8500000000000022E-002    2188.333333325496     
   2.8500000000000022E-002    2200.317708325845     
   2.8500000000000022E-002    2212.302083326194     
   2.8500000000000022E-002    2224.286458326543     
   2.8500000000000022E-002    2236.270833326892     
   2.8500000000000022E-002    2248.255208327240     
   2.8500000000000022E-002    2260.239583327589     
   2.8500000000000022E-002    2272.223958327938     
   2.8500000000000022E-002    2284.208333328287     
   2.8500000000000022E-002    2296.192708328635     
   2.8500000000000022E-002    2308.177083328984     
   2.9000000000000022E-002    905.0885416687817     
   2.9000000000000022E-002    916.4322916688642     
   2.9000000000000022E-002    927.7864583356135     
   2.9000000000000022E-002    939.1458333356961     
   2.9000000000000022E-002    950.5104166691121     
   2.9000000000000022E-002    961.8750000025282     
   2.9000000000000022E-002    973.2500000026109     
   2.9000000000000022E-002    984.6250000026937     
   2.9000000000000022E-002    996.0000000027765     
   2.9000000000000022E-002    1007.380208336193     
   2.9000000000000022E-002    1018.760416669609     
   2.9000000000000022E-002    1030.145833336224     
   2.9000000000000022E-002    1041.526041669392     
   2.9000000000000022E-002    1052.911458335893     
   2.9000000000000022E-002    1064.296875002394     
   2.9000000000000022E-002    1075.687500002228     
   2.9000000000000022E-002    1087.072916668729     
   2.9000000000000022E-002    1098.463541668563     
   2.9000000000000022E-002    1109.848958335064     
   2.9000000000000022E-002    1121.239583334898     
   2.9000000000000022E-002    1132.630208334733     
   2.9000000000000022E-002    1144.020833334567     
   2.9000000000000022E-002    1155.411458334401     
   2.9000000000000022E-002    1166.802083334235     
   2.9000000000000022E-002    1178.192708334070     
   2.9000000000000022E-002    1189.583333333904     
   2.9000000000000022E-002    1200.979166667071     
   2.9000000000000022E-002    1212.369791666906     
   2.9000000000000022E-002    1223.760416666740     
   2.9000000000000022E-002    1235.156249999907     
   2.9000000000000022E-002    1246.546874999742     
   2.9000000000000022E-002    1257.942708332909     
   2.9000000000000022E-002    1269.333333332743     
   2.9000000000000022E-002    1280.729166665911     
   2.9000000000000022E-002    1292.119791665745     
   2.9000000000000022E-002    1303.515624998913     
   2.9000000000000022E-002    1314.906249998747     
   2.9000000000000022E-002    1326.302083331914     
   2.9000000000000022E-002    1337.697916665082     
   2.9000000000000022E-002    1349.088541664916     
   2.9000000000000022E-002    1360.484374998084     
   2.9000000000000022E-002    1371.880208331251     
   2.9000000000000022E-002    1383.276041664419     
   2.9000000000000022E-002    1394.666666664253     
   2.9000000000000022E-002    1406.062499997420     
   2.9000000000000022E-002    1417.458333330588     
   2.9000000000000022E-002    1428.854166663755     
   2.9000000000000022E-002    1440.249999996923     
   2.9000000000000022E-002    1451.640624996757     
   2.9000000000000022E-002    1463.036458329925     
   2.9000000000000022E-002    1474.432291663092     
   2.9000000000000022E-002    1485.828124996260     
   2.9000000000000022E-002    1497.223958329427     
   2.9000000000000022E-002    1508.619791662595     
   2.9000000000000022E-002    1520.015624995762     
   2.9000000000000022E-002    1531.411458328930     
   2.9000000000000022E-002    1542.802083328764     
   2.9000000000000022E-002    1554.197916661931     
   2.9000000000000022E-002    1565.593749995099     
   2.9000000000000022E-002    1576.989583328266     
   2.9000000000000022E-002    1588.385416661434     
   2.9000000000000022E-002    1599.781249994601     
   2.9000000000000022E-002    1611.177083327769     
   2.9000000000000022E-002    1622.572916660936     
   2.9000000000000022E-002    1633.968749994104     
   2.9000000000000022E-002    1645.364583327271     
   2.9000000000000022E-002    1656.760416660439     
   2.9000000000000022E-002    1668.156249993606     
   2.9000000000000022E-002    1679.552083326774     
   2.9000000000000022E-002    1690.947916659941     
   2.9000000000000022E-002    1702.343749993109     
   2.9000000000000022E-002    1713.739583326276     
   2.9000000000000022E-002    1725.135416659444     
   2.9000000000000022E-002    1736.531249992611     
   2.9000000000000022E-002    1747.927083325779     
   2.9000000000000022E-002    1759.322916658946     
   2.9000000000000022E-002    1770.718749992114     
   2.9000000000000022E-002    1782.114583325282     
   2.9000000000000022E-002    1793.510416658449     
   2.9000000000000022E-002    1804.906249991617     
   2.9000000000000022E-002    1816.302083324784     
   2.9000000000000022E-002    1827.697916657952     
   2.9000000000000022E-002    1839.093749991119     
   2.9000000000000022E-002    1850.489583324287     
   2.9000000000000022E-002    1861.885416657454     
   2.9000000000000022E-002    1873.281249990622     
   2.9000000000000022E-002    1884.677083323789     
   2.9000000000000022E-002    1896.072916656957     
   2.9000000000000022E-002    1907.468749990124     
   2.9000000000000022E-002    1918.864583323292     
   2.9000000000000022E-002    1930.260416656459     
   2.9000000000000022E-002    1941.656249989627     
   2.9000000000000022E-002    1953.052083322794     
   2.9000000000000022E-002    1964.447916655962     
   2.9000000000000022E-002    1975.843749989129     
   2.9000000000000022E-002    1987.239583322297     
   2.9000000000000022E-002    1998.635416655464     
   2.9000000000000022E-002    2010.031249988632     
   2.9000000000000022E-002    2021.427083321799     
   2.9000000000000022E-002    2032.822916654967     
   2.9000000000000022E-002    2044.218749988134     
   2.9000000000000022E-002    2055.614583321634     
   2.9000000000000022E-002    2067.010416655299     
   2.9000000000000022E-002    2078.406249988964     
   2.9000000000000022E-002    2089.807291655962     
   2.9000000000000022E-002    2101.203124989627     
   2.9000000000000022E-002    2112.598958323292     
   2.9000000000000022E-002    2123.994791656957     
   2.9000000000000022E-002    2135.390624990622     
   2.9000000000000022E-002    2146.786458324287     
   2.9000000000000022E-002    2158.182291657952     
   2.9000000000000022E-002    2169.578124991617     
   2.9000000000000022E-002    2180.973958325282     
   2.9000000000000022E-002    2192.369791658947     
   2.9000000000000022E-002    2203.765624992612     
   2.9000000000000022E-002    2215.161458326277     
   2.9000000000000022E-002    2226.557291659942     
   2.9000000000000022E-002    2237.953124993607     
   2.9500000000000023E-002    1142.880208334584     
   2.9500000000000023E-002    1153.687500001093     
   2.9500000000000023E-002    1164.500000000936     
   2.9500000000000023E-002    1175.322916667445     
   2.9500000000000023E-002    1186.151041667287     
   2.9500000000000023E-002    1196.984375000463     
   2.9500000000000023E-002    1207.822916666972     
   2.9500000000000023E-002    1218.661458333481     
   2.9500000000000023E-002    1229.505208333323     
   2.9500000000000023E-002    1240.354166666498     
   2.9500000000000023E-002    1251.197916666341     
   2.9500000000000023E-002    1262.052083332849     
   2.9500000000000023E-002    1272.901041666025     
   2.9500000000000023E-002    1283.755208332534     
   2.9500000000000023E-002    1294.609374999042     
   2.9500000000000023E-002    1305.463541665551     
   2.9500000000000023E-002    1316.317708332060     
   2.9500000000000023E-002    1327.177083331902     
   2.9500000000000023E-002    1338.036458331744     
   2.9500000000000023E-002    1348.895833331586     
   2.9500000000000023E-002    1359.755208331428     
   2.9500000000000023E-002    1370.614583331270     
   2.9500000000000023E-002    1381.479166664445     
   2.9500000000000023E-002    1392.338541664287     
   2.9500000000000023E-002    1403.203124997462     
   2.9500000000000023E-002    1414.062499997304     
   2.9500000000000023E-002    1424.927083330479     
   2.9500000000000023E-002    1435.791666663654     
   2.9500000000000023E-002    1446.656249996830     
   2.9500000000000023E-002    1457.520833330005     
   2.9500000000000023E-002    1468.385416663180     
   2.9500000000000023E-002    1479.249999996355     
   2.9500000000000023E-002    1490.119791662864     
   2.9500000000000023E-002    1500.984374996039     
   2.9500000000000023E-002    1511.854166662548     
   2.9500000000000023E-002    1522.718749995723     
   2.9500000000000023E-002    1533.588541662231     
   2.9500000000000023E-002    1544.453124995407     
   2.9500000000000023E-002    1555.322916661915     
   2.9500000000000023E-002    1566.192708328424     
   2.9500000000000023E-002    1577.057291661599     
   2.9500000000000023E-002    1587.927083328107     
   2.9500000000000023E-002    1598.796874994616     
   2.9500000000000023E-002    1609.666666661124     
   2.9500000000000023E-002    1620.536458327633     
   2.9500000000000023E-002    1631.406249994141     
   2.9500000000000023E-002    1642.276041660650     
   2.9500000000000023E-002    1653.145833327158     
   2.9500000000000023E-002    1664.015624993667     
   2.9500000000000023E-002    1674.885416660175     
   2.9500000000000023E-002    1685.755208326684     
   2.9500000000000023E-002    1696.624999993192     
   2.9500000000000023E-002    1707.499999993034     
   2.9500000000000023E-002    1718.369791659542     
   2.9500000000000023E-002    1729.239583326051     
   2.9500000000000023E-002    1740.109374992559     
   2.9500000000000023E-002    1750.984374992401     
   2.9500000000000023E-002    1761.854166658910     
   2.9500000000000023E-002    1772.729166658751     
   2.9500000000000023E-002    1783.598958325260     
   2.9500000000000023E-002    1794.468749991768     
   2.9500000000000023E-002    1805.343749991610     
   2.9500000000000023E-002    1816.213541658119     
   2.9500000000000023E-002    1827.088541657960     
   2.9500000000000023E-002    1837.958333324469     
   2.9500000000000023E-002    1848.833333324311     
   2.9500000000000023E-002    1859.703124990819     
   2.9500000000000023E-002    1870.578124990661     
   2.9500000000000023E-002    1881.453124990503     
   2.9500000000000023E-002    1892.322916657011     
   2.9500000000000023E-002    1903.197916656853     
   2.9500000000000023E-002    1914.072916656695     
   2.9500000000000023E-002    1924.942708323203     
   2.9500000000000023E-002    1935.817708323045     
   2.9500000000000023E-002    1946.692708322887     
   2.9500000000000023E-002    1957.562499989395     
   2.9500000000000023E-002    1968.437499989237     
   2.9500000000000023E-002    1979.312499989079     
   2.9500000000000023E-002    1990.187499988920     
   2.9500000000000023E-002    2001.057291655429     
   2.9500000000000023E-002    2011.932291655271     
   2.9500000000000023E-002    2022.807291655112     
   2.9500000000000023E-002    2033.682291654954     
   2.9500000000000023E-002    2044.557291654796     
   2.9500000000000023E-002    2055.427083321628     
   2.9500000000000023E-002    2066.302083321945     
   2.9500000000000023E-002    2077.177083322261     
   2.9500000000000023E-002    2088.052083322578     
   2.9500000000000023E-002    2098.927083322894     
   2.9500000000000023E-002    2109.802083323211     
   2.9500000000000023E-002    2120.677083323527     
   2.9500000000000023E-002    2131.552083323844     
   2.9500000000000023E-002    2142.427083324160     
   2.9500000000000023E-002    2153.296874991143     
   2.9500000000000023E-002    2164.171874991460     
   2.9500000000000023E-002    2175.046874991776     
   2.9500000000000023E-002    2185.921874992093     
   2.9500000000000023E-002    2196.796874992409     
   2.9500000000000023E-002    2207.671874992726     
   2.9500000000000023E-002    2218.546874993042     
   2.9500000000000023E-002    2229.421874993359     
   3.0000000000000023E-002    1418.708333330570     
   3.0000000000000023E-002    1429.052083330419     
   3.0000000000000023E-002    1439.401041663602     
   3.0000000000000023E-002    1449.755208330118     
   3.0000000000000023E-002    1460.114583329967     
   3.0000000000000023E-002    1470.479166663150     
   3.0000000000000023E-002    1480.848958329665     
   3.0000000000000023E-002    1491.218749996181     
   3.0000000000000023E-002    1501.593749996030     
   3.0000000000000023E-002    1511.968749995879     
   3.0000000000000023E-002    1522.343749995728     
   3.0000000000000023E-002    1532.723958328911     
   3.0000000000000023E-002    1543.104166662093     
   3.0000000000000023E-002    1553.484374995275     
   3.0000000000000023E-002    1563.869791661791     
   3.0000000000000023E-002    1574.255208328306     
   3.0000000000000023E-002    1584.640624994822     
   3.0000000000000023E-002    1595.026041661337     
   3.0000000000000023E-002    1605.411458327853     
   3.0000000000000023E-002    1615.802083327702     
   3.0000000000000023E-002    1626.192708327550     
   3.0000000000000023E-002    1636.578124994066     
   3.0000000000000023E-002    1646.968749993915     
   3.0000000000000023E-002    1657.359374993764     
   3.0000000000000023E-002    1667.755208326946     
   3.0000000000000023E-002    1678.145833326794     
   3.0000000000000023E-002    1688.541666659976     
   3.0000000000000023E-002    1698.932291659825     
   3.0000000000000023E-002    1709.328124993007     
   3.0000000000000023E-002    1719.723958326189     
   3.0000000000000023E-002    1730.114583326038     
   3.0000000000000023E-002    1740.510416659220     
   3.0000000000000023E-002    1750.906249992402     
   3.0000000000000023E-002    1761.302083325584     
   3.0000000000000023E-002    1771.703124992100     
   3.0000000000000023E-002    1782.098958325282     
   3.0000000000000023E-002    1792.494791658464     
   3.0000000000000023E-002    1802.895833324979     
   3.0000000000000023E-002    1813.291666658161     
   3.0000000000000023E-002    1823.687499991343     
   3.0000000000000023E-002    1834.088541657859     
   3.0000000000000023E-002    1844.489583324374     
   3.0000000000000023E-002    1854.885416657556     
   3.0000000000000023E-002    1865.286458324071     
   3.0000000000000023E-002    1875.687499990587     
   3.0000000000000023E-002    1886.088541657102     
   3.0000000000000023E-002    1896.484374990284     
   3.0000000000000023E-002    1906.885416656799     
   3.0000000000000023E-002    1917.286458323314     
   3.0000000000000023E-002    1927.687499989830     
   3.0000000000000023E-002    1938.088541656345     
   3.0000000000000023E-002    1948.489583322860     
   3.0000000000000023E-002    1958.890624989376     
   3.0000000000000023E-002    1969.296874989224     
   3.0000000000000023E-002    1979.697916655740     
   3.0000000000000023E-002    1990.098958322255     
   3.0000000000000023E-002    2000.499999988770     
   3.0000000000000023E-002    2010.906249988619     
   3.0000000000000023E-002    2021.307291655134     
   3.0000000000000023E-002    2031.708333321649     
   3.0000000000000023E-002    2042.114583321498     
   3.0000000000000023E-002    2052.515624988210     
   3.0000000000000023E-002    2062.921874988513     
   3.0000000000000023E-002    2073.322916655482     
   3.0000000000000023E-002    2083.723958322452     
   3.0000000000000023E-002    2094.130208322755     
   3.0000000000000023E-002    2104.536458323058     
   3.0000000000000023E-002    2114.937499990027     
   3.0000000000000023E-002    2125.343749990330     
   3.0000000000000023E-002    2135.744791657299     
   3.0000000000000023E-002    2146.151041657602     
   3.0000000000000023E-002    2156.557291657905     
   3.0000000000000023E-002    2166.958333324874     
   3.0000000000000023E-002    2177.364583325177     
   3.0000000000000023E-002    2187.770833325480     
   3.0000000000000023E-002    2198.177083325783     
   3.0000000000000023E-002    2208.578124992752     
   3.0000000000000023E-002    2218.984374993055     
   3.0000000000000023E-002    2229.390624993358     
   3.0000000000000023E-002    2239.796874993661     
   3.0000000000000023E-002    2250.203124993964     
   3.0000000000000023E-002    2260.609374994267     
   3.0500000000000024E-002    1734.921874992635     
   3.0500000000000024E-002    1744.833333325824     
   3.0500000000000024E-002    1754.755208325680     
   3.0500000000000024E-002    1764.677083325535     
   3.0500000000000024E-002    1774.609374992057     
   3.0500000000000024E-002    1784.546874991913     
   3.0500000000000024E-002    1794.484374991768     
   3.0500000000000024E-002    1804.427083324957     
   3.0500000000000024E-002    1814.374999991479     
   3.0500000000000024E-002    1824.322916658001     
   3.0500000000000024E-002    1834.270833324523     
   3.0500000000000024E-002    1844.218749991044     
   3.0500000000000024E-002    1854.171874990900     
   3.0500000000000024E-002    1864.124999990755     
   3.0500000000000024E-002    1874.083333323943     
   3.0500000000000024E-002    1884.036458323798     
   3.0500000000000024E-002    1893.994791656987     
   3.0500000000000024E-002    1903.953124990175     
   3.0500000000000024E-002    1913.916666656697     
   3.0500000000000024E-002    1923.874999989885     
   3.0500000000000024E-002    1933.838541656407     
   3.0500000000000024E-002    1943.796874989595     
   3.0500000000000024E-002    1953.760416656117     
   3.0500000000000024E-002    1963.723958322639     
   3.0500000000000024E-002    1973.687499989160     
   3.0500000000000024E-002    1983.651041655682     
   3.0500000000000024E-002    1993.619791655537     
   3.0500000000000024E-002    2003.583333322059     
   3.0500000000000024E-002    2013.552083321914     
   3.0500000000000024E-002    2023.515624988435     
   3.0500000000000024E-002    2033.484374988290     
   3.0500000000000024E-002    2043.453124988145     
   3.0500000000000024E-002    2053.421874988237     
   3.0500000000000024E-002    2063.390624988527     
   3.0500000000000024E-002    2073.359374988817     
   3.0500000000000024E-002    2083.328124989107     
   3.0500000000000024E-002    2093.296874989397     
   3.0500000000000024E-002    2103.265624989687     
   3.0500000000000024E-002    2113.239583323311     
   3.0500000000000024E-002    2123.208333323601     
   3.0500000000000024E-002    2133.182291657225     
   3.0500000000000024E-002    2143.151041657515     
   3.0500000000000024E-002    2153.124999991138     
   3.0500000000000024E-002    2163.093749991428     
   3.0500000000000024E-002    2173.067708325052     
   3.0500000000000024E-002    2183.041666658676     
   3.0500000000000024E-002    2193.015624992299     
   3.0500000000000024E-002    2202.984374992589     
   3.0500000000000024E-002    2212.958333326213     
   3.0500000000000024E-002    2222.932291659837     
   3.0500000000000024E-002    2232.906249993460     
   3.0500000000000024E-002    2242.880208327084     
   3.0500000000000024E-002    2252.854166660708     
   3.0500000000000024E-002    2262.828124994331     
   3.0500000000000024E-002    2272.807291661288     
   3.0500000000000024E-002    2282.781249994912     
   3.0500000000000024E-002    2292.755208328535     
   3.0500000000000024E-002    2302.729166662159     
   3.0500000000000024E-002    2312.708333329116     
   3.1000000000000024E-002    2155.916666657886     
   3.1000000000000024E-002    2165.432291658163     
   3.1000000000000024E-002    2174.958333325107     
   3.1000000000000024E-002    2184.494791658718     
   3.1000000000000024E-002    2194.031249992329     
   3.1000000000000024E-002    2203.572916659273     
   3.1000000000000024E-002    2213.119791659551     
   3.1000000000000024E-002    2222.671874993162     
   3.1000000000000024E-002    2232.218749993440     
   3.1000000000000024E-002    2241.776041660385     
   3.1000000000000024E-002    2251.328124993996     
   3.1000000000000024E-002    2260.885416660941     
   3.1000000000000024E-002    2270.447916661220     
   3.1000000000000024E-002    2280.005208328164     
   3.1000000000000024E-002    2289.567708328443     
   3.1000000000000024E-002    2299.130208328721     
   3.1000000000000024E-002    2308.692708328999     
   3.1000000000000024E-002    2318.255208329278     
   3.1000000000000024E-002    2327.822916662889     
   3.1000000000000024E-002    2337.385416663168     
   3.1000000000000024E-002    2346.953124996779     
   3.1000000000000024E-002    2356.520833330391     
   3.1000000000000024E-002    2366.088541664003     
   3.1000000000000024E-002    2375.656249997615     
   3.1000000000000024E-002    2385.223958331227     
   3.1000000000000024E-002    2394.796874998172     
   3.1000000000000024E-002    2404.364583331784     
   3.1000000000000024E-002    2413.937499998729     
   3.1000000000000024E-002    2423.510416665674     
   3.1000000000000024E-002    2433.078124999286     
   3.1000000000000024E-002    2442.651041666231     
   3.1500000000000021E-002    2782.656250009460     
   3.1500000000000021E-002    2791.807291676393     
   3.1500000000000021E-002    2800.963541676660     
   3.1500000000000021E-002    2810.130208343593     
   3.1500000000000021E-002    2819.302083343860     
   3.1500000000000021E-002    2828.473958344127     
   3.1500000000000021E-002    2837.651041677727     
   3.1500000000000021E-002    2846.833333344661     
   3.1500000000000021E-002    2856.010416678262     
