   4.7000000000000035E-002    933.7733333325491     
   4.7000000000000035E-002    953.1799999991981     
   4.7000000000000035E-002    971.8466666658478     
   4.7000000000000035E-002    989.9066666658314     
   4.7000000000000035E-002    1007.426666665815     
   4.7000000000000035E-002    1024.446666665800     
   4.7000000000000035E-002    1041.046666665785     
   4.7000000000000035E-002    1057.259999999103     
   4.7000000000000035E-002    1073.119999999089     
   4.7000000000000035E-002    1088.653333332408     
   4.7000000000000035E-002    1103.886666665728     
   4.7000000000000035E-002    1118.839999999047     
   4.7000000000000035E-002    1133.519999999034     
   4.7000000000000035E-002    1147.959999999021     
   4.7000000000000035E-002    1162.179999999008     
   4.7000000000000035E-002    1176.193333332329     
   4.7000000000000035E-002    1190.013333332316     
   4.7000000000000035E-002    1203.653333332304     
   4.7000000000000035E-002    1217.119999998958     
   4.7000000000000035E-002    1230.433333332279     
   4.7000000000000035E-002    1243.593333332267     
   4.7000000000000035E-002    1256.619999998922     
   4.7000000000000035E-002    1269.506666665577     
   4.7000000000000035E-002    1282.273333332232     
   4.7000000000000035E-002    1294.926666665554     
   4.7000000000000035E-002    1307.459999998876     
   4.7000000000000035E-002    1319.899999998865     
   4.7000000000000035E-002    1332.233333332187     
   4.7000000000000035E-002    1344.473333332176     
   4.7000000000000035E-002    1356.619999998831     
   4.7000000000000035E-002    1368.686666665487     
   4.7000000000000035E-002    1380.673333332143     
   4.7000000000000035E-002    1392.579999998798     
   4.7000000000000035E-002    1404.413333332121     
   4.7000000000000035E-002    1416.173333332110     
   4.7000000000000035E-002    1427.866666665433     
   4.7000000000000035E-002    1439.499999998756     
   4.7000000000000035E-002    1451.066666665412     
   4.7000000000000035E-002    1462.579999998735     
   4.7000000000000035E-002    1474.033333332058     
   4.7000000000000035E-002    1485.433333332047     
   4.7000000000000035E-002    1496.773333332037     
   4.7000000000000035E-002    1508.073333332027     
   4.7000000000000035E-002    1519.319999998683     
   4.7000000000000035E-002    1530.519999998673     
   4.7000000000000035E-002    1541.673333331996     
   4.7000000000000035E-002    1552.786666665319     
   4.7000000000000035E-002    1563.853333331976     
   4.7000000000000035E-002    1574.879999998633     
   4.7000000000000035E-002    1585.873333331956     
   4.7000000000000035E-002    1596.826666665279     
   4.7000000000000035E-002    1607.739999998603     
   4.7000000000000035E-002    1618.619999998593     
   4.7000000000000035E-002    1629.459999998583     
   4.7000000000000035E-002    1640.273333331907     
   4.7000000000000035E-002    1651.053333331897     
   4.7000000000000035E-002    1661.799999998554     
   4.7000000000000035E-002    1672.519999998544     
   4.7000000000000035E-002    1683.213333331867     
   4.7000000000000035E-002    1693.873333331858     
   4.7000000000000035E-002    1704.513333331848     
   4.7000000000000035E-002    1715.119999998505     
   4.7000000000000035E-002    1725.706666665162     
   4.7000000000000035E-002    1736.266666665153     
   4.7000000000000035E-002    1746.806666665143     
   4.7000000000000035E-002    1757.326666665133     
   4.7000000000000035E-002    1767.819999998457     
   4.7000000000000035E-002    1778.293333331781     
   4.7000000000000035E-002    1788.753333331772     
   4.7000000000000035E-002    1799.186666665095     
   4.7000000000000035E-002    1809.606666665086     
   4.7000000000000035E-002    1820.006666665076     
   4.7000000000000035E-002    1830.393333331734     
   4.7000000000000035E-002    1840.759999998391     
   4.7000000000000035E-002    1851.113333331715     
   4.7000000000000035E-002    1861.453333331705     
   4.7000000000000035E-002    1871.773333331696     
   4.7000000000000035E-002    1882.086666665020     
   4.7000000000000035E-002    1892.379999998344     
   4.7000000000000035E-002    1902.659999998335     
   4.7000000000000035E-002    1912.926666664992     
   4.7000000000000035E-002    1923.186666664983     
   4.7000000000000035E-002    1933.433333331640     
   4.7000000000000035E-002    1943.666666664964     
   4.7000000000000035E-002    1953.886666664955     
   4.7000000000000035E-002    1964.099999998279     
   4.7000000000000035E-002    1974.299999998269     
   4.7000000000000035E-002    1984.486666664927     
   4.7000000000000035E-002    1994.673333331584     
   4.7000000000000035E-002    2004.839999998242     
   4.7000000000000035E-002    2015.006666664899     
   4.7000000000000035E-002    2025.159999998223     
   4.7000000000000035E-002    2035.299999998214     
   4.7000000000000035E-002    2045.439999998205     
   4.7000000000000035E-002    2055.566666664862     
   4.7000000000000035E-002    2065.686666664853     
   4.7000000000000035E-002    2075.799999998177     
   4.7000000000000035E-002    2085.899999998168     
   4.7000000000000035E-002    2095.999999998159     
   4.7000000000000035E-002    2106.093333331483     
   4.7000000000000035E-002    2116.173333331474     
   4.7000000000000035E-002    2126.253333331465     
   4.7000000000000035E-002    2136.319999998122     
   4.7000000000000035E-002    2146.386666664780     
   4.7000000000000035E-002    2156.446666664770     
   4.7000000000000035E-002    2166.499999998095     
   4.7000000000000035E-002    2176.546666664752     
   4.7000000000000035E-002    2186.586666664743     
   4.7000000000000035E-002    2196.626666664734     
   4.7000000000000035E-002    2206.653333331391     
   4.7000000000000035E-002    2216.679999998049     
   4.7000000000000035E-002    2226.699999998040     
   4.7000000000000035E-002    2236.719999998031     
   4.7000000000000035E-002    2246.726666664688     
   4.7000000000000035E-002    2256.733333331346     
   4.7000000000000035E-002    2266.739999998003     
   4.7000000000000035E-002    2276.739999997994     
   4.7000000000000035E-002    2286.733333331319     
   4.7000000000000035E-002    2296.719999997976     
   4.7000000000000035E-002    2306.706666664634     
   4.7000000000000035E-002    2316.693333331291     
   4.7000000000000035E-002    2326.666666664616     
   4.7000000000000035E-002    2336.646666664607     
   4.7000000000000035E-002    2346.613333331264     
   4.7000000000000035E-002    2356.586666664588     
   4.7000000000000035E-002    2366.546666664579     
   4.7000000000000035E-002    2376.513333331237     
   4.7000000000000035E-002    2386.466666664561     
   4.7000000000000035E-002    2396.426666664552     
   4.7000000000000035E-002    2406.379999997876     
   4.7000000000000035E-002    2416.326666664534     
   4.7000000000000035E-002    2426.273333331192     
   4.7000000000000035E-002    2436.219999997849     
   4.7000000000000035E-002    2446.159999997840     
   4.7000000000000035E-002    2456.099999997831     
   4.7000000000000035E-002    2466.033333331156     
   4.7000000000000035E-002    2475.966666664480     
   4.7000000000000035E-002    2485.899999997804     
   4.7000000000000035E-002    2495.833333331128     
   4.7000000000000035E-002    2505.759999997786     
   4.7000000000000035E-002    2515.679999997777     
   4.7000000000000035E-002    2525.606666664435     
   4.7000000000000035E-002    2535.526666664426     
   4.7000000000000035E-002    2545.446666664417     
   4.7000000000000035E-002    2555.359999997741     
   4.7000000000000035E-002    2565.273333331065     
   4.7000000000000035E-002    2575.186666664390     
   4.7000000000000035E-002    2585.099999997714     
   4.7000000000000035E-002    2595.006666664372     
   4.7000000000000035E-002    2604.919999997696     
   4.7000000000000035E-002    2614.826666664354     
   4.7000000000000035E-002    2624.726666664345     
   4.7000000000000035E-002    2634.633333331002     
   4.7000000000000035E-002    2644.533333330993     
   4.7000000000000035E-002    2654.433333330984     
   4.7000000000000035E-002    2664.333333330975     
   4.7000000000000035E-002    2674.226666664300     
   4.7000000000000035E-002    2684.119999997624     
   4.7000000000000035E-002    2694.019999997615     
   4.7000000000000035E-002    2703.913333330939     
   4.7000000000000035E-002    2713.799999997597     
   4.7000000000000035E-002    2723.693333330921     
   4.7000000000000035E-002    2733.579999997579     
   4.7000000000000035E-002    2743.466666664237     
   4.7000000000000035E-002    2753.353333330894     
   4.7000000000000035E-002    2763.239999997552     
   4.7000000000000035E-002    2773.126666664210     
   4.7000000000000035E-002    2783.013333330867     
   4.7000000000000035E-002    2792.893333330858     
   4.7000000000000035E-002    2802.773333330849     
   4.7000000000000035E-002    2812.653333330840     
   4.7000000000000035E-002    2822.533333330831     
   4.7000000000000035E-002    2832.413333330822     
   4.7000000000000035E-002    2842.293333330813     
   4.7000000000000035E-002    2852.166666664138     
   4.7000000000000035E-002    2862.046666664129     
   4.7000000000000035E-002    2871.919999997453     
   4.7000000000000035E-002    2881.793333330777     
   4.7000000000000035E-002    2891.666666664102     
   4.7000000000000035E-002    2901.539999997426     
   4.7000000000000035E-002    2911.413333330750     
   4.7000000000000035E-002    2921.286666664075     
   4.7000000000000035E-002    2931.153333330732     
   4.7000000000000035E-002    2941.026666664057     
   4.7000000000000035E-002    2950.893333330715     
   4.7000000000000035E-002    2960.759999997372     
   4.7000000000000035E-002    2970.633333330697     
   4.7000000000000035E-002    2980.499999997354     
   4.7000000000000035E-002    2990.366666664012     
   4.7000000000000035E-002    3000.233333330670     
   4.7000000000000035E-002    3010.099999997327     
   4.7000000000000035E-002    3019.959999997318     
   4.7000000000000035E-002    3029.826666663976     
   4.7000000000000035E-002    3039.693333330634     
   4.7000000000000035E-002    3049.553333330625     
   4.7000000000000035E-002    3059.419999997283     
   4.7000000000000035E-002    3069.279999997274     
   4.7000000000000035E-002    3079.139999997265     
   4.7000000000000035E-002    3088.999999997256     
   4.7000000000000035E-002    3098.866666663913     
   4.7000000000000035E-002    3108.726666663904     
   4.7000000000000035E-002    3118.586666663895     
   4.7000000000000035E-002    3128.446666663886     
   4.7000000000000035E-002    3138.306666663877     
   4.7000000000000035E-002    3148.159999997202     
   4.7000000000000035E-002    3158.019999997193     
   4.7000000000000035E-002    3167.879999997184     
   4.7000000000000035E-002    3177.739999997175     
   4.7000000000000035E-002    3187.593333330499     
   4.7000000000000035E-002    3197.453333330490     
   4.7000000000000035E-002    3207.306666663815     
   4.7000000000000035E-002    3217.166666663806     
   4.7000000000000035E-002    3227.019999997130     
   4.7000000000000035E-002    3236.879999997121     
   4.7000000000000035E-002    3246.733333330445     
   4.7000000000000035E-002    3256.586666663770     
   4.7000000000000035E-002    3266.439999997094     
   4.7000000000000035E-002    3276.299999997085     
   4.7000000000000035E-002    3286.153333330410     
   4.7000000000000035E-002    3296.006666663734     
   4.7500000000000035E-002    133.7333333332767     
   4.7500000000000035E-002    143.2999999999346     
   4.7500000000000035E-002    152.8666666665926     
   4.7500000000000035E-002    162.4399999999172     
   4.7500000000000035E-002    172.0133333332419     
   4.7500000000000035E-002    181.5799999998998     
   4.7500000000000035E-002    191.1466666665578     
   4.7500000000000035E-002    200.7133333332158     
   4.7500000000000035E-002    210.2733333332071     
   4.7500000000000035E-002    219.8333333331984     
   4.7500000000000035E-002    229.3933333331897     
   4.7500000000000035E-002    238.9466666665143     
   4.7500000000000035E-002    248.4933333331723     
   4.7500000000000035E-002    258.0466666664969     
   4.7500000000000035E-002    267.5866666664883     
   4.7500000000000035E-002    277.1333333331463     
   4.7500000000000035E-002    286.6733333331376     
   4.7500000000000035E-002    296.2066666664622     
   4.7500000000000035E-002    305.7399999997869     
   4.7500000000000035E-002    315.2733333331116     
   4.7500000000000035E-002    324.7999999997696     
   4.7500000000000035E-002    334.3266666664276     
   4.7500000000000035E-002    343.8466666664189     
   4.7500000000000035E-002    353.3666666664103     
   4.7500000000000035E-002    362.8866666664016     
   4.7500000000000035E-002    372.3999999997263     
   4.7500000000000035E-002    381.9133333330510     
   4.7500000000000035E-002    391.4199999997090     
   4.7500000000000035E-002    400.9333333330337     
   4.7500000000000035E-002    410.4333333330250     
   4.7500000000000035E-002    419.9399999996830     
   4.7500000000000035E-002    429.4399999996744     
   4.7500000000000035E-002    438.9399999996658     
   4.7500000000000035E-002    448.4399999996571     
   4.7500000000000035E-002    457.9333333329818     
   4.7500000000000035E-002    467.4266666663065     
   4.7500000000000035E-002    476.9133333329646     
   4.7500000000000035E-002    486.4066666662893     
   4.7500000000000035E-002    495.8933333329473     
   4.7500000000000035E-002    505.3799999996053     
   4.7500000000000035E-002    514.8599999995968     
   4.7500000000000035E-002    524.3466666662548     
   4.7500000000000035E-002    533.8266666662462     
   4.7500000000000035E-002    543.3066666662376     
   4.7500000000000035E-002    552.7799999995623     
   4.7500000000000035E-002    562.2599999995537     
   4.7500000000000035E-002    571.7333333328784     
   4.7500000000000035E-002    581.2066666662031     
   4.7500000000000035E-002    590.6799999995278     
   4.7500000000000035E-002    600.1466666661859     
   4.7500000000000035E-002    609.6199999995106     
   4.7500000000000035E-002    619.0866666661686     
   4.7500000000000035E-002    628.5533333328267     
   4.7500000000000035E-002    638.0199999994848     
   4.7500000000000035E-002    647.4799999994761     
   4.7500000000000035E-002    656.9466666661342     
   4.7500000000000035E-002    666.4066666661256     
   4.7500000000000035E-002    675.8666666661170     
   4.7500000000000035E-002    685.3266666661084     
   4.7500000000000035E-002    694.7866666660998     
   4.7500000000000035E-002    704.2466666660912     
   4.7500000000000035E-002    713.6999999994159     
   4.7500000000000035E-002    723.1533333327407     
   4.7500000000000035E-002    732.6133333327321     
   4.7500000000000035E-002    742.0666666660568     
   4.7500000000000035E-002    751.5199999993815     
   4.7500000000000035E-002    760.9733333327063     
   4.7500000000000035E-002    770.4199999993643     
   4.7500000000000035E-002    779.8733333326891     
   4.7500000000000035E-002    789.3199999993471     
   4.7500000000000035E-002    798.7733333326719     
   4.7500000000000035E-002    808.2199999993300     
   4.7500000000000035E-002    817.6666666659880     
   4.7500000000000035E-002    827.1133333326461     
   4.7500000000000035E-002    836.5599999993042     
   4.7500000000000035E-002    845.9999999992956     
   4.7500000000000035E-002    855.4466666659537     
   4.7500000000000035E-002    864.8933333326117     
   4.7500000000000035E-002    874.3333333326032     
   4.7500000000000035E-002    883.7799999992612     
   4.7500000000000035E-002    893.2199999992527     
   4.7500000000000035E-002    902.6599999992441     
   4.7500000000000035E-002    912.0999999992355     
   4.7500000000000035E-002    921.5399999992269     
   4.7500000000000035E-002    930.9799999992183     
   4.7500000000000035E-002    940.4199999992097     
   4.7500000000000035E-002    949.8599999992011     
   4.7500000000000035E-002    959.2999999991926     
   4.7500000000000035E-002    968.7333333325173     
   4.7500000000000035E-002    978.1733333325087     
   4.7500000000000035E-002    987.6133333325001     
   4.7500000000000035E-002    997.0466666658249     
   4.7500000000000035E-002    1006.479999999150     
   4.7500000000000035E-002    1015.919999999141     
   4.7500000000000035E-002    1025.353333332466     
   4.7500000000000035E-002    1034.786666665791     
   4.7500000000000035E-002    1044.219999999115     
   4.7500000000000035E-002    1053.653333332440     
   4.7500000000000035E-002    1063.086666665765     
   4.7500000000000035E-002    1072.519999999090     
   4.7500000000000035E-002    1081.953333332414     
   4.7500000000000035E-002    1091.386666665739     
   4.7500000000000035E-002    1100.819999999064     
   4.7500000000000035E-002    1110.253333332389     
   4.7500000000000035E-002    1119.686666665713     
   4.7500000000000035E-002    1129.113333332371     
   4.7500000000000035E-002    1138.546666665696     
   4.7500000000000035E-002    1147.973333332354     
   4.7500000000000035E-002    1157.406666665679     
   4.7500000000000035E-002    1166.833333332337     
   4.7500000000000035E-002    1176.266666665662     
   4.7500000000000035E-002    1185.693333332320     
   4.7500000000000035E-002    1195.126666665645     
   4.7500000000000035E-002    1204.553333332303     
   4.7500000000000035E-002    1213.979999998961     
   4.7500000000000035E-002    1223.413333332286     
   4.7500000000000035E-002    1232.839999998944     
   4.7500000000000035E-002    1242.266666665602     
   4.7500000000000035E-002    1251.693333332260     
   4.7500000000000035E-002    1261.119999998918     
   4.7500000000000035E-002    1270.546666665576     
   4.7500000000000035E-002    1279.973333332234     
   4.7500000000000035E-002    1289.406666665559     
   4.7500000000000035E-002    1298.833333332217     
   4.7500000000000035E-002    1308.253333332209     
   4.7500000000000035E-002    1317.679999998867     
   4.7500000000000035E-002    1327.106666665525     
   4.7500000000000035E-002    1336.533333332183     
   4.7500000000000035E-002    1345.959999998841     
   4.7500000000000035E-002    1355.386666665499     
   4.7500000000000035E-002    1364.813333332157     
   4.7500000000000035E-002    1374.239999998815     
   4.7500000000000035E-002    1383.659999998807     
   4.7500000000000035E-002    1393.086666665465     
   4.7500000000000035E-002    1402.513333332123     
   4.7500000000000035E-002    1411.939999998781     
   4.7500000000000035E-002    1421.359999998772     
   4.7500000000000035E-002    1430.786666665430     
   4.7500000000000035E-002    1440.213333332088     
   4.7500000000000035E-002    1449.633333332080     
   4.7500000000000035E-002    1459.059999998738     
   4.7500000000000035E-002    1468.479999998729     
   4.7500000000000035E-002    1477.906666665388     
   4.7500000000000035E-002    1487.326666665379     
   4.7500000000000035E-002    1496.753333332037     
   4.7500000000000035E-002    1506.173333332029     
   4.7500000000000035E-002    1515.599999998687     
   4.7500000000000035E-002    1525.019999998678     
   4.7500000000000035E-002    1534.446666665336     
   4.7500000000000035E-002    1543.866666665328     
   4.7500000000000035E-002    1553.293333331986     
   4.7500000000000035E-002    1562.713333331977     
   4.7500000000000035E-002    1572.139999998635     
   4.7500000000000035E-002    1581.559999998627     
   4.7500000000000035E-002    1590.979999998618     
   4.7500000000000035E-002    1600.406666665276     
   4.7500000000000035E-002    1609.826666665268     
   4.7500000000000035E-002    1619.253333331926     
   4.7500000000000035E-002    1628.673333331917     
   4.7500000000000035E-002    1638.093333331909     
   4.7500000000000035E-002    1647.513333331900     
   4.7500000000000035E-002    1656.939999998558     
   4.7500000000000035E-002    1666.359999998549     
   4.7500000000000035E-002    1675.779999998541     
   4.7500000000000035E-002    1685.206666665199     
   4.7500000000000035E-002    1694.626666665190     
   4.7500000000000035E-002    1704.046666665182     
   4.7500000000000035E-002    1713.466666665173     
   4.7500000000000035E-002    1722.893333331831     
   4.7500000000000035E-002    1732.313333331823     
   4.7500000000000035E-002    1741.733333331814     
   4.7500000000000035E-002    1751.153333331806     
   4.7500000000000035E-002    1760.573333331797     
   4.7500000000000035E-002    1769.999999998455     
   4.7500000000000035E-002    1779.419999998447     
   4.7500000000000035E-002    1788.839999998438     
   4.7500000000000035E-002    1798.259999998430     
   4.7500000000000035E-002    1807.679999998421     
   4.7500000000000035E-002    1817.099999998412     
   4.7500000000000035E-002    1826.519999998404     
   4.7500000000000035E-002    1835.946666665062     
   4.7500000000000035E-002    1845.366666665053     
   4.7500000000000035E-002    1854.786666665045     
   4.7500000000000035E-002    1864.206666665036     
   4.7500000000000035E-002    1873.626666665028     
   4.7500000000000035E-002    1883.046666665019     
   4.7500000000000035E-002    1892.466666665011     
   4.7500000000000035E-002    1901.886666665002     
   4.7500000000000035E-002    1911.306666664993     
   4.7500000000000035E-002    1920.726666664985     
   4.7500000000000035E-002    1930.153333331643     
   4.7500000000000035E-002    1939.573333331634     
   4.7500000000000035E-002    1948.993333331626     
   4.7500000000000035E-002    1958.413333331617     
   4.7500000000000035E-002    1967.833333331609     
   4.7500000000000035E-002    1977.253333331600     
   4.7500000000000035E-002    1986.673333331591     
   4.7500000000000035E-002    1996.093333331583     
   4.7500000000000035E-002    2005.513333331574     
   4.7500000000000035E-002    2014.933333331566     
   4.7500000000000035E-002    2024.353333331557     
   4.8000000000000036E-002    325.0733333331027     
   4.8000000000000036E-002    334.1599999997611     
   4.8000000000000036E-002    343.2466666664195     
   4.8000000000000036E-002    352.3333333330779     
   4.8000000000000036E-002    361.4266666664029     
   4.8000000000000036E-002    370.5199999997280     
   4.8000000000000036E-002    379.6133333330530     
   4.8000000000000036E-002    388.7066666663781     
   4.8000000000000036E-002    397.7999999997032     
   4.8000000000000036E-002    406.8933333330282     
   4.8000000000000036E-002    415.9866666663533     
   4.8000000000000036E-002    425.0799999996784     
   4.8000000000000036E-002    434.1733333330034     
   4.8000000000000036E-002    443.2666666663285     
   4.8000000000000036E-002    452.3599999996536     
   4.8000000000000036E-002    461.4466666663120     
   4.8000000000000036E-002    470.5399999996370     
   4.8000000000000036E-002    479.6266666662954     
   4.8000000000000036E-002    488.7133333329538     
   4.8000000000000036E-002    497.8066666662789     
   4.8000000000000036E-002    506.8933333329373     
   4.8000000000000036E-002    515.9733333329291     
   4.8000000000000036E-002    525.0599999995875     
   4.8000000000000036E-002    534.1466666662459     
   4.8000000000000036E-002    543.2266666662376     
   4.8000000000000036E-002    552.3133333328960     
   4.8000000000000036E-002    561.3933333328878     
   4.8000000000000036E-002    570.4733333328795     
   4.8000000000000036E-002    579.5533333328713     
   4.8000000000000036E-002    588.6333333328630     
   4.8000000000000036E-002    597.7133333328547     
   4.8000000000000036E-002    606.7866666661798     
   4.8000000000000036E-002    615.8666666661716     
   4.8000000000000036E-002    624.9399999994966     
   4.8000000000000036E-002    634.0133333328217     
   4.8000000000000036E-002    643.0933333328135     
   4.8000000000000036E-002    652.1666666661386     
   4.8000000000000036E-002    661.2399999994636     
   4.8000000000000036E-002    670.3133333327887     
   4.8000000000000036E-002    679.3866666661138     
   4.8000000000000036E-002    688.4533333327722     
   4.8000000000000036E-002    697.5266666660973     
   4.8000000000000036E-002    706.5933333327557     
   4.8000000000000036E-002    715.6666666660808     
   4.8000000000000036E-002    724.7333333327392     
   4.8000000000000036E-002    733.8066666660643     
   4.8000000000000036E-002    742.8733333327227     
   4.8000000000000036E-002    751.9399999993811     
   4.8000000000000036E-002    761.0066666660396     
   4.8000000000000036E-002    770.0733333326980     
   4.8000000000000036E-002    779.1399999993564     
   4.8000000000000036E-002    788.2066666660148     
   4.8000000000000036E-002    797.2666666660066     
   4.8000000000000036E-002    806.3333333326650     
   4.8000000000000036E-002    815.3999999993234     
   4.8000000000000036E-002    824.4599999993152     
   4.8000000000000036E-002    833.5266666659736     
   4.8000000000000036E-002    842.5866666659654     
   4.8000000000000036E-002    851.6466666659571     
   4.8000000000000036E-002    860.7133333326155     
   4.8000000000000036E-002    869.7733333326073     
   4.8000000000000036E-002    878.8333333325991     
   4.8000000000000036E-002    887.8933333325908     
   4.8000000000000036E-002    896.9533333325826     
   4.8000000000000036E-002    906.0133333325743     
   4.8000000000000036E-002    915.0733333325661     
   4.8000000000000036E-002    924.1333333325579     
   4.8000000000000036E-002    933.1933333325496     
   4.8000000000000036E-002    942.2533333325414     
   4.8000000000000036E-002    951.3066666658665     
   4.8000000000000036E-002    960.3666666658582     
   4.8000000000000036E-002    969.4266666658500     
   4.8000000000000036E-002    978.4799999991751     
   4.8000000000000036E-002    987.5399999991669     
   4.8000000000000036E-002    996.5999999991586     
   4.8000000000000036E-002    1005.653333332484     
   4.8000000000000036E-002    1014.713333332475     
   4.8000000000000036E-002    1023.766666665801     
   4.8000000000000036E-002    1032.819999999126     
   4.8000000000000036E-002    1041.879999999117     
   4.8000000000000036E-002    1050.933333332443     
   4.8000000000000036E-002    1059.986666665768     
   4.8000000000000036E-002    1069.039999999093     
   4.8000000000000036E-002    1078.099999999085     
   4.8000000000000036E-002    1087.153333332410     
   4.8000000000000036E-002    1096.206666665735     
   4.8000000000000036E-002    1105.259999999060     
   4.8000000000000036E-002    1114.313333332385     
   4.8000000000000036E-002    1123.366666665710     
   4.8000000000000036E-002    1132.419999999035     
   4.8000000000000036E-002    1141.473333332360     
   4.8000000000000036E-002    1150.526666665685     
   4.8000000000000036E-002    1159.579999999010     
   4.8000000000000036E-002    1168.633333332335     
   4.8000000000000036E-002    1177.686666665661     
   4.8000000000000036E-002    1186.739999998986     
   4.8000000000000036E-002    1195.793333332311     
   4.8000000000000036E-002    1204.846666665636     
   4.8000000000000036E-002    1213.893333332294     
   4.8000000000000036E-002    1222.946666665619     
   4.8000000000000036E-002    1231.999999998945     
   4.8000000000000036E-002    1241.053333332270     
   4.8000000000000036E-002    1250.099999998928     
   4.8000000000000036E-002    1259.153333332253     
   4.8000000000000036E-002    1268.206666665578     
   4.8000000000000036E-002    1277.259999998903     
   4.8000000000000036E-002    1286.306666665562     
   4.8000000000000036E-002    1295.359999998887     
   4.8000000000000036E-002    1304.406666665545     
   4.8000000000000036E-002    1313.459999998870     
   4.8000000000000036E-002    1322.513333332196     
   4.8000000000000036E-002    1331.559999998854     
   4.8000000000000036E-002    1340.613333332179     
   4.8000000000000036E-002    1349.659999998838     
   4.8000000000000036E-002    1358.713333332163     
   4.8000000000000036E-002    1367.759999998821     
   4.8000000000000036E-002    1376.813333332146     
   4.8000000000000036E-002    1385.859999998805     
   4.8000000000000036E-002    1394.913333332130     
   4.8000000000000036E-002    1403.959999998788     
   4.8000000000000036E-002    1413.013333332113     
   4.8000000000000036E-002    1422.059999998772     
   4.8000000000000036E-002    1431.106666665430     
   4.8000000000000036E-002    1440.159999998755     
   4.8000000000000036E-002    1449.206666665414     
   4.8000000000000036E-002    1458.259999998739     
   4.8000000000000036E-002    1467.306666665397     
   4.8000000000000036E-002    1476.353333332056     
   4.8000000000000036E-002    1485.406666665381     
   4.8000000000000036E-002    1494.453333332039     
   4.8000000000000036E-002    1503.499999998698     
   4.8000000000000036E-002    1512.553333332023     
   4.8000000000000036E-002    1521.599999998681     
   4.8000000000000036E-002    1530.646666665340     
   4.8000000000000036E-002    1539.693333331998     
   4.8000000000000036E-002    1548.746666665323     
   4.8000000000000036E-002    1557.793333331982     
   4.8000000000000036E-002    1566.839999998640     
   4.8000000000000036E-002    1575.886666665298     
   4.8000000000000036E-002    1584.939999998624     
   4.8000000000000036E-002    1593.986666665282     
   4.8000000000000036E-002    1603.033333331940     
   4.8000000000000036E-002    1612.079999998599     
   4.8000000000000036E-002    1621.133333331924     
   4.8000000000000036E-002    1630.179999998582     
   4.8000000000000036E-002    1639.226666665241     
   4.8000000000000036E-002    1648.273333331899     
   4.8000000000000036E-002    1657.319999998558     
   4.8000000000000036E-002    1666.373333331883     
   4.8000000000000036E-002    1675.419999998541     
   4.8000000000000036E-002    1684.466666665200     
   4.8000000000000036E-002    1693.513333331858     
   4.8000000000000036E-002    1702.559999998517     
   4.8000000000000036E-002    1711.606666665175     
   4.8000000000000036E-002    1720.659999998500     
   4.8000000000000036E-002    1729.706666665159     
   4.8000000000000036E-002    1738.753333331817     
   4.8000000000000036E-002    1747.799999998475     
   4.8000000000000036E-002    1756.846666665134     
   4.8000000000000036E-002    1765.893333331792     
   4.8000000000000036E-002    1774.939999998451     
   4.8000000000000036E-002    1783.986666665109     
   4.8000000000000036E-002    1793.033333331768     
   4.8000000000000036E-002    1802.086666665093     
   4.8000000000000036E-002    1811.133333331751     
   4.8000000000000036E-002    1820.179999998410     
   4.8000000000000036E-002    1829.226666665068     
   4.8000000000000036E-002    1838.273333331726     
   4.8000000000000036E-002    1847.319999998385     
   4.8000000000000036E-002    1856.366666665043     
   4.8000000000000036E-002    1865.413333331702     
   4.8000000000000036E-002    1874.459999998360     
   4.8000000000000036E-002    1883.506666665019     
   4.8000000000000036E-002    1892.553333331677     
   4.8000000000000036E-002    1901.599999998336     
   4.8000000000000036E-002    1910.653333331661     
   4.8000000000000036E-002    1919.699999998319     
   4.8000000000000036E-002    1928.746666664978     
   4.8500000000000036E-002    492.2333333329506     
   4.8500000000000036E-002    500.9333333329427     
   4.8500000000000036E-002    509.6399999996015     
   4.8500000000000036E-002    518.3533333329269     
   4.8500000000000036E-002    527.0733333329190     
   4.8500000000000036E-002    535.7866666662444     
   4.8500000000000036E-002    544.5066666662365     
   4.8500000000000036E-002    553.2266666662285     
   4.8500000000000036E-002    561.9466666662206     
   4.8500000000000036E-002    570.6733333328793     
   4.8500000000000036E-002    579.3933333328714     
   4.8500000000000036E-002    588.1199999995301     
   4.8500000000000036E-002    596.8466666661889     
   4.8500000000000036E-002    605.5666666661809     
   4.8500000000000036E-002    614.2933333328397     
   4.8500000000000036E-002    623.0199999994984     
   4.8500000000000036E-002    631.7466666661571     
   4.8500000000000036E-002    640.4733333328159     
   4.8500000000000036E-002    649.1933333328079     
   4.8500000000000036E-002    657.9199999994667     
   4.8500000000000036E-002    666.6466666661254     
   4.8500000000000036E-002    675.3733333327841     
   4.8500000000000036E-002    684.0999999994428     
   4.8500000000000036E-002    692.8199999994349     
   4.8500000000000036E-002    701.5466666660936     
   4.8500000000000036E-002    710.2733333327524     
   4.8500000000000036E-002    718.9999999994111     
   4.8500000000000036E-002    727.7199999994032     
   4.8500000000000036E-002    736.4466666660619     
   4.8500000000000036E-002    745.1733333327206     
   4.8500000000000036E-002    753.8933333327127     
   4.8500000000000036E-002    762.6199999993714     
   4.8500000000000036E-002    771.3399999993635     
   4.8500000000000036E-002    780.0666666660222     
   4.8500000000000036E-002    788.7866666660143     
   4.8500000000000036E-002    797.5133333326730     
   4.8500000000000036E-002    806.2333333326651     
   4.8500000000000036E-002    814.9599999993238     
   4.8500000000000036E-002    823.6799999993159     
   4.8500000000000036E-002    832.4066666659746     
   4.8500000000000036E-002    841.1266666659667     
   4.8500000000000036E-002    849.8466666659588     
   4.8500000000000036E-002    858.5733333326175     
   4.8500000000000036E-002    867.2933333326096     
   4.8500000000000036E-002    876.0133333326016     
   4.8500000000000036E-002    884.7333333325937     
   4.8500000000000036E-002    893.4533333325858     
   4.8500000000000036E-002    902.1799999992445     
   4.8500000000000036E-002    910.8999999992366     
   4.8500000000000036E-002    919.6199999992286     
   4.8500000000000036E-002    928.3399999992207     
   4.8500000000000036E-002    937.0599999992128     
   4.8500000000000036E-002    945.7799999992048     
   4.8500000000000036E-002    954.4999999991969     
   4.8500000000000036E-002    963.2199999991890     
   4.8500000000000036E-002    971.9399999991811     
   4.8500000000000036E-002    980.6599999991731     
   4.8500000000000036E-002    989.3799999991652     
   4.8500000000000036E-002    998.0999999991573     
   4.8500000000000036E-002    1006.819999999149     
   4.8500000000000036E-002    1015.539999999141     
   4.8500000000000036E-002    1024.259999999133     
   4.8500000000000036E-002    1032.979999999126     
   4.8500000000000036E-002    1041.699999999118     
   4.8500000000000036E-002    1050.413333332443     
   4.8500000000000036E-002    1059.133333332435     
   4.8500000000000036E-002    1067.853333332427     
   4.8500000000000036E-002    1076.573333332419     
   4.8500000000000036E-002    1085.293333332411     
   4.8500000000000036E-002    1094.006666665737     
   4.8500000000000036E-002    1102.726666665729     
   4.8500000000000036E-002    1111.446666665721     
   4.8500000000000036E-002    1120.166666665713     
   4.8500000000000036E-002    1128.879999999038     
   4.8500000000000036E-002    1137.599999999030     
   4.8500000000000036E-002    1146.319999999022     
   4.8500000000000036E-002    1155.033333332348     
   4.8500000000000036E-002    1163.753333332340     
   4.8500000000000036E-002    1172.473333332332     
   4.8500000000000036E-002    1181.186666665657     
   4.8500000000000036E-002    1189.906666665649     
   4.8500000000000036E-002    1198.619999998975     
   4.8500000000000036E-002    1207.339999998967     
   4.8500000000000036E-002    1216.059999998959     
   4.8500000000000036E-002    1224.773333332284     
   4.8500000000000036E-002    1233.493333332277     
   4.8500000000000036E-002    1242.206666665602     
   4.8500000000000036E-002    1250.926666665594     
   4.8500000000000036E-002    1259.639999998919     
   4.8500000000000036E-002    1268.359999998911     
   4.8500000000000036E-002    1277.073333332237     
   4.8500000000000036E-002    1285.793333332229     
   4.8500000000000036E-002    1294.506666665554     
   4.8500000000000036E-002    1303.226666665546     
   4.8500000000000036E-002    1311.939999998872     
   4.8500000000000036E-002    1320.659999998864     
   4.8500000000000036E-002    1329.373333332189     
   4.8500000000000036E-002    1338.093333332181     
   4.8500000000000036E-002    1346.806666665507     
   4.8500000000000036E-002    1355.519999998832     
   4.8500000000000036E-002    1364.239999998824     
   4.8500000000000036E-002    1372.953333332150     
   4.8500000000000036E-002    1381.673333332142     
   4.8500000000000036E-002    1390.386666665467     
   4.8500000000000036E-002    1399.099999998793     
   4.8500000000000036E-002    1407.819999998785     
   4.8500000000000036E-002    1416.533333332110     
   4.8500000000000036E-002    1425.253333332102     
   4.8500000000000036E-002    1433.966666665428     
   4.8500000000000036E-002    1442.679999998753     
   4.8500000000000036E-002    1451.399999998745     
   4.8500000000000036E-002    1460.113333332070     
   4.8500000000000036E-002    1468.826666665396     
   4.8500000000000036E-002    1477.546666665388     
   4.8500000000000036E-002    1486.259999998713     
   4.8500000000000036E-002    1494.973333332039     
   4.8500000000000036E-002    1503.693333332031     
   4.8500000000000036E-002    1512.406666665356     
   4.8500000000000036E-002    1521.119999998682     
   4.8500000000000036E-002    1529.839999998674     
   4.8500000000000036E-002    1538.553333331999     
   4.8500000000000036E-002    1547.266666665324     
   4.8500000000000036E-002    1555.986666665317     
   4.8500000000000036E-002    1564.699999998642     
   4.8500000000000036E-002    1573.413333331967     
   4.8500000000000036E-002    1582.133333331959     
   4.8500000000000036E-002    1590.846666665285     
   4.8500000000000036E-002    1599.559999998610     
   4.8500000000000036E-002    1608.273333331936     
   4.8500000000000036E-002    1616.993333331928     
   4.8500000000000036E-002    1625.706666665253     
   4.8500000000000036E-002    1634.419999998579     
   4.8500000000000036E-002    1643.133333331904     
   4.8500000000000036E-002    1651.853333331896     
   4.8500000000000036E-002    1660.566666665221     
   4.8500000000000036E-002    1669.279999998547     
   4.8500000000000036E-002    1677.999999998539     
   4.8500000000000036E-002    1686.713333331864     
   4.8500000000000036E-002    1695.426666665190     
   4.8500000000000036E-002    1704.139999998515     
   4.8500000000000036E-002    1712.859999998507     
   4.8500000000000036E-002    1721.573333331833     
   4.8500000000000036E-002    1730.286666665158     
   4.8500000000000036E-002    1738.999999998483     
   4.8500000000000036E-002    1747.713333331809     
   4.8500000000000036E-002    1756.433333331801     
   4.8500000000000036E-002    1765.146666665126     
   4.8500000000000036E-002    1773.859999998452     
   4.8500000000000036E-002    1782.573333331777     
   4.8500000000000036E-002    1791.293333331769     
   4.8500000000000036E-002    1800.006666665095     
   4.8500000000000036E-002    1808.719999998420     
   4.8500000000000036E-002    1817.433333331745     
   4.8500000000000036E-002    1826.146666665071     
   4.8500000000000036E-002    1834.866666665063     
   4.8500000000000036E-002    1843.579999998388     
   4.8500000000000036E-002    1852.293333331714     
   4.8500000000000036E-002    1861.006666665039     
   4.9000000000000037E-002    642.7266666661471     
   4.9000000000000037E-002    651.1066666661395     
   4.9000000000000037E-002    659.4933333327986     
   4.9000000000000037E-002    667.8799999994576     
   4.9000000000000037E-002    676.2799999994500     
   4.9000000000000037E-002    684.6733333327757     
   4.9000000000000037E-002    693.0733333327680     
   4.9000000000000037E-002    701.4733333327604     
   4.9000000000000037E-002    709.8799999994194     
   4.9000000000000037E-002    718.2866666660784     
   4.9000000000000037E-002    726.6933333327374     
   4.9000000000000037E-002    735.0999999993965     
   4.9000000000000037E-002    743.5066666660555     
   4.9000000000000037E-002    751.9133333327145     
   4.9000000000000037E-002    760.3266666660402     
   4.9000000000000037E-002    768.7333333326992     
   4.9000000000000037E-002    777.1466666660249     
   4.9000000000000037E-002    785.5599999993506     
   4.9000000000000037E-002    793.9666666660096     
   4.9000000000000037E-002    802.3799999993353     
   4.9000000000000037E-002    810.7933333326609     
   4.9000000000000037E-002    819.2066666659866     
   4.9000000000000037E-002    827.6199999993123     
   4.9000000000000037E-002    836.0333333326380     
   4.9000000000000037E-002    844.4466666659637     
   4.9000000000000037E-002    852.8599999992894     
   4.9000000000000037E-002    861.2733333326150     
   4.9000000000000037E-002    869.6866666659407     
   4.9000000000000037E-002    878.0999999992664     
   4.9000000000000037E-002    886.5133333325921     
   4.9000000000000037E-002    894.9266666659178     
   4.9000000000000037E-002    903.3466666659101     
   4.9000000000000037E-002    911.7599999992358     
   4.9000000000000037E-002    920.1733333325615     
   4.9000000000000037E-002    928.5866666658872     
   4.9000000000000037E-002    936.9999999992128     
   4.9000000000000037E-002    945.4199999992052     
   4.9000000000000037E-002    953.8333333325309     
   4.9000000000000037E-002    962.2466666658565     
   4.9000000000000037E-002    970.6599999991822     
   4.9000000000000037E-002    979.0799999991746     
   4.9000000000000037E-002    987.4933333325002     
   4.9000000000000037E-002    995.9066666658259     
   4.9000000000000037E-002    1004.319999999152     
   4.9000000000000037E-002    1012.739999999144     
   4.9000000000000037E-002    1021.153333332470     
   4.9000000000000037E-002    1029.566666665795     
   4.9000000000000037E-002    1037.979999999121     
   4.9000000000000037E-002    1046.399999999113     
   4.9000000000000037E-002    1054.813333332439     
   4.9000000000000037E-002    1063.226666665765     
   4.9000000000000037E-002    1071.646666665757     
   4.9000000000000037E-002    1080.059999999083     
   4.9000000000000037E-002    1088.473333332408     
   4.9000000000000037E-002    1096.886666665734     
   4.9000000000000037E-002    1105.306666665726     
   4.9000000000000037E-002    1113.719999999052     
   4.9000000000000037E-002    1122.133333332378     
   4.9000000000000037E-002    1130.553333332370     
   4.9000000000000037E-002    1138.966666665696     
   4.9000000000000037E-002    1147.379999999021     
   4.9000000000000037E-002    1155.793333332347     
   4.9000000000000037E-002    1164.213333332340     
   4.9000000000000037E-002    1172.626666665665     
   4.9000000000000037E-002    1181.039999998991     
   4.9000000000000037E-002    1189.459999998983     
   4.9000000000000037E-002    1197.873333332309     
   4.9000000000000037E-002    1206.286666665635     
   4.9000000000000037E-002    1214.706666665627     
   4.9000000000000037E-002    1223.119999998953     
   4.9000000000000037E-002    1231.533333332278     
   4.9000000000000037E-002    1239.953333332271     
   4.9000000000000037E-002    1248.366666665596     
   4.9000000000000037E-002    1256.779999998922     
   4.9000000000000037E-002    1265.193333332248     
   4.9000000000000037E-002    1273.613333332240     
   4.9000000000000037E-002    1282.026666665566     
   4.9000000000000037E-002    1290.439999998891     
   4.9000000000000037E-002    1298.859999998884     
   4.9000000000000037E-002    1307.273333332209     
   4.9000000000000037E-002    1315.686666665535     
   4.9000000000000037E-002    1324.106666665527     
   4.9000000000000037E-002    1332.519999998853     
   4.9000000000000037E-002    1340.933333332179     
   4.9000000000000037E-002    1349.346666665504     
   4.9000000000000037E-002    1357.766666665497     
   4.9000000000000037E-002    1366.179999998822     
   4.9000000000000037E-002    1374.593333332148     
   4.9000000000000037E-002    1383.013333332141     
   4.9000000000000037E-002    1391.426666665466     
   4.9000000000000037E-002    1399.839999998792     
   4.9000000000000037E-002    1408.259999998784     
   4.9000000000000037E-002    1416.673333332110     
   4.9000000000000037E-002    1425.086666665436     
   4.9000000000000037E-002    1433.499999998761     
   4.9000000000000037E-002    1441.919999998754     
   4.9000000000000037E-002    1450.333333332079     
   4.9000000000000037E-002    1458.746666665405     
   4.9000000000000037E-002    1467.166666665397     
   4.9000000000000037E-002    1475.579999998723     
   4.9000000000000037E-002    1483.993333332049     
   4.9000000000000037E-002    1492.413333332041     
   4.9000000000000037E-002    1500.826666665367     
   4.9000000000000037E-002    1509.239999998692     
   4.9000000000000037E-002    1517.653333332018     
   4.9000000000000037E-002    1526.073333332010     
   4.9000000000000037E-002    1534.486666665336     
   4.9000000000000037E-002    1542.899999998662     
   4.9000000000000037E-002    1551.319999998654     
   4.9000000000000037E-002    1559.733333331980     
   4.9000000000000037E-002    1568.146666665305     
   4.9000000000000037E-002    1576.566666665298     
   4.9000000000000037E-002    1584.979999998623     
   4.9000000000000037E-002    1593.393333331949     
   4.9000000000000037E-002    1601.806666665275     
   4.9000000000000037E-002    1610.226666665267     
   4.9000000000000037E-002    1618.639999998593     
   4.9000000000000037E-002    1627.053333331919     
   4.9000000000000037E-002    1635.473333331911     
   4.9000000000000037E-002    1643.886666665237     
   4.9000000000000037E-002    1652.299999998562     
   4.9000000000000037E-002    1660.713333331888     
   4.9000000000000037E-002    1669.133333331880     
   4.9000000000000037E-002    1677.546666665206     
   4.9000000000000037E-002    1685.959999998532     
   4.9000000000000037E-002    1694.379999998524     
   4.9000000000000037E-002    1702.793333331850     
   4.9000000000000037E-002    1711.206666665175     
   4.9000000000000037E-002    1719.626666665168     
   4.9000000000000037E-002    1728.039999998493     
   4.9000000000000037E-002    1736.453333331819     
   4.9000000000000037E-002    1744.866666665145     
   4.9000000000000037E-002    1753.286666665137     
   4.9000000000000037E-002    1761.699999998463     
   4.9000000000000037E-002    1770.113333331788     
   4.9000000000000037E-002    1778.533333331781     
   4.9000000000000037E-002    1786.946666665106     
   4.9000000000000037E-002    1795.359999998432     
   4.9000000000000037E-002    1803.773333331758     
   4.9000000000000037E-002    1812.193333331750     
   4.9000000000000037E-002    1820.606666665076     
   4.9000000000000037E-002    1829.019999998402     
   4.9500000000000037E-002    794.0999999993428     
   4.9500000000000037E-002    802.1999999993354     
   4.9500000000000037E-002    810.3066666659947     
   4.9500000000000037E-002    818.4199999993207     
   4.9500000000000037E-002    826.5333333326466     
   4.9500000000000037E-002    834.6466666659726     
   4.9500000000000037E-002    842.7666666659652     
   4.9500000000000037E-002    850.8866666659578     
   4.9500000000000037E-002    859.0066666659504     
   4.9500000000000037E-002    867.1333333326097     
   4.9500000000000037E-002    875.2599999992690     
   4.9500000000000037E-002    883.3866666659283     
   4.9500000000000037E-002    891.5133333325875     
   4.9500000000000037E-002    899.6466666659135     
   4.9500000000000037E-002    907.7733333325727     
   4.9500000000000037E-002    915.9066666658987     
   4.9500000000000037E-002    924.0333333325580     
   4.9500000000000037E-002    932.1666666658839     
   4.9500000000000037E-002    940.2999999992098     
   4.9500000000000037E-002    948.4333333325358     
   4.9500000000000037E-002    956.5666666658617     
   4.9500000000000037E-002    964.6999999991876     
   4.9500000000000037E-002    972.8333333325136     
   4.9500000000000037E-002    980.9666666658395     
   4.9500000000000037E-002    989.0999999991654     
   4.9500000000000037E-002    997.2399999991580     
   4.9500000000000037E-002    1005.373333332484     
   4.9500000000000037E-002    1013.506666665810     
   4.9500000000000037E-002    1021.646666665803     
   4.9500000000000037E-002    1029.779999999128     
   4.9500000000000037E-002    1037.919999999121     
   4.9500000000000037E-002    1046.053333332447     
   4.9500000000000037E-002    1054.193333332440     
   4.9500000000000037E-002    1062.333333332432     
   4.9500000000000037E-002    1070.466666665758     
   4.9500000000000037E-002    1078.606666665751     
   4.9500000000000037E-002    1086.746666665743     
   4.9500000000000037E-002    1094.879999999069     
   4.9500000000000037E-002    1103.019999999062     
   4.9500000000000037E-002    1111.159999999054     
   4.9500000000000037E-002    1119.299999999047     
   4.9500000000000037E-002    1127.433333332373     
   4.9500000000000037E-002    1135.573333332366     
   4.9500000000000037E-002    1143.713333332358     
   4.9500000000000037E-002    1151.853333332351     
   4.9500000000000037E-002    1159.993333332343     
   4.9500000000000037E-002    1168.133333332336     
   4.9500000000000037E-002    1176.273333332329     
   4.9500000000000037E-002    1184.413333332321     
   4.9500000000000037E-002    1192.553333332314     
   4.9500000000000037E-002    1200.686666665640     
   4.9500000000000037E-002    1208.826666665632     
   4.9500000000000037E-002    1216.966666665625     
   4.9500000000000037E-002    1225.106666665617     
   4.9500000000000037E-002    1233.246666665610     
   4.9500000000000037E-002    1241.393333332269     
   4.9500000000000037E-002    1249.533333332262     
   4.9500000000000037E-002    1257.673333332255     
   4.9500000000000037E-002    1265.813333332247     
   4.9500000000000037E-002    1273.953333332240     
   4.9500000000000037E-002    1282.093333332232     
   4.9500000000000037E-002    1290.233333332225     
   4.9500000000000037E-002    1298.373333332217     
   4.9500000000000037E-002    1306.513333332210     
   4.9500000000000037E-002    1314.653333332203     
   4.9500000000000037E-002    1322.793333332195     
   4.9500000000000037E-002    1330.939999998855     
   4.9500000000000037E-002    1339.079999998847     
   4.9500000000000037E-002    1347.219999998840     
   4.9500000000000037E-002    1355.359999998832     
   4.9500000000000037E-002    1363.499999998825     
   4.9500000000000037E-002    1371.639999998818     
   4.9500000000000037E-002    1379.786666665477     
   4.9500000000000037E-002    1387.926666665469     
   4.9500000000000037E-002    1396.066666665462     
   4.9500000000000037E-002    1404.206666665455     
   4.9500000000000037E-002    1412.346666665447     
   4.9500000000000037E-002    1420.493333332106     
   4.9500000000000037E-002    1428.633333332099     
   4.9500000000000037E-002    1436.773333332092     
   4.9500000000000037E-002    1444.913333332084     
   4.9500000000000037E-002    1453.059999998743     
   4.9500000000000037E-002    1461.199999998736     
   4.9500000000000037E-002    1469.339999998729     
   4.9500000000000037E-002    1477.479999998721     
   4.9500000000000037E-002    1485.626666665381     
   4.9500000000000037E-002    1493.766666665373     
   4.9500000000000037E-002    1501.906666665366     
   4.9500000000000037E-002    1510.053333332025     
   4.9500000000000037E-002    1518.193333332018     
   4.9500000000000037E-002    1526.333333332010     
   4.9500000000000037E-002    1534.473333332003     
   4.9500000000000037E-002    1542.619999998662     
   4.9500000000000037E-002    1550.759999998655     
   4.9500000000000037E-002    1558.899999998647     
   4.9500000000000037E-002    1567.046666665306     
   4.9500000000000037E-002    1575.186666665299     
   4.9500000000000037E-002    1583.326666665292     
   4.9500000000000037E-002    1591.473333331951     
   4.9500000000000037E-002    1599.613333331944     
   4.9500000000000037E-002    1607.753333331936     
   4.9500000000000037E-002    1615.899999998595     
   4.9500000000000037E-002    1624.039999998588     
   4.9500000000000037E-002    1632.179999998581     
   4.9500000000000037E-002    1640.326666665240     
   4.9500000000000037E-002    1648.466666665232     
   4.9500000000000037E-002    1656.606666665225     
   4.9500000000000037E-002    1664.753333331884     
   4.9500000000000037E-002    1672.893333331877     
   4.9500000000000037E-002    1681.039999998536     
   4.9500000000000037E-002    1689.179999998529     
   4.9500000000000037E-002    1697.319999998521     
   4.9500000000000037E-002    1705.466666665181     
   4.9500000000000037E-002    1713.606666665173     
   4.9500000000000037E-002    1721.746666665166     
   4.9500000000000037E-002    1729.893333331825     
   4.9500000000000037E-002    1738.033333331818     
   4.9500000000000037E-002    1746.179999998477     
   4.9500000000000037E-002    1754.319999998469     
   4.9500000000000037E-002    1762.459999998462     
   4.9500000000000037E-002    1770.606666665121     
   4.9500000000000037E-002    1778.746666665114     
   4.9500000000000037E-002    1786.893333331773     
   4.9500000000000037E-002    1795.033333331766     
   5.0000000000000037E-002    942.6533333325410     
   5.0000000000000037E-002    950.4933333325339     
   5.0000000000000037E-002    958.3399999991934     
   5.0000000000000037E-002    966.1933333325196     
   5.0000000000000037E-002    974.0466666658458     
   5.0000000000000037E-002    981.9066666658387     
   5.0000000000000037E-002    989.7733333324982     
   5.0000000000000037E-002    997.6399999991577     
   5.0000000000000037E-002    1005.506666665817     
   5.0000000000000037E-002    1013.373333332477     
   5.0000000000000037E-002    1021.246666665803     
   5.0000000000000037E-002    1029.113333332462     
   5.0000000000000037E-002    1036.986666665789     
   5.0000000000000037E-002    1044.866666665781     
   5.0000000000000037E-002    1052.739999999108     
   5.0000000000000037E-002    1060.613333332434     
   5.0000000000000037E-002    1068.493333332427     
   5.0000000000000037E-002    1076.366666665753     
   5.0000000000000037E-002    1084.246666665746     
   5.0000000000000037E-002    1092.126666665738     
   5.0000000000000037E-002    1100.006666665731     
   5.0000000000000037E-002    1107.886666665724     
   5.0000000000000037E-002    1115.766666665717     
   5.0000000000000037E-002    1123.646666665710     
   5.0000000000000037E-002    1131.526666665703     
   5.0000000000000037E-002    1139.413333332362     
   5.0000000000000037E-002    1147.293333332355     
   5.0000000000000037E-002    1155.173333332348     
   5.0000000000000037E-002    1163.059999999007     
   5.0000000000000037E-002    1170.939999999000     
   5.0000000000000037E-002    1178.826666665660     
   5.0000000000000037E-002    1186.713333332319     
   5.0000000000000037E-002    1194.593333332312     
   5.0000000000000037E-002    1202.479999998971     
   5.0000000000000037E-002    1210.366666665631     
   5.0000000000000037E-002    1218.246666665624     
   5.0000000000000037E-002    1226.133333332283     
   5.0000000000000037E-002    1234.019999998943     
   5.0000000000000037E-002    1241.906666665602     
   5.0000000000000037E-002    1249.793333332262     
   5.0000000000000037E-002    1257.679999998921     
   5.0000000000000037E-002    1265.566666665581     
   5.0000000000000037E-002    1273.453333332240     
   5.0000000000000037E-002    1281.339999998900     
   5.0000000000000037E-002    1289.226666665559     
   5.0000000000000037E-002    1297.113333332219     
   5.0000000000000037E-002    1304.999999998878     
   5.0000000000000037E-002    1312.886666665538     
   5.0000000000000037E-002    1320.773333332197     
   5.0000000000000037E-002    1328.666666665523     
   5.0000000000000037E-002    1336.553333332183     
   5.0000000000000037E-002    1344.439999998842     
   5.0000000000000037E-002    1352.326666665502     
   5.0000000000000037E-002    1360.213333332161     
   5.0000000000000037E-002    1368.106666665487     
   5.0000000000000037E-002    1375.993333332147     
   5.0000000000000037E-002    1383.879999998806     
   5.0000000000000037E-002    1391.773333332133     
   5.0000000000000037E-002    1399.659999998792     
   5.0000000000000037E-002    1407.546666665452     
   5.0000000000000037E-002    1415.439999998778     
   5.0000000000000037E-002    1423.326666665437     
   5.0000000000000037E-002    1431.213333332097     
   5.0000000000000037E-002    1439.106666665423     
   5.0000000000000037E-002    1446.993333332082     
   5.0000000000000037E-002    1454.886666665408     
   5.0000000000000037E-002    1462.773333332068     
   5.0000000000000037E-002    1470.666666665394     
   5.0000000000000037E-002    1478.553333332054     
   5.0000000000000037E-002    1486.446666665380     
   5.0000000000000037E-002    1494.333333332039     
   5.0000000000000037E-002    1502.226666665365     
   5.0000000000000037E-002    1510.113333332025     
   5.0000000000000037E-002    1518.006666665351     
   5.0000000000000037E-002    1525.893333332011     
   5.0000000000000037E-002    1533.786666665337     
   5.0000000000000037E-002    1541.679999998663     
   5.0000000000000037E-002    1549.566666665322     
   5.0000000000000037E-002    1557.459999998649     
   5.0000000000000037E-002    1565.346666665308     
   5.0000000000000037E-002    1573.239999998634     
   5.0000000000000037E-002    1581.133333331960     
   5.0000000000000037E-002    1589.019999998620     
   5.0000000000000037E-002    1596.913333331946     
   5.0000000000000037E-002    1604.799999998605     
   5.0000000000000037E-002    1612.693333331932     
   5.0000000000000037E-002    1620.586666665258     
   5.0000000000000037E-002    1628.473333331917     
   5.0000000000000037E-002    1636.366666665243     
   5.0000000000000037E-002    1644.259999998570     
   5.0000000000000037E-002    1652.153333331896     
   5.0000000000000037E-002    1660.039999998555     
   5.0000000000000037E-002    1667.933333331881     
   5.0000000000000037E-002    1675.826666665208     
   5.0000000000000037E-002    1683.713333331867     
   5.0000000000000037E-002    1691.606666665193     
   5.0000000000000037E-002    1699.499999998519     
   5.0000000000000037E-002    1707.393333331845     
   5.0000000000000037E-002    1715.279999998505     
   5.0000000000000037E-002    1723.173333331831     
   5.0000000000000037E-002    1731.066666665157     
   5.0000000000000037E-002    1738.959999998483     
   5.0000000000000037E-002    1746.846666665143     
   5.0000000000000037E-002    1754.739999998469     
   5.0000000000000037E-002    1762.633333331795     
   5.0500000000000038E-002    1107.346666665725     
   5.0500000000000038E-002    1114.953333332384     
   5.0500000000000038E-002    1122.566666665711     
   5.0500000000000038E-002    1130.186666665704     
   5.0500000000000038E-002    1137.806666665697     
   5.0500000000000038E-002    1145.433333332357     
   5.0500000000000038E-002    1153.066666665683     
   5.0500000000000038E-002    1160.693333332343     
   5.0500000000000038E-002    1168.326666665669     
   5.0500000000000038E-002    1175.966666665662     
   5.0500000000000038E-002    1183.599999998989     
   5.0500000000000038E-002    1191.239999998982     
   5.0500000000000038E-002    1198.879999998975     
   5.0500000000000038E-002    1206.519999998968     
   5.0500000000000038E-002    1214.159999998961     
   5.0500000000000038E-002    1221.806666665620     
   5.0500000000000038E-002    1229.446666665614     
   5.0500000000000038E-002    1237.093333332273     
   5.0500000000000038E-002    1244.739999998933     
   5.0500000000000038E-002    1252.379999998926     
   5.0500000000000038E-002    1260.026666665586     
   5.0500000000000038E-002    1267.673333332245     
   5.0500000000000038E-002    1275.319999998905     
   5.0500000000000038E-002    1282.973333332232     
   5.0500000000000038E-002    1290.619999998891     
   5.0500000000000038E-002    1298.266666665551     
   5.0500000000000038E-002    1305.919999998877     
   5.0500000000000038E-002    1313.566666665537     
   5.0500000000000038E-002    1321.219999998863     
   5.0500000000000038E-002    1328.866666665523     
   5.0500000000000038E-002    1336.519999998849     
   5.0500000000000038E-002    1344.166666665509     
   5.0500000000000038E-002    1351.819999998836     
   5.0500000000000038E-002    1359.473333332162     
   5.0500000000000038E-002    1367.126666665488     
   5.0500000000000038E-002    1374.773333332148     
   5.0500000000000038E-002    1382.426666665474     
   5.0500000000000038E-002    1390.079999998801     
   5.0500000000000038E-002    1397.733333332127     
   5.0500000000000038E-002    1405.386666665454     
   5.0500000000000038E-002    1413.039999998780     
   5.0500000000000038E-002    1420.693333332106     
   5.0500000000000038E-002    1428.346666665433     
   5.0500000000000038E-002    1435.999999998759     
   5.0500000000000038E-002    1443.653333332085     
   5.0500000000000038E-002    1451.313333332078     
   5.0500000000000038E-002    1458.966666665405     
   5.0500000000000038E-002    1466.619999998731     
   5.0500000000000038E-002    1474.273333332058     
   5.0500000000000038E-002    1481.933333332051     
   5.0500000000000038E-002    1489.586666665377     
   5.0500000000000038E-002    1497.239999998703     
   5.0500000000000038E-002    1504.899999998696     
   5.0500000000000038E-002    1512.553333332023     
   5.0500000000000038E-002    1520.206666665349     
   5.0500000000000038E-002    1527.866666665342     
   5.0500000000000038E-002    1535.519999998668     
   5.0500000000000038E-002    1543.179999998662     
   5.0500000000000038E-002    1550.833333331988     
   5.0500000000000038E-002    1558.493333331981     
   5.0500000000000038E-002    1566.146666665307     
   5.0500000000000038E-002    1573.806666665300     
   5.0500000000000038E-002    1581.459999998627     
   5.0500000000000038E-002    1589.119999998620     
   5.0500000000000038E-002    1596.773333331946     
   5.0500000000000038E-002    1604.433333331939     
   5.0500000000000038E-002    1612.093333331932     
   5.0500000000000038E-002    1619.746666665259     
   5.0500000000000038E-002    1627.406666665252     
   5.0500000000000038E-002    1635.059999998578     
   5.0500000000000038E-002    1642.719999998571     
   5.0500000000000038E-002    1650.379999998564     
   5.0500000000000038E-002    1658.039999998557     
   5.0500000000000038E-002    1665.693333331883     
   5.0500000000000038E-002    1673.353333331876     
   5.0500000000000038E-002    1681.013333331869     
   5.0500000000000038E-002    1688.666666665196     
   5.0500000000000038E-002    1696.326666665189     
   5.0500000000000038E-002    1703.986666665182     
   5.0500000000000038E-002    1711.646666665175     
   5.0500000000000038E-002    1719.306666665168     
   5.0500000000000038E-002    1726.959999998494     
   5.0500000000000038E-002    1734.619999998487     
   5.0500000000000038E-002    1742.279999998480     
   5.0500000000000038E-002    1749.939999998473     
   5.0500000000000038E-002    1757.599999998467     
   5.0500000000000038E-002    1765.259999998460     
   5.0500000000000038E-002    1772.913333331786     
   5.0500000000000038E-002    1780.573333331779     
   5.0500000000000038E-002    1788.233333331772     
   5.0500000000000038E-002    1795.893333331765     
   5.1000000000000038E-002    1299.339999998883     
   5.1000000000000038E-002    1306.733333332210     
   5.1000000000000038E-002    1314.133333332203     
   5.1000000000000038E-002    1321.539999998863     
   5.1000000000000038E-002    1328.946666665523     
   5.1000000000000038E-002    1336.359999998850     
   5.1000000000000038E-002    1343.773333332176     
   5.1000000000000038E-002    1351.186666665503     
   5.1000000000000038E-002    1358.606666665496     
   5.1000000000000038E-002    1366.026666665489     
   5.1000000000000038E-002    1373.446666665483     
   5.1000000000000038E-002    1380.866666665476     
   5.1000000000000038E-002    1388.293333332136     
   5.1000000000000038E-002    1395.713333332129     
   5.1000000000000038E-002    1403.139999998789     
   5.1000000000000038E-002    1410.566666665449     
   5.1000000000000038E-002    1417.993333332109     
   5.1000000000000038E-002    1425.419999998769     
   5.1000000000000038E-002    1432.846666665429     
   5.1000000000000038E-002    1440.273333332088     
   5.1000000000000038E-002    1447.706666665415     
   5.1000000000000038E-002    1455.133333332075     
   5.1000000000000038E-002    1462.566666665401     
   5.1000000000000038E-002    1469.999999998728     
   5.1000000000000038E-002    1477.426666665388     
   5.1000000000000038E-002    1484.859999998715     
   5.1000000000000038E-002    1492.293333332041     
   5.1000000000000038E-002    1499.726666665368     
   5.1000000000000038E-002    1507.159999998694     
   5.1000000000000038E-002    1514.593333332021     
   5.1000000000000038E-002    1522.026666665347     
   5.1000000000000038E-002    1529.459999998674     
   5.1000000000000038E-002    1536.893333332001     
   5.1000000000000038E-002    1544.326666665327     
   5.1000000000000038E-002    1551.766666665320     
   5.1000000000000038E-002    1559.199999998647     
   5.1000000000000038E-002    1566.633333331974     
   5.1000000000000038E-002    1574.073333331967     
   5.1000000000000038E-002    1581.506666665293     
   5.1000000000000038E-002    1588.939999998620     
   5.1000000000000038E-002    1596.379999998613     
   5.1000000000000038E-002    1603.813333331940     
   5.1000000000000038E-002    1611.253333331933     
   5.1000000000000038E-002    1618.686666665260     
   5.1000000000000038E-002    1626.126666665253     
   5.1000000000000038E-002    1633.566666665246     
   5.1000000000000038E-002    1640.999999998573     
   5.1000000000000038E-002    1648.439999998566     
   5.1000000000000038E-002    1655.879999998559     
   5.1000000000000038E-002    1663.313333331886     
   5.1000000000000038E-002    1670.753333331879     
   5.1000000000000038E-002    1678.193333331872     
   5.1000000000000038E-002    1685.633333331865     
   5.1000000000000038E-002    1693.073333331859     
   5.1000000000000038E-002    1700.513333331852     
   5.1000000000000038E-002    1707.946666665178     
   5.1000000000000038E-002    1715.386666665172     
   5.1000000000000038E-002    1722.826666665165     
   5.1000000000000038E-002    1730.266666665158     
   5.1000000000000038E-002    1737.706666665151     
   5.1000000000000038E-002    1745.146666665144     
   5.1000000000000038E-002    1752.586666665138     
   5.1000000000000038E-002    1760.026666665131     
   5.1000000000000038E-002    1767.466666665124     
   5.1000000000000038E-002    1774.906666665117     
   5.1000000000000038E-002    1782.346666665111     
   5.1000000000000038E-002    1789.786666665104     
   5.1000000000000038E-002    1797.233333331764     
   5.1000000000000038E-002    1804.673333331757     
   5.1000000000000038E-002    1812.113333331750     
   5.1000000000000038E-002    1819.553333331743     
   5.1000000000000038E-002    1826.993333331737     
   5.1500000000000039E-002    1529.559999998674     
   5.1500000000000039E-002    1536.753333332001     
   5.1500000000000039E-002    1543.953333331994     
   5.1500000000000039E-002    1551.153333331988     
   5.1500000000000039E-002    1558.359999998648     
   5.1500000000000039E-002    1565.573333331974     
   5.1500000000000039E-002    1572.779999998635     
   5.1500000000000039E-002    1579.993333331961     
   5.1500000000000039E-002    1587.213333331955     
   5.1500000000000039E-002    1594.426666665282     
   5.1500000000000039E-002    1601.646666665275     
   5.1500000000000039E-002    1608.859999998602     
   5.1500000000000039E-002    1616.079999998595     
   5.1500000000000039E-002    1623.299999998589     
   5.1500000000000039E-002    1630.526666665249     
   5.1500000000000039E-002    1637.746666665242     
   5.1500000000000039E-002    1644.966666665236     
   5.1500000000000039E-002    1652.193333331896     
   5.1500000000000039E-002    1659.419999998556     
   5.1500000000000039E-002    1666.639999998549     
   5.1500000000000039E-002    1673.866666665209     
   5.1500000000000039E-002    1681.093333331869     
   5.1500000000000039E-002    1688.319999998530     
   5.1500000000000039E-002    1695.546666665190     
   5.1500000000000039E-002    1702.773333331850     
   5.1500000000000039E-002    1709.999999998510     
   5.1500000000000039E-002    1717.233333331837     
   5.1500000000000039E-002    1724.459999998497     
   5.1500000000000039E-002    1731.686666665157     
   5.1500000000000039E-002    1738.919999998483     
   5.1500000000000039E-002    1746.146666665144     
   5.1500000000000039E-002    1753.373333331804     
   5.1500000000000039E-002    1760.606666665130     
   5.1500000000000039E-002    1767.839999998457     
   5.1500000000000039E-002    1775.066666665117     
   5.1500000000000039E-002    1782.299999998444     
   5.1500000000000039E-002    1789.526666665104     
   5.1500000000000039E-002    1796.759999998431     
   5.1500000000000039E-002    1803.993333331758     
   5.1500000000000039E-002    1811.226666665084     
   5.1500000000000039E-002    1818.459999998411     
   5.1500000000000039E-002    1825.686666665071     
   5.1500000000000039E-002    1832.919999998398     
   5.1500000000000039E-002    1840.153333331725     
   5.1500000000000039E-002    1847.386666665052     
   5.1500000000000039E-002    1854.619999998378     
   5.1500000000000039E-002    1861.853333331705     
   5.2000000000000039E-002    1821.299999998409     
   5.2000000000000039E-002    1828.306666665069     
   5.2000000000000039E-002    1835.313333331729     
   5.2000000000000039E-002    1842.319999998389     
   5.2000000000000039E-002    1849.333333331716     
   5.2000000000000039E-002    1856.353333331710     
   5.2000000000000039E-002    1863.366666665037     
   5.2000000000000039E-002    1870.386666665031     
   5.2000000000000039E-002    1877.413333331691     
   5.2000000000000039E-002    1884.433333331684     
   5.2000000000000039E-002    1891.459999998345     
   5.2000000000000039E-002    1898.479999998338     
   5.2000000000000039E-002    1905.506666664999     
   5.2000000000000039E-002    1912.533333331659     
   5.2000000000000039E-002    1919.559999998319     
   5.2000000000000039E-002    1926.586666664979     
   5.2000000000000039E-002    1933.619999998306     
   5.2000000000000039E-002    1940.646666664967     
   5.2000000000000039E-002    1947.679999998294     
   5.2000000000000039E-002    1954.706666664954     
   5.2000000000000039E-002    1961.739999998281     
   5.2500000000000040E-002    2225.639999998041     
   5.2500000000000040E-002    2232.453333331368     
   5.2500000000000040E-002    2239.273333331362     
   5.2500000000000040E-002    2246.093333331356     
   5.2500000000000040E-002    2252.919999998016     
   5.2500000000000040E-002    2259.746666664676     
   5.2500000000000040E-002    2266.579999998004     
   5.2500000000000040E-002    2273.413333331331     
   5.2500000000000040E-002    2280.246666664658     
   5.2500000000000040E-002    2287.079999997985     
   5.2500000000000040E-002    2293.913333331312     
   5.3500000000000041E-002    4383.353333349012     
   5.3500000000000041E-002    4389.793333349446     
   5.3500000000000041E-002    4396.240000016546     
   5.3500000000000041E-002    4402.686666683647     
   5.3500000000000041E-002    4409.140000017414     
   5.3500000000000041E-002    4415.593333351182     
   5.3500000000000041E-002    4422.046666684950     
   5.3500000000000041E-002    4428.500000018717     
   5.3500000000000041E-002    4434.953333352485     
   5.3500000000000041E-002    4441.413333352920     
   5.3500000000000041E-002    4447.873333353355     
   5.3500000000000041E-002    4454.326666687122     
   5.3500000000000041E-002    4460.786666687557     
