   3.9000000000000028E-002    6304.960000145008     
   3.9000000000000028E-002    6320.446666812717     
   3.9000000000000028E-002    6336.160000147108     
   3.9000000000000028E-002    6352.173333481519     
   3.9000000000000028E-002    6368.540000149287     
   3.9000000000000028E-002    6385.300000150415     
   3.9000000000000028E-002    6402.486666818239     
   3.9000000000000028E-002    6420.140000152760     
   3.9000000000000028E-002    6438.280000153981     
   3.9000000000000028E-002    6456.940000155237     
   3.9000000000000028E-002    6476.166666823197     
   3.9000000000000028E-002    6496.013333491200     
   3.9000000000000028E-002    6516.513333492579     
   3.9000000000000028E-002    6537.706666827339     
   3.9000000000000028E-002    6559.633333495482     
   3.9000000000000028E-002    6582.306666830341     
   3.9000000000000028E-002    6605.760000165253     
   3.9000000000000028E-002    6630.046666833554     
   3.9000000000000028E-002    6655.173333501912     
   3.9000000000000028E-002    6681.146666836993     
   3.9000000000000028E-002    6707.973333505465     
   3.9000000000000028E-002    6735.620000173993     
   3.9000000000000028E-002    6764.080000175908     
   3.9000000000000028E-002    6793.293333511207     
   3.9000000000000028E-002    6823.213333513221     
   3.9000000000000028E-002    6853.793333515279     
   3.9000000000000028E-002    6884.960000184044     
   3.9000000000000028E-002    6916.653333519510     
   3.9000000000000028E-002    6948.806666855007     
   3.9000000000000028E-002    6981.360000190532     
   3.9000000000000028E-002    7014.246666859412     
   3.9000000000000028E-002    7047.426666861645     
   3.9000000000000028E-002    7080.846666863894     
   3.9000000000000028E-002    7114.466666866157     
   3.9000000000000028E-002    7148.246666868430     
   3.9000000000000028E-002    7182.166666870713     
   3.9000000000000028E-002    7216.193333539670     
   3.9000000000000028E-002    7250.306666875299     
   3.9000000000000028E-002    7284.486666877599     
   3.9000000000000028E-002    7318.720000213237     
   3.9000000000000028E-002    7353.000000215544     
   3.9000000000000028E-002    7387.320000217854     
   3.9000000000000028E-002    7421.660000220165     
   3.9000000000000028E-002    7456.020000222477     
   3.9000000000000028E-002    7490.400000224791     
   3.9000000000000028E-002    7524.786666893772     
   3.9000000000000028E-002    7559.180000229420     
   3.9000000000000028E-002    7593.580000231736     
   3.9000000000000028E-002    7627.980000234051     
   3.9000000000000028E-002    7662.386666903033     
   3.9000000000000028E-002    7696.786666905348     
   3.9000000000000028E-002    7731.193333574331     
   3.9000000000000028E-002    7765.593333576646     
   3.9000000000000028E-002    7799.993333578961     
   3.9000000000000028E-002    7834.386666914609     
   3.9000000000000028E-002    7868.780000250257     
   3.9000000000000028E-002    7903.166666919238     
   3.9000000000000028E-002    7937.553333588219     
   3.9000000000000028E-002    7971.933333590533     
   3.9000000000000028E-002    8006.313333592847     
   3.9000000000000028E-002    8040.686666928494     
   3.9000000000000028E-002    8075.053333597473     
   3.9000000000000028E-002    8109.420000266453     
   3.9000000000000028E-002    8143.780000268765     
   3.9000000000000028E-002    8178.140000271078     
   3.9000000000000028E-002    8212.493333603927     
   3.9000000000000028E-002    8246.840000268219     
   3.9000000000000028E-002    8281.186666932512     
   3.9000000000000028E-002    8315.526666930138     
   3.9000000000000028E-002    8349.860000261098     
   3.9000000000000028E-002    8384.193333592058     
   3.9000000000000028E-002    8418.520000256352     
   3.9000000000000028E-002    8452.846666920646     
   3.9000000000000028E-002    8487.173333584940     
   3.9000000000000028E-002    8521.493333582568     
   3.9000000000000028E-002    8555.806666913530     
   3.9000000000000028E-002    8590.120000244491     
   3.9000000000000028E-002    8624.426666908787     
   3.9000000000000028E-002    8658.733333573082     
   3.9000000000000028E-002    8693.033333570711     
   3.9000000000000028E-002    8727.333333568340     
   3.9000000000000028E-002    8761.633333565969     
   3.9000000000000028E-002    8795.926666896932     
   3.9000000000000028E-002    8830.213333561229     
   3.9000000000000028E-002    8864.500000225526     
   3.9000000000000028E-002    8898.786666889822     
   3.9000000000000028E-002    8933.066666887453     
   3.9000000000000028E-002    8967.346666885083     
   3.9000000000000028E-002    9001.620000216048     
   3.9000000000000028E-002    9035.893333547012     
   3.9000000000000028E-002    9070.166666877976     
   3.9000000000000028E-002    9104.433333542274     
   3.9000000000000028E-002    9138.700000206572     
   3.9000000000000028E-002    9172.966666870871     
   3.9000000000000028E-002    9207.226666868502     
   3.9000000000000028E-002    9241.480000199468     
   3.9000000000000028E-002    9275.740000197100     
   3.9000000000000028E-002    9309.993333528066     
   3.9000000000000028E-002    9344.246666859031     
   3.9000000000000028E-002    9378.493333523331     
   3.9000000000000028E-002    9412.740000187630     
   3.9000000000000028E-002    9446.986666851930     
   3.9000000000000028E-002    9481.233333516229     
   3.9000000000000028E-002    9515.473333513863     
   3.9000000000000028E-002    9549.713333511496     
   3.9000000000000028E-002    9583.953333509129     
   3.9000000000000028E-002    9618.186666840096     
   3.9000000000000028E-002    9652.420000171063     
   3.9000000000000028E-002    9686.653333502030     
   3.9000000000000028E-002    9720.886666832997     
   3.9000000000000028E-002    9755.113333497298     
   3.9000000000000028E-002    9789.340000161599     
   3.9000000000000028E-002    9823.566666825900     
   3.9000000000000028E-002    9857.786666823535     
   3.9000000000000028E-002    9892.013333487836     
   3.9000000000000028E-002    9926.233333485470     
   3.9000000000000028E-002    9960.453333483105     
   3.9000000000000028E-002    9994.673333480740     
   3.9000000000000028E-002    10028.88666681171     
   3.9000000000000028E-002    10063.10000014268     
   3.9000000000000028E-002    10097.31333347364     
   3.9000000000000028E-002    10131.52666680461     
   3.9000000000000028E-002    10165.74000013558     
   3.9000000000000028E-002    10199.94666679988     
   3.9000000000000028E-002    10234.16000013085     
   3.9000000000000028E-002    10268.36666679515     
   3.9000000000000028E-002    10302.57333345946     
   3.9000000000000028E-002    10336.77333345709     
   3.9000000000000028E-002    10370.98000012140     
   3.9000000000000028E-002    10405.18000011903     
   3.9000000000000028E-002    10439.38000011667     
   3.9000000000000028E-002    10473.58000011430     
   3.9000000000000028E-002    10507.78000011194     
   3.9000000000000028E-002    10541.98000010958     
   3.9000000000000028E-002    10576.17333344055     
   3.9000000000000028E-002    10610.37333343818     
   3.9000000000000028E-002    10644.56666676915     
   3.9000000000000028E-002    10678.76000010012     
   3.9000000000000028E-002    10712.95333343109     
   3.9000000000000028E-002    10747.14000009539     
   3.9000000000000028E-002    10781.33333342636     
   3.9000000000000028E-002    10815.52000009067     
   3.9000000000000028E-002    10849.71333342164     
   3.9000000000000028E-002    10883.90000008594     
   3.9000000000000028E-002    10918.08666675025     
   3.9000000000000028E-002    10952.27333341455     
   3.9000000000000028E-002    10986.46000007885     
   3.9000000000000028E-002    11020.64666674316     
   3.9000000000000028E-002    11054.82666674079     
   3.9000000000000028E-002    11089.01333340510     
   3.9000000000000028E-002    11123.19333340273     
   3.9000000000000028E-002    11157.37333340037     
   3.9000000000000028E-002    11191.55333339801     
   3.9000000000000028E-002    11225.73333339565     
   3.9000000000000028E-002    11259.91333339328     
   3.9000000000000028E-002    11294.09333339092     
   3.9000000000000028E-002    11328.26666672189     
   3.9000000000000028E-002    11362.44666671953     
   3.9000000000000028E-002    11396.62666671717     
   3.9000000000000028E-002    11430.80000004814     
   3.9000000000000028E-002    11464.97333337911     
   3.9000000000000028E-002    11499.14666671008     
   3.9000000000000028E-002    11533.32000004105     
   3.9000000000000028E-002    11567.49333337202     
   3.9000000000000028E-002    11601.66666670299     
   3.9000000000000028E-002    11635.84000003397     
   3.9000000000000028E-002    11670.01333336494     
   3.9000000000000028E-002    11704.18666669591     
   3.9000000000000028E-002    11738.35333336021     
   3.9000000000000028E-002    11772.52666669118     
   3.9000000000000028E-002    11806.69333335549     
   3.9000000000000028E-002    11840.86000001979     
   3.9000000000000028E-002    11875.02666668410     
   3.9000000000000028E-002    11909.20000001507     
   3.9000000000000028E-002    11943.36666667938     
   3.9000000000000028E-002    11977.53333334368     
   3.9000000000000028E-002    12011.70000000799     
   3.9000000000000028E-002    12045.86000000562     
   3.9000000000000028E-002    12080.02666666993     
   3.9000000000000028E-002    12114.19333333423     
   3.9000000000000028E-002    12148.35999999854     
   3.8500000000000027E-002    158.3999999999209     
   3.8500000000000027E-002    194.4999999998881     
   3.8500000000000027E-002    230.7199999998551     
   3.8500000000000027E-002    267.0466666664888     
   3.8500000000000027E-002    303.4466666664557     
   3.8500000000000027E-002    339.9133333330892     
   3.8500000000000027E-002    376.4333333330559     
   3.8500000000000027E-002    412.9866666663560     
   3.8500000000000027E-002    449.5733333329894     
   3.8500000000000027E-002    486.1799999996228     
   3.8500000000000027E-002    522.8133333329229     
   3.8500000000000027E-002    559.4599999995562     
   3.8500000000000027E-002    596.1199999995229     
   3.8500000000000027E-002    632.7866666661562     
   3.8500000000000027E-002    669.4599999994562     
   3.8500000000000027E-002    706.1399999994228     
   3.8500000000000027E-002    742.8266666660561     
   3.8500000000000027E-002    779.5133333326894     
   3.8500000000000027E-002    816.1999999993227     
   3.8500000000000027E-002    852.8933333326227     
   3.8500000000000027E-002    889.5933333325893     
   3.8500000000000027E-002    926.2866666658892     
   3.8500000000000027E-002    962.9799999991892     
   3.8500000000000027E-002    999.6799999991558     
   3.8500000000000027E-002    1036.379999999122     
   3.8500000000000027E-002    1073.073333332422     
   3.8500000000000027E-002    1109.773333332389     
   3.8500000000000027E-002    1146.473333332356     
   3.8500000000000027E-002    1183.166666665656     
   3.8000000000000027E-002    173.9666666665734     
   3.8000000000000027E-002    213.0266666665379     
   3.8000000000000027E-002    252.2199999998356     
   3.8000000000000027E-002    291.5266666664665     
   3.8000000000000027E-002    330.9133333330973     
   3.8000000000000027E-002    370.3666666663948     
   3.8000000000000027E-002    409.8666666663589     
   3.8000000000000027E-002    449.4066666663229     
   3.8000000000000027E-002    488.9799999996202     
   3.8000000000000027E-002    528.5733333329176     
   3.8000000000000027E-002    568.1799999995483     
   3.8000000000000027E-002    607.8066666661789     
   3.8000000000000027E-002    647.4399999994762     
   3.8000000000000027E-002    687.0799999994401     
   3.8000000000000027E-002    726.7333333327374     
   3.8000000000000027E-002    766.3799999993680     
   3.8000000000000027E-002    806.0399999993319     
   3.8000000000000027E-002    845.6999999992959     
   3.8000000000000027E-002    885.3599999992598     
   3.8000000000000027E-002    925.0199999992237     
   3.8000000000000027E-002    964.6799999991877     
   3.8000000000000027E-002    1004.346666665818     
   3.8000000000000027E-002    1044.006666665782     
   3.8000000000000027E-002    1083.673333332413     
   3.8000000000000027E-002    1123.339999999043     
   3.7500000000000026E-002    197.9999999998849     
   3.7500000000000026E-002    240.6466666665128     
   3.7500000000000026E-002    283.4466666664738     
   3.7500000000000026E-002    326.3599999997681     
   3.7500000000000026E-002    369.3599999997290     
   3.7500000000000026E-002    412.4266666663565     
   3.7500000000000026E-002    455.5466666663173     
   3.7500000000000026E-002    498.6933333329447     
   3.7500000000000026E-002    541.8733333329055     
   3.7500000000000026E-002    585.0733333328662     
   3.7500000000000026E-002    628.2933333328269     
   3.7500000000000026E-002    671.5199999994543     
   3.7500000000000026E-002    714.7533333327483     
   3.7500000000000026E-002    757.9933333327090     
   3.7500000000000026E-002    801.2399999993363     
   3.7500000000000026E-002    844.4866666659636     
   3.7500000000000026E-002    887.7399999992576     
   3.7500000000000026E-002    930.9933333325516     
   3.7500000000000026E-002    974.2466666658456     
   3.7500000000000026E-002    1017.499999999140     
   3.7500000000000026E-002    1060.753333332434     
   3.7500000000000026E-002    1104.013333332394     
   3.7500000000000026E-002    1147.266666665688     
   3.7500000000000026E-002    1190.526666665649     
   3.7500000000000026E-002    1233.779999998943     
   3.7000000000000026E-002    194.3466666665549     
   3.7000000000000026E-002    241.3799999998454     
   3.7000000000000026E-002    288.6266666664691     
   3.7000000000000026E-002    336.0399999997593     
   3.7000000000000026E-002    383.5733333330494     
   3.7000000000000026E-002    431.1866666663395     
   3.7000000000000026E-002    478.8666666662961     
   3.7000000000000026E-002    526.5866666662528     
   3.7000000000000026E-002    574.3399999995427     
   3.7000000000000026E-002    622.1199999994992     
   3.7000000000000026E-002    669.9133333327891     
   3.7000000000000026E-002    717.7266666660789     
   3.7000000000000026E-002    765.5399999993688     
   3.7000000000000026E-002    813.3666666659919     
   3.7000000000000026E-002    861.1933333326151     
   3.7000000000000026E-002    909.0199999992383     
   3.7000000000000026E-002    956.8533333325281     
   3.7000000000000026E-002    1004.686666665818     
   3.7000000000000026E-002    1052.526666665774     
   3.7000000000000026E-002    1100.359999999064     
   3.7000000000000026E-002    1148.199999999021     
   3.7000000000000026E-002    1196.033333332311     
   3.7000000000000026E-002    1243.873333332267     
   3.7000000000000026E-002    1291.706666665557     
   3.7000000000000026E-002    1339.546666665513     
   3.6500000000000025E-002    228.1066666665242     
   3.6500000000000025E-002    281.3466666664758     
   3.6500000000000025E-002    334.8799999997604     
   3.6500000000000025E-002    388.6199999997115     
   3.6500000000000025E-002    442.5133333329958     
   3.6500000000000025E-002    496.5133333329467     
   3.6500000000000025E-002    550.5866666662309     
   3.6500000000000025E-002    604.7066666661817     
   3.6500000000000025E-002    658.8733333327991     
   3.6500000000000025E-002    713.0599999994165     
   3.6500000000000025E-002    767.2666666660339     
   3.6500000000000025E-002    821.4866666659846     
   3.6500000000000025E-002    875.7133333326019     
   3.6500000000000025E-002    929.9466666658859     
   3.6500000000000025E-002    984.1866666658366     
   3.6500000000000025E-002    1038.426666665787     
   3.6500000000000025E-002    1092.673333332405     
   3.6500000000000025E-002    1146.919999999022     
   3.6500000000000025E-002    1201.159999998973     
   3.6500000000000025E-002    1255.406666665590     
   3.6500000000000025E-002    1309.653333332207     
   3.6500000000000025E-002    1363.906666665491     
   3.6500000000000025E-002    1418.153333332109     
   3.6500000000000025E-002    1472.399999998726     
   3.6500000000000025E-002    1526.646666665343     
   3.6000000000000025E-002    231.0666666665215     
   3.6000000000000025E-002    294.0266666664642     
   3.6000000000000025E-002    357.7266666664063     
   3.6000000000000025E-002    421.9733333330145     
   3.6000000000000025E-002    486.6199999996224     
   3.6000000000000025E-002    551.5666666662300     
   3.6000000000000025E-002    616.7266666661708     
   3.6000000000000025E-002    682.0399999994447     
   3.6000000000000025E-002    747.4666666660519     
   3.6000000000000025E-002    812.9799999993256     
   3.6000000000000025E-002    878.5466666659327     
   3.6000000000000025E-002    944.1599999992063     
   3.6000000000000025E-002    1009.799999999147     
   3.6000000000000025E-002    1075.466666665754     
   3.6000000000000025E-002    1141.146666665694     
   3.6000000000000025E-002    1206.833333332301     
   3.6000000000000025E-002    1272.533333332241     
   3.6000000000000025E-002    1338.239999998848     
   3.6000000000000025E-002    1403.946666665455     
   3.6000000000000025E-002    1469.659999998728     
   3.6000000000000025E-002    1535.373333332002     
   3.6000000000000025E-002    1601.086666665276     
   3.6000000000000025E-002    1666.799999998549     
   3.6000000000000025E-002    1732.519999998489     
   3.6000000000000025E-002    1798.233333331763     
   3.6000000000000025E-002    1863.953333331703     
   3.6000000000000025E-002    1929.666666664977     
   3.6000000000000025E-002    1995.386666664917     
   3.6000000000000025E-002    2061.099999998190     
   3.5500000000000025E-002    312.6866666664473     
   3.5500000000000025E-002    416.2599999996864     
   3.5500000000000025E-002    561.8933333328873     
