  0.00000000   0.00000000   0.00000000   0.00000000     349.99666667       0
  0.00050000   0.01560000   0.00212021   0.00000000      33.33000000       0
  0.00100000   0.03120000   0.00423838   0.00000000      33.33000000       0
  0.00150000   0.04680000   0.00635663   0.00000000      33.33000000       0
  0.00200000   0.06240000   0.00847286   0.00000000      49.99666667       0
  0.00250000   0.07800000   0.01059117   0.00000000      66.66333333       0
  0.00300000   0.09360000   0.01270962   0.00000000      66.66333333       0
  0.00350000   0.10920000   0.01482820   0.00000000      66.66333333       0
  0.00400000   0.12480000   0.01694684   0.00000000      83.33000000       0
  0.00450000   0.14040000   0.01906567   0.00000000      83.33000000       0
  0.00500000   0.15600000   0.02118469   0.00000000      83.33000000       0
  0.00550000   0.17160000   0.02330379   0.00000000      99.99666667       0
  0.00600000   0.18720000   0.02542317   0.00000000      99.99666667       0
  0.00650000   0.20280000   0.02754279   0.00000000      99.99666667       0
  0.00700000   0.21840000   0.02966266   0.00000000      99.99666667       0
  0.00750000   0.23400000   0.03178265   0.00000000     116.66333333       0
  0.00800000   0.24960000   0.03390303   0.00000000     116.66333333       0
  0.00850000   0.26520000   0.03602372   0.00000000     116.66333333       0
  0.00900000   0.28080000   0.03814473   0.00000000     116.66333333       0
  0.00950000   0.29640000   0.04026608   0.00000000     116.66333333       0
  0.01000000   0.31200000   0.04238763   0.00000000     133.33000000       0
  0.01050000   0.32760000   0.04450969   0.00000000     133.33000000       0
  0.01100000   0.34320000   0.04663216   0.00000000     133.33000000       0
  0.01150000   0.35880000   0.04875505   0.00000000     133.33000000       0
  0.01200000   0.37440000   0.05087838   0.00000000     133.33000000       0
  0.01250000   0.39000000   0.05300217   0.00000000     133.33000000       0
  0.01300000   0.40560000   0.05512625   0.00000000     149.99666667       0
  0.01350000   0.42120000   0.05725099   0.00000000     149.99666667       0
  0.01400000   0.43680000   0.05937628   0.00000000     149.99666667       0
  0.01450000   0.45240000   0.06150212   0.00000000     149.99666667       0
  0.01500000   0.46800000   0.06362852   0.00000000     149.99666667       0
  0.01550000   0.48360000   0.06575552   0.00000000     149.99666667       0
  0.01600000   0.49920000   0.06788313   0.00000000     149.99666667       0
  0.01650000   0.51480000   0.07001113   0.00000000     166.66333333       0
  0.01700000   0.53040000   0.07214002   0.00000000     166.66333333       0
  0.01750000   0.54600000   0.07426960   0.00000000     166.66333333       0
  0.01800000   0.56160000   0.07639989   0.00000000     166.66333333       0
  0.01850000   0.57720000   0.07853093   0.00000000     166.66333333       0
  0.01900000   0.59280000   0.08066272   0.00000000     166.66333333       0
  0.01950000   0.60840000   0.08279530   0.00000000     166.66333333       0
  0.02000000   0.62400000   0.08492870   0.00000000     166.66333333       0
  0.02050000   0.63960000   0.08706263   0.00000000     183.33000000       0
  0.02100000   0.65520000   0.08919772   0.00000000     183.33000000       0
  0.02150000   0.67080000   0.09133371   0.00000000     183.33000000       0
  0.02200000   0.68640000   0.09347063   0.00000000     183.33000000       0
  0.02250000   0.70200000   0.09560851   0.00000000     183.33000000       0
  0.02300000   0.71760000   0.09774737   0.00000000     183.33000000       0
  0.02350000   0.73320000   0.09988726   0.00000000     183.33000000       0
  0.02400000   0.74880000   0.10202785   0.00000000     199.99666667       0
  0.02450000   0.76440000   0.10416984   0.00000000     199.99666667       0
  0.02500000   0.78000000   0.10631297   0.00000000     199.99666667       0
  0.02550000   0.79560000   0.10845725   0.00000000     199.99666667       0
  0.02600000   0.81120000   0.11060273   0.00000000     199.99666667       0
  0.02650000   0.82680000   0.11274943   0.00000000     199.99666667       0
  0.02700000   0.84240000   0.11489740   0.00000000     199.99666667       0
  0.02750000   0.85800000   0.11704627   0.00000000     216.66333333       0
  0.02800000   0.87360000   0.11919685   0.00000000     216.66333333       0
  0.02850000   0.88920000   0.12134884   0.00000000     216.66333333       0
  0.02900000   0.90480000   0.12350227   0.00000000     216.66333333       0
  0.02950000   0.92040000   0.12565718   0.00000000     216.66333333       0
  0.03000000   0.93600000   0.12781319   0.00000000     233.33000000       0
  0.03050000   0.95160000   0.12997116   0.00000000     233.33000000       0
  0.03100000   0.96720000   0.13213077   0.00000000     233.33000000       0
  0.03150000   0.98280000   0.13429207   0.00000000     233.33000000       0
  0.03200000   0.99840000   0.13645511   0.00000000     233.33000000       0
  0.03250000   1.01400000   0.13861948   0.00000000     249.99666667       0
  0.03300000   1.02960000   0.14078613   0.00000000     249.99666667       0
  0.03350000   1.04520000   0.14295471   0.00000000     249.99666667       0
  0.03400000   1.06080000   0.14512529   0.00000000     249.99666667       0
  0.03450000   1.07640000   0.14729744   0.00000000     266.66333333       0
  0.03500000   1.09200000   0.14947216   0.00000000     266.66333333       0
  0.03550000   1.10760000   0.15164912   0.00000000     266.66333333       0
  0.03600000   1.12320000   0.15382837   0.00000000     266.66333333       0
  0.03650000   1.13880000   0.15600949   0.00000000     283.33000000       0
  0.03700000   1.15440000   0.15819356   0.00000000     283.33000000       0
  0.03750000   1.17000000   0.16038023   0.00000000     283.33000000       0
  0.03800000   1.18560000   0.16256905   0.00000000     299.99666667       0
  0.03850000   1.20120000   0.16476117   0.00000000     299.99666667       0
  0.03900000   1.21680000   0.16695570   0.00000000     316.66333333       0
  0.03950000   1.23240000   0.16915377   0.00000000     316.66333333       0
  0.04000000   1.24800000   0.17135455   0.00000000     333.33000000       0
  0.04050000   1.26360000   0.17355918   0.00000000     333.33000000       0
  0.04100000   1.27920000   0.17576683   0.00000000     349.99666667       0
  0.04150000   1.29480000   0.17797872   0.00000000     349.99666667       0
  0.04200000   1.31040000   0.18019401   0.00000000     366.66333333       0
  0.04250000   1.32600000   0.18241349   0.00000000     383.33000000       0
  0.04300000   1.34160000   0.18463741   0.00000000     399.99666667       0
  0.04350000   1.35720000   0.18686610   0.00000000     416.66333333       0
  0.04400000   1.37280000   0.18909992   0.00000000     433.33000000       0
  0.04450000   1.38840000   0.19133930   0.00000000     449.99666667       0
  0.04500000   1.40400000   0.19358426   0.00000000     483.33000000       0
  0.04550000   1.41960000   0.19583593   0.00000000     516.66333333       0
  0.04600000   1.43520000   0.19809514   0.00000000     549.99666667       0
  0.04650000   1.45080000   0.20036252   0.00000000     599.99666667       0
  0.04700000   1.46640000   0.20263965   0.00000000     666.66333333       0
  0.04750000   1.48200000   0.20492894   0.00000000     749.99666667       0
  0.04800000   1.49760000   0.20723370   0.00000000     899.99666667       0
  0.04850000   1.51320000   0.20956291   0.00000000    1216.66333333       0
  0.04900000   1.52880000   0.49763634   0.00050797      -0.00333333      64
  0.04950000   1.54440000   0.51229358   0.00057298      -0.00333333      68
  0.05000000   1.56000000   0.52830862   0.00064700      -0.00333333      76
  0.05050000   1.57560000   0.54625665   0.00073102      -0.00333333      92
  0.05100000   1.59120000   0.56700580   0.00082894      -0.00333333     112
  0.05150000   1.60680000   0.59176805   0.00095004      -0.00333333     140
  0.05200000   1.62240000   0.62128086   0.00113563      -0.00333333     164
  0.05250000   1.63800000   0.65393653   0.00130071      -0.00333333     176
  0.05300000   1.65360000   0.68642735   0.00131311      -0.00333333     172
  0.05350000   1.66920000   0.71701438   0.00132553      -0.00333333     164
  0.05400000   1.68480000   0.74571540   0.00133796      -0.00333333     157
  0.05450000   1.70040000   0.77291905   0.00135034      -0.00333333     156
  0.05500000   1.71600000   0.79890686   0.00136276      -0.00333333     152
  0.05550000   1.73160000   0.82390929   0.00137514      -0.00333333     153
  0.05600000   1.74720000   0.84805925   0.00138753      -0.00333333     153
  0.05650000   1.76280000   0.87146529   0.00139992      -0.00333333     153
  0.05700000   1.77840000   0.89420230   0.00141234      -0.00333333     149
  0.05750000   1.79400000   0.91635298   0.00142473      -0.00333333     148
  0.05800000   1.80960000   0.93796700   0.00143712      -0.00333333     149
  0.05850000   1.82520000   0.95909529   0.00144952      -0.00333333     148
  0.05900000   1.84080000   0.97978163   0.00146191      -0.00333333     148
  0.05950000   1.85640000   1.00006079   0.00147431      -0.00333333     148
  0.06000000   1.87200000   1.01996225   0.00148674      -0.00333333     145
  0.06050000   1.88760000   1.03952953   0.00149913      -0.00333333     145
  0.06100000   1.90320000   1.05878318   0.00151152      -0.00333333     145
  0.06150000   1.91880000   1.07774691   0.00152389      -0.00333333     145
  0.06200000   1.93440000   1.09643348   0.00153631      -0.00333333     141
  0.06250000   1.95000000   1.11487162   0.00154870      -0.00333333     136
  0.06300000   1.96560000   1.13307698   0.00156109      -0.00333333     132
  0.06350000   1.98120000   1.15106503   0.00157348      -0.00333333     128
  0.06400000   1.99680000   1.16885019   0.00158586      -0.00333333     126
  0.06450000   2.01240000   1.18643610   0.00159828      -0.00333333     118
  0.06500000   2.02800000   1.20385000   0.00161067      -0.00333333     113
  0.06550000   2.04360000   1.22109774   0.00162304      -0.00333333     110
  0.06600000   2.05920000   1.23817953   0.00163546      -0.00333333     101
  0.06650000   2.07480000   1.25512057   0.00164783      -0.00333333      97
  0.06700000   2.09040000   1.27192041   0.00166021      -0.00333333      94
  0.06750000   2.10600000   1.28858056   0.00167263      -0.00333333      84
  0.06800000   2.12160000   1.30512441   0.00168500      -0.00333333      80
  0.06850000   2.13720000   1.32154086   0.00169742      -0.00333333      73
  0.06900000   2.15280000   1.33785328   0.00170980      -0.00333333      70
  0.06950000   2.16840000   1.35405273   0.00172221      -0.00333333      62
  0.07000000   2.18400000   1.37016235   0.00173458      -0.00333333      57
  0.07050000   2.19960000   1.38616551   0.00174700      -0.00333333      50
  0.07100000   2.21520000   1.40208916   0.00175936      -0.00333333      45
  0.07150000   2.23080000   1.41791830   0.00177177      -0.00333333      37
  0.07200000   2.24640000   1.43366815   0.00178417      -0.00333333      31
  0.07250000   2.26200000   1.44934766   0.00179654      -0.00333333      25
  0.07300000   2.27760000   1.46494502   0.00180895      -0.00333333      17
  0.07350000   2.29320000   1.48048382   0.00182131      -0.00333333      14
  0.07400000   2.30880000   1.49596313   0.00183364      -0.00333333      14
  0.07450000   2.32440000   1.51137687   0.00184598      -0.00333333      14
  0.07500000   2.34000000   1.52672986   0.00185833      -0.00333333      14
  0.07550000   2.35560000   1.54202503   0.00187069      -0.00333333      14
  0.07600000   2.37120000   1.55726529   0.00188305      -0.00333333      14
  0.07650000   2.38680000   1.57245351   0.00189542      -0.00333333      14
  0.07700000   2.40240000   1.58759310   0.00190778      -0.00333333      13
  0.07750000   2.41800000   1.60268595   0.00192016      -0.00333333      12
  0.07800000   2.43360000   1.61773517   0.00193253      -0.00333333      15
  0.07850000   2.44920000   1.63274296   0.00194491      -0.00333333      14
  0.07900000   2.46480000   1.64771189   0.00195729      -0.00333333      13
  0.07950000   2.48040000   1.66264455   0.00196967      -0.00333333      14
  0.08000000   2.49600000   1.67754274   0.00198206      -0.00333333      13
  0.08050000   2.51160000   1.69240908   0.00199444      -0.00333333      14
  0.08100000   2.52720000   1.70724563   0.00200683      -0.00333333      12
  0.08150000   2.54280000   1.72205481   0.00201921      -0.00333333      12
  0.08200000   2.55840000   1.73683850   0.00203160      -0.00333333      13
  0.08250000   2.57400000   1.75159911   0.00204399      -0.00333333      13
  0.08300000   2.58960000   1.76633859   0.00205638      -0.00333333      13
  0.08350000   2.60520000   1.78105941   0.00206877      -0.00333333      12
  0.08400000   2.62080000   1.79576369   0.00208116      -0.00333333      14
  0.08450000   2.63640000   1.81029192   0.00208116     749.99666667       0
  0.08500000   2.65200000   1.82497503   0.00208116     783.33000000       0
  0.08550000   2.66760000   1.83971854   0.00208116     966.66333333       0
  0.08600000   2.68320000   1.85446220   0.00213072      -0.00333333      13
  0.08650000   2.69880000   1.86911976   0.00214311      -0.00333333      13
  0.08700000   2.71440000   1.88377594   0.00215550      -0.00333333      14
  0.08750000   2.73000000   1.89843373   0.00216789      -0.00333333      14
  0.08800000   2.74560000   1.91309641   0.00218028      -0.00333333      15
  0.08850000   2.76120000   1.92776757   0.00219258      -0.00333333      12
  0.08900000   2.77680000   1.94245108   0.00220506      -0.00333333      14
  0.08950000   2.79240000   1.95715126   0.00221745      -0.00333333      15
  0.09000000   2.80800000   1.97187293   0.00222985      -0.00333333      12
  0.09050000   2.82360000   1.98662159   0.00224224      -0.00333333      15
  0.09100000   2.83920000   2.00140353   0.00225463      -0.00333333      15
  0.09150000   2.85480000   2.01622609   0.00226702      -0.00333333      14
  0.09200000   2.87040000   2.03109788   0.00227941      -0.00333333      13
  0.09250000   2.88600000   2.04602928   0.00229181      -0.00333333      12
  0.09300000   2.90160000   2.06103296   0.00230420      -0.00333333      13
  0.09350000   2.91720000   2.07612471   0.00231659      -0.00333333      14
  0.09400000   2.93280000   2.09132486   0.00232898      -0.00333333      12
  0.09450000   2.94840000   2.10666013   0.00234138      -0.00333333      12
  0.09500000   2.96400000   2.12189427   0.00234138    1349.99666667       0
  0.09550000   2.97960000   2.13760478   0.00234138    1499.99666667       0
  0.09600000   2.99520000   2.15359428   0.00234138    1616.66333333       0
  0.09650000   3.01080000   2.17003040   0.00234138    1833.33000000       0
  0.09700000   3.02640000   2.18715420   0.00234138    2183.33000001       0
  0.09750000   3.04200000   2.20561165   0.00234138    2883.33000005       0
  0.09800000   3.05760000   2.23037086   0.00234138    7783.32999988       0
  0.09850000   3.07320000   2.36400000   0.00234138    4383.33000012       0
