   2.4000000000000018E-002    2110.958333338378     
   2.4000000000000018E-002    2145.187500004546     
   2.4000000000000018E-002    2178.343750004064     
   2.4000000000000018E-002    2210.625000003594     
   2.4000000000000018E-002    2242.156250003135     
   2.4000000000000018E-002    2273.031250002686     
   2.4000000000000018E-002    2303.322916668912     
   2.4000000000000018E-002    2333.093750001812     
   2.4000000000000018E-002    2362.375000001386     
   2.4000000000000018E-002    2391.218750000966     
   2.4000000000000018E-002    2419.656250000552     
   2.4000000000000018E-002    2447.718750000144     
   2.4000000000000018E-002    2475.427083333074     
   2.4000000000000018E-002    2502.802083332675     
   2.4000000000000018E-002    2529.874999998948     
   2.4000000000000018E-002    2556.656249998558     
   2.4000000000000018E-002    2583.166666664839     
   2.4000000000000018E-002    2609.406249997791     
   2.4000000000000018E-002    2635.406249997412     
   2.4000000000000018E-002    2661.187499997037     
   2.4000000000000018E-002    2686.749999996665     
   2.4000000000000018E-002    2712.114583329630     
   2.4000000000000018E-002    2737.281249995930     
   2.4000000000000018E-002    2762.270833328900     
   2.4000000000000018E-002    2787.093749995205     
   2.4000000000000018E-002    2811.749999994846     
   2.4000000000000018E-002    2836.249999994490     
   2.4000000000000018E-002    2860.604166660802     
   2.4000000000000018E-002    2884.822916660450     
   2.4000000000000018E-002    2908.906249993433     
   2.4000000000000018E-002    2932.874999993084     
   2.4000000000000018E-002    2956.708333326070     
   2.4000000000000018E-002    2980.437499992392     
   2.4000000000000018E-002    3004.062499992048     
   2.4000000000000018E-002    3027.572916658372     
   2.4000000000000018E-002    3050.989583324698     
   2.4000000000000018E-002    3074.312499991026     
   2.4000000000000018E-002    3097.552083324021     
   2.4000000000000018E-002    3120.697916657017     
   2.4000000000000018E-002    3143.770833323348     
   2.4000000000000018E-002    3166.760416656347     
   2.4000000000000018E-002    3189.677083322680     
   2.4000000000000018E-002    3212.520833322348     
   2.4000000000000018E-002    3235.302083322016     
   2.4000000000000018E-002    3258.010416655019     
   2.4000000000000018E-002    3280.666666654689     
   2.4000000000000018E-002    3303.249999987694     
   2.4000000000000018E-002    3325.781249987366     
   2.4000000000000018E-002    3348.260416653706     
   2.4000000000000018E-002    3370.687499986713     
   2.4000000000000018E-002    3393.062499986387     
   2.4000000000000018E-002    3415.395833319395     
   2.4000000000000018E-002    3437.677083319071     
   2.4000000000000018E-002    3459.916666652081     
   2.4000000000000018E-002    3482.104166651758     
   2.4000000000000018E-002    3504.260416651436     
   2.4000000000000018E-002    3526.374999984447     
   2.4000000000000018E-002    3548.447916650793     
   2.4000000000000018E-002    3570.489583317139     
   2.4000000000000018E-002    3592.499999983485     
   2.4000000000000018E-002    3614.468749983165     
   2.4000000000000018E-002    3636.416666649513     
   2.4000000000000018E-002    3658.322916649194     
   2.4000000000000018E-002    3680.197916648875     
   2.4000000000000018E-002    3702.052083315224     
   2.4000000000000018E-002    3723.874999981573     
   2.4000000000000018E-002    3745.677083314589     
   2.4000000000000018E-002    3767.447916647606     
   2.4000000000000018E-002    3789.197916647289     
   2.4000000000000018E-002    3810.916666646973     
   2.4000000000000018E-002    3832.614583313324     
   2.4000000000000018E-002    3854.302083313009     
   2.4000000000000018E-002    3875.958333312693     
   2.4000000000000018E-002    3897.593749979045     
   2.4000000000000018E-002    3919.218749978731     
   2.4000000000000018E-002    3940.812499978416     
   2.4000000000000018E-002    3962.395833311436     
   2.4000000000000018E-002    3983.958333311122     
   2.4000000000000018E-002    4005.510416644142     
   2.4000000000000018E-002    4027.041666643828     
   2.4000000000000018E-002    4048.562499976848     
   2.4000000000000018E-002    4070.062499976535     
   2.4000000000000018E-002    4091.541666642890     
   2.4000000000000018E-002    4113.020833309986     
   2.4000000000000018E-002    4134.479166643944     
   2.4000000000000018E-002    4155.927083311235     
   2.4000000000000018E-002    4177.364583311859     
   2.4000000000000018E-002    4198.781249979149     
   2.4000000000000018E-002    4220.187499979772     
   2.4000000000000018E-002    4241.593749980395     
   2.4000000000000018E-002    4262.979166647684     
   2.4000000000000018E-002    4284.354166648306     
   2.4000000000000018E-002    4305.729166648928     
   2.4000000000000018E-002    4327.083333316216     
   2.4000000000000018E-002    4348.437499983504     
   2.4000000000000018E-002    4369.770833317459     
   2.4000000000000018E-002    4391.104166651413     
   2.4000000000000018E-002    4412.427083318700     
   2.4000000000000018E-002    4433.739583319320     
   2.4000000000000018E-002    4455.052083319941     
   2.4000000000000018E-002    4476.354166653894     
   2.4000000000000018E-002    4497.645833321180     
   2.4000000000000018E-002    4518.927083321800     
   2.4000000000000018E-002    4540.208333322419     
   2.4000000000000018E-002    4561.479166656371     
   2.4000000000000018E-002    4582.739583323657     
   2.4000000000000018E-002    4603.999999990942     
   2.4000000000000018E-002    4625.260416658228     
   2.4000000000000018E-002    4646.510416658846     
   2.4000000000000018E-002    4667.749999992798     
   2.4000000000000018E-002    4688.989583326749     
   2.4000000000000018E-002    4710.218749994034     
   2.4000000000000018E-002    4731.447916661318     
   2.4000000000000018E-002    4752.666666661936     
   2.4000000000000018E-002    4773.885416662553     
   2.4000000000000018E-002    4795.104166663171     
   2.4000000000000018E-002    4816.312499997121     
   2.4000000000000018E-002    4837.510416664405     
   2.4000000000000018E-002    4858.718749998356     
   2.4000000000000018E-002    4879.916666665639     
   2.4000000000000018E-002    4901.104166666256     
   2.4000000000000018E-002    4922.291666666873     
   2.4000000000000018E-002    4943.479166667489     
   2.4000000000000018E-002    4964.666666668106     
   2.4000000000000018E-002    4985.843750002055     
   2.4000000000000018E-002    5007.020833336005     
   2.4000000000000018E-002    5028.197916669955     
   2.4000000000000018E-002    5049.364583337237     
   2.4000000000000018E-002    5070.531250004520     
   2.4000000000000018E-002    5091.697916671803     
   2.4000000000000018E-002    5112.864583339086     
   2.4000000000000018E-002    5134.020833339701     
   2.4000000000000018E-002    5155.177083340317     
   2.4000000000000018E-002    5176.333333340933     
   2.4000000000000018E-002    5197.489583341548     
   2.4000000000000018E-002    5218.645833342164     
   2.4000000000000018E-002    5239.791666676113     
   2.4000000000000018E-002    5260.937500010062     
   2.4000000000000018E-002    5282.083333344010     
   2.4000000000000018E-002    5303.229166677959     
   2.4000000000000018E-002    5324.364583345241     
   2.4000000000000018E-002    5345.510416679190     
   2.4000000000000018E-002    5366.645833346472     
   2.4000000000000018E-002    5387.781250013753     
   2.4000000000000018E-002    5408.916666681035     
   2.4000000000000018E-002    5430.041666681650     
   2.4000000000000018E-002    5451.177083348932     
   2.4000000000000018E-002    5472.302083349547     
   2.4000000000000018E-002    5493.437500016828     
   2.4000000000000018E-002    5514.562500017443     
   2.4000000000000018E-002    5535.687500018058     
   2.4000000000000018E-002    5556.812500018673     
   2.4000000000000018E-002    5577.937500019288     
   2.4000000000000018E-002    5599.062500019902     
   2.4000000000000018E-002    5620.177083353850     
   2.4000000000000018E-002    5641.302083354465     
   2.4000000000000018E-002    5662.416666688413     
   2.4000000000000018E-002    5683.531250022361     
   2.4000000000000018E-002    5704.656250022976     
   2.4000000000000018E-002    5725.770833356924     
   2.4000000000000018E-002    5746.885416690871     
   2.4000000000000018E-002    5768.000000024819     
   2.4000000000000018E-002    5789.114583358767     
   2.4000000000000018E-002    5810.218750026048     
   2.4000000000000018E-002    5831.333333359996     
   2.4000000000000018E-002    5852.447916693944     
   2.4000000000000018E-002    5873.552083361225     
   2.4000000000000018E-002    5894.666666695172     
   2.4000000000000018E-002    5915.770833362453     
   2.4000000000000018E-002    5936.875000029734     
   2.4000000000000018E-002    5957.989583363682     
   2.4000000000000018E-002    5979.093750030963     
   2.4000000000000018E-002    6000.197916698244     
   2.4000000000000018E-002    6021.302083365525     
   2.4000000000000018E-002    6042.406250032805     
   2.4000000000000018E-002    6063.510416700086     
   2.4000000000000018E-002    6084.614583367367     
   2.4000000000000018E-002    6105.718750034648     
   2.4000000000000018E-002    6126.822916701929     
   2.4000000000000018E-002    6147.927083369210     
   2.4000000000000018E-002    6169.031250036491     
   2.4000000000000018E-002    6190.125000037105     
   2.4000000000000018E-002    6211.229166704386     
   2.4000000000000018E-002    6232.333333371666     
   2.4000000000000018E-002    6253.427083372280     
   2.4000000000000018E-002    6274.531250039561     
   2.4000000000000018E-002    6295.625000040175     
   2.4000000000000018E-002    6316.729166707456     
   2.4000000000000018E-002    6337.822916708070     
   2.4000000000000018E-002    6358.927083375351     
   2.4000000000000018E-002    6380.020833375965     
   2.4000000000000018E-002    6401.114583376579     
   2.4000000000000018E-002    6422.218750043859     
   2.4000000000000018E-002    6443.312500044473     
   2.4000000000000018E-002    6464.406250045087     
   2.4000000000000018E-002    6485.510416712368     
   2.4000000000000018E-002    6506.604166712982     
   2.4000000000000018E-002    6527.697916713596     
   2.4000000000000018E-002    6548.791666714210     
   2.4000000000000018E-002    6569.885416714824     
   2.4000000000000018E-002    6590.989583382105     
   2.4000000000000018E-002    6612.083333382719     
   2.4000000000000018E-002    6633.177083383333     
   2.4000000000000018E-002    6654.270833383946     
   2.4000000000000018E-002    6675.364583384560     
   2.4000000000000018E-002    6696.458333385174     
   2.4000000000000018E-002    6717.552083385788     
   2.4000000000000018E-002    6738.645833386402     
   2.4000000000000018E-002    6759.739583387016     
   2.4000000000000018E-002    6780.833333387630     
   2.4000000000000018E-002    6801.927083388244     
   2.4000000000000018E-002    6823.020833388858     
   2.4000000000000018E-002    6844.114583389472     
   2.4000000000000018E-002    6865.208333390085     
   2.4500000000000018E-002    114.1354166666836     
   2.4500000000000018E-002    134.3437500000175     
   2.4500000000000018E-002    154.4895833333325     
   2.4500000000000018E-002    174.5624999999809     
   2.4500000000000018E-002    194.5833333332961     
   2.4500000000000018E-002    214.5312499999446     
   2.4500000000000018E-002    234.4270833332598     
   2.4500000000000018E-002    254.2604166665751     
   2.4500000000000018E-002    274.0416666666063     
   2.4500000000000018E-002    293.7812499999756     
   2.4500000000000018E-002    313.4583333333447     
   2.4500000000000018E-002    333.1041666667138     
   2.4500000000000018E-002    352.6875000000827     
   2.4500000000000018E-002    372.2395833334516     
   2.4500000000000018E-002    391.7500000001538     
   2.4500000000000018E-002    411.2187500001892     
   2.4500000000000018E-002    430.6458333335578     
   2.4500000000000018E-002    450.0312500002598     
   2.4500000000000018E-002    469.3958333336283     
   2.4500000000000018E-002    488.7187500003301     
   2.4500000000000018E-002    508.0104166670319     
   2.4500000000000018E-002    527.2708333336502     
   2.4500000000000018E-002    546.5104166669136     
   2.4500000000000018E-002    565.7083333335104     
   2.4500000000000018E-002    584.8854166667739     
   2.4500000000000018E-002    604.0312500000376     
   2.4500000000000018E-002    623.1666666666347     
   2.4500000000000018E-002    642.2604166665652     
   2.4500000000000018E-002    661.3437499998291     
   2.4500000000000018E-002    680.3958333330932     
   2.4500000000000018E-002    699.4270833330239     
   2.4500000000000018E-002    718.4479166662881     
   2.4500000000000018E-002    737.4374999995523     
   2.4500000000000018E-002    756.4166666661499     
   2.4500000000000018E-002    775.3645833327477     
   2.4500000000000018E-002    794.3020833326788     
   2.4500000000000018E-002    813.2291666659432     
   2.4500000000000018E-002    832.1354166658745     
   2.4500000000000018E-002    851.0208333324724     
   2.4500000000000018E-002    869.8958333324038     
   2.4500000000000018E-002    888.7604166656685     
   2.4500000000000018E-002    907.6041666655999     
   2.4500000000000018E-002    926.4374999988647     
   2.4500000000000018E-002    945.2499999987963     
   2.4500000000000018E-002    964.0624999987278     
   2.4500000000000018E-002    982.8541666653261     
   2.4500000000000018E-002    1001.635416665258     
   2.4500000000000018E-002    1020.416666665189     
   2.4500000000000018E-002    1039.177083331954     
   2.4500000000000018E-002    1057.927083332090     
   2.4500000000000018E-002    1076.666666665560     
   2.4500000000000018E-002    1095.395833332363     
   2.4500000000000018E-002    1114.114583332499     
   2.4500000000000018E-002    1132.833333332635     
   2.4500000000000018E-002    1151.531249999438     
   2.4500000000000018E-002    1170.229166666240     
   2.4500000000000018E-002    1188.916666666376     
   2.4500000000000018E-002    1207.604166666512     
   2.4500000000000018E-002    1226.270833333315     
   2.4500000000000018E-002    1244.937500000117     
   2.4500000000000018E-002    1263.593750000253     
   2.4500000000000018E-002    1282.250000000389     
   2.4500000000000018E-002    1300.895833333858     
   2.4500000000000018E-002    1319.531250000660     
   2.4500000000000018E-002    1338.166666667462     
   2.4500000000000018E-002    1356.791666667598     
   2.4500000000000018E-002    1375.416666667733     
   2.4500000000000018E-002    1394.031250001202     
   2.4500000000000018E-002    1412.645833334671     
   2.4500000000000018E-002    1431.250000001473     
   2.4500000000000018E-002    1449.854166668275     
   2.4500000000000018E-002    1468.447916668410     
   2.4500000000000018E-002    1487.041666668546     
   2.4500000000000018E-002    1505.635416668681     
   2.4500000000000018E-002    1524.218750002149     
   2.4500000000000018E-002    1542.791666668951     
   2.4500000000000018E-002    1561.375000002420     
   2.4500000000000018E-002    1579.947916669222     
   2.4500000000000018E-002    1598.510416669357     
   2.4500000000000018E-002    1617.083333336158     
   2.4500000000000018E-002    1635.635416669627     
   2.4500000000000018E-002    1654.197916669762     
   2.4500000000000018E-002    1672.750000003230     
   2.4500000000000018E-002    1691.302083336698     
   2.4500000000000018E-002    1709.854166670167     
   2.4500000000000018E-002    1728.406250003635     
   2.4500000000000018E-002    1746.947916670437     
   2.4500000000000018E-002    1765.489583337238     
   2.4500000000000018E-002    1784.031250004040     
   2.4500000000000018E-002    1802.562500004175     
   2.4500000000000018E-002    1821.093750004309     
   2.4500000000000018E-002    1839.625000004444     
   2.4500000000000018E-002    1858.156250004579     
   2.4500000000000018E-002    1876.687500004714     
   2.4500000000000018E-002    1895.208333338182     
   2.4500000000000018E-002    1913.729166671650     
   2.4500000000000018E-002    1932.250000005118     
   2.4500000000000018E-002    1950.770833338586     
   2.4500000000000018E-002    1969.291666672054     
   2.4500000000000018E-002    1987.802083338856     
   2.4500000000000018E-002    2006.322916672324     
   2.4500000000000018E-002    2024.833333339125     
   2.4500000000000018E-002    2043.343750005926     
   2.4500000000000018E-002    2061.854166672425     
   2.4500000000000018E-002    2080.364583338823     
   2.4500000000000018E-002    2098.864583338554     
   2.4500000000000018E-002    2117.375000004951     
   2.4500000000000018E-002    2135.875000004682     
   2.4500000000000018E-002    2154.385416671079     
   2.4500000000000018E-002    2172.885416670810     
   2.4500000000000018E-002    2191.385416670541     
   2.4500000000000018E-002    2209.885416670271     
   2.4500000000000018E-002    2228.385416670002     
   2.4500000000000018E-002    2246.875000003066     
   2.4500000000000018E-002    2265.375000002797     
   2.4500000000000018E-002    2283.864583335861     
   2.4500000000000018E-002    2302.364583335592     
   2.4500000000000018E-002    2320.854166668656     
   2.4500000000000018E-002    2339.343750001721     
   2.4500000000000018E-002    2357.843750001452     
   2.4500000000000018E-002    2376.333333334516     
   2.4500000000000018E-002    2394.822916667580     
   2.4500000000000018E-002    2413.312500000644     
   2.4500000000000018E-002    2431.802083333709     
   2.4500000000000018E-002    2450.281250000106     
   2.4500000000000018E-002    2468.770833333171     
   2.4500000000000018E-002    2487.260416666235     
   2.4500000000000018E-002    2505.739583332633     
   2.4500000000000018E-002    2524.229166665697     
   2.4500000000000018E-002    2542.708333332095     
   2.4500000000000018E-002    2561.197916665159     
   2.4500000000000018E-002    2579.677083331557     
   2.4500000000000018E-002    2598.166666664621     
   2.4500000000000018E-002    2616.645833331019     
   2.4500000000000018E-002    2635.124999997417     
   2.4500000000000018E-002    2653.604166663814     
   2.4500000000000018E-002    2672.083333330212     
   2.4500000000000018E-002    2690.572916663276     
   2.4500000000000018E-002    2709.052083329674     
   2.4500000000000018E-002    2727.531249996072     
   2.4500000000000018E-002    2746.010416662470     
   2.4500000000000018E-002    2764.489583328867     
   2.4500000000000018E-002    2782.958333328599     
   2.4500000000000018E-002    2801.437499994996     
   2.4500000000000018E-002    2819.916666661394     
   2.4500000000000018E-002    2838.395833327792     
   2.4500000000000018E-002    2856.874999994190     
   2.4500000000000018E-002    2875.343749993921     
   2.4500000000000018E-002    2893.822916660319     
   2.4500000000000018E-002    2912.302083326716     
   2.4500000000000018E-002    2930.770833326448     
   2.4500000000000018E-002    2949.249999992845     
   2.4500000000000018E-002    2967.729166659243     
   2.4500000000000018E-002    2986.197916658974     
   2.4500000000000018E-002    3004.677083325372     
   2.4500000000000018E-002    3023.145833325103     
   2.4500000000000018E-002    3041.624999991501     
   2.4500000000000018E-002    3060.093749991232     
   2.4500000000000018E-002    3078.572916657630     
   2.4500000000000018E-002    3097.041666657361     
   2.4500000000000018E-002    3115.520833323759     
   2.4500000000000018E-002    3133.989583323490     
   2.4500000000000018E-002    3152.458333323222     
   2.4500000000000018E-002    3170.937499989619     
   2.4500000000000018E-002    3189.406249989351     
   2.4500000000000018E-002    3207.874999989082     
   2.4500000000000018E-002    3226.354166655480     
   2.4500000000000018E-002    3244.822916655211     
   2.4500000000000018E-002    3263.291666654942     
   2.4500000000000018E-002    3281.760416654673     
   2.4500000000000018E-002    3300.239583321071     
   2.4500000000000018E-002    3318.708333320802     
   2.4500000000000018E-002    3337.177083320534     
   2.4500000000000018E-002    3355.645833320265     
   2.4500000000000018E-002    3374.124999986663     
   2.4500000000000018E-002    3392.593749986394     
   2.4500000000000018E-002    3411.062499986125     
   2.4500000000000018E-002    3429.531249985856     
   2.5000000000000019E-002    119.2916666666860     
   2.5000000000000019E-002    137.0312500000151     
   2.5000000000000019E-002    154.7395833333323     
   2.5000000000000019E-002    172.3958333333162     
   2.5000000000000019E-002    190.0208333333002     
   2.5000000000000019E-002    207.6041666666175     
   2.5000000000000019E-002    225.1562499999349     
   2.5000000000000019E-002    242.6666666665857     
   2.5000000000000019E-002    260.1458333332477     
   2.5000000000000019E-002    277.5937499999461     
   2.5000000000000019E-002    295.0104166666445     
   2.5000000000000019E-002    312.3958333333428     
   2.5000000000000019E-002    329.7604166667077     
   2.5000000000000019E-002    347.0833333334058     
   2.5000000000000019E-002    364.3958333334373     
   2.5000000000000019E-002    381.6770833334688     
   2.5000000000000019E-002    398.9270833335001     
   2.5000000000000019E-002    416.1666666668648     
   2.5000000000000019E-002    433.3750000002295     
   2.5000000000000019E-002    450.5729166669274     
   2.5000000000000019E-002    467.7395833336253     
   2.5000000000000019E-002    484.8958333336565     
   2.5000000000000019E-002    502.0208333336877     
   2.5000000000000019E-002    519.1458333336798     
   2.5000000000000019E-002    536.2395833336176     
   2.5000000000000019E-002    553.3229166668888     
   2.5000000000000019E-002    570.3854166668267     
   2.5000000000000019E-002    587.4375000000980     
   2.5000000000000019E-002    604.4687500000360     
   2.5000000000000019E-002    621.4895833333075     
   2.5000000000000019E-002    638.4999999999122     
   2.5000000000000019E-002    655.4999999998504     
   2.5000000000000019E-002    672.4791666664553     
   2.5000000000000019E-002    689.4479166663936     
   2.5000000000000019E-002    706.4062499996652     
   2.5000000000000019E-002    723.3541666662702     
   2.5000000000000019E-002    740.2916666662086     
   2.5000000000000019E-002    757.2187499994803     
   2.5000000000000019E-002    774.1354166660855     
   2.5000000000000019E-002    791.0416666660240     
   2.5000000000000019E-002    807.9374999992958     
   2.5000000000000019E-002    824.8333333325677     
   2.5000000000000019E-002    841.7083333325063     
   2.5000000000000019E-002    858.5833333324449     
   2.5000000000000019E-002    875.4479166657169     
   2.5000000000000019E-002    892.3020833323222     
   2.5000000000000019E-002    909.1562499989276     
   2.5000000000000019E-002    925.9895833321997     
   2.5000000000000019E-002    942.8229166654718     
   2.5000000000000019E-002    959.6562499987439     
   2.5000000000000019E-002    976.4791666653493     
   2.5000000000000019E-002    993.2916666652882     
   2.5000000000000019E-002    1010.104166665227     
   2.5000000000000019E-002    1026.906249998531     
   2.5000000000000019E-002    1043.708333331987     
   2.5000000000000019E-002    1060.499999998775     
   2.5000000000000019E-002    1077.291666665564     
   2.5000000000000019E-002    1094.072916665686     
   2.5000000000000019E-002    1110.854166665808     
   2.5000000000000019E-002    1127.624999999264     
   2.5000000000000019E-002    1144.395833332719     
   2.5000000000000019E-002    1161.156249999508     
   2.5000000000000019E-002    1177.927083332963     
   2.5000000000000019E-002    1194.677083333085     
   2.5000000000000019E-002    1211.437499999874     
   2.5000000000000019E-002    1228.187499999995     
   2.5000000000000019E-002    1244.927083333451     
   2.5000000000000019E-002    1261.666666666906     
   2.5000000000000019E-002    1278.406250000361     
   2.5000000000000019E-002    1295.145833333816     
   2.5000000000000019E-002    1311.885416667271     
   2.5000000000000019E-002    1328.614583334059     
   2.5000000000000019E-002    1345.343750000848     
   2.5000000000000019E-002    1362.062500000970     
   2.5000000000000019E-002    1378.781250001091     
   2.5000000000000019E-002    1395.500000001213     
   2.5000000000000019E-002    1412.218750001334     
   2.5000000000000019E-002    1428.937500001456     
   2.5000000000000019E-002    1445.645833334911     
   2.5000000000000019E-002    1462.354166668366     
   2.5000000000000019E-002    1479.062500001821     
   2.5000000000000019E-002    1495.770833335276     
   2.5000000000000019E-002    1512.479166668731     
   2.5000000000000019E-002    1529.177083335519     
   2.5000000000000019E-002    1545.875000002307     
   2.5000000000000019E-002    1562.572916669095     
   2.5000000000000019E-002    1579.270833335883     
   2.5000000000000019E-002    1595.968750002671     
   2.5000000000000019E-002    1612.656250002793     
   2.5000000000000019E-002    1629.354166669581     
   2.5000000000000019E-002    1646.041666669702     
   2.5000000000000019E-002    1662.729166669824     
   2.5000000000000019E-002    1679.416666669945     
   2.5000000000000019E-002    1696.104166670067     
   2.5000000000000019E-002    1712.781250003521     
   2.5000000000000019E-002    1729.468750003643     
   2.5000000000000019E-002    1746.145833337097     
   2.5000000000000019E-002    1762.833333337219     
   2.5000000000000019E-002    1779.510416670674     
   2.5000000000000019E-002    1796.187500004128     
   2.5000000000000019E-002    1812.864583337583     
   2.5000000000000019E-002    1829.541666671038     
   2.5000000000000019E-002    1846.218750004492     
   2.5000000000000019E-002    1862.895833337947     
   2.5000000000000019E-002    1879.562500004735     
   2.5000000000000019E-002    1896.239583338190     
   2.5000000000000019E-002    1912.906250004977     
   2.5000000000000019E-002    1929.583333338432     
   2.5000000000000019E-002    1946.250000005220     
   2.5000000000000019E-002    1962.916666672008     
   2.5000000000000019E-002    1979.583333338796     
   2.5000000000000019E-002    1996.250000005584     
   2.5000000000000019E-002    2012.916666672372     
   2.5000000000000019E-002    2029.583333339160     
   2.5000000000000019E-002    2046.250000005948     
   2.5000000000000019E-002    2062.916666672410     
   2.5000000000000019E-002    2079.583333338834     
   2.5000000000000019E-002    2096.250000005258     
   2.5000000000000019E-002    2112.906250005016     
   2.5000000000000019E-002    2129.572916671440     
   2.5000000000000019E-002    2146.229166671198     
   2.5000000000000019E-002    2162.895833337622     
   2.5000000000000019E-002    2179.552083337379     
   2.5000000000000019E-002    2196.218750003804     
   2.5000000000000019E-002    2212.875000003561     
   2.5000000000000019E-002    2229.531250003319     
   2.5000000000000019E-002    2246.197916669743     
   2.5000000000000019E-002    2262.854166669501     
   2.5000000000000019E-002    2279.510416669258     
   2.5000000000000019E-002    2296.166666669016     
   2.5000000000000019E-002    2312.833333335440     
   2.5000000000000019E-002    2329.489583335197     
   2.5000000000000019E-002    2346.145833334955     
   2.5000000000000019E-002    2362.802083334713     
   2.5000000000000019E-002    2379.458333334470     
   2.5000000000000019E-002    2396.114583334228     
   2.5000000000000019E-002    2412.770833333986     
   2.5000000000000019E-002    2429.427083333743     
   2.5000000000000019E-002    2446.072916666834     
   2.5000000000000019E-002    2462.729166666592     
   2.5000000000000019E-002    2479.385416666350     
   2.5000000000000019E-002    2496.041666666107     
   2.5000000000000019E-002    2512.697916665865     
   2.5000000000000019E-002    2529.343749998956     
   2.5000000000000019E-002    2545.999999998714     
   2.5000000000000019E-002    2562.656249998471     
   2.5000000000000019E-002    2579.312499998229     
   2.5000000000000019E-002    2595.958333331320     
   2.5000000000000019E-002    2612.614583331077     
   2.5000000000000019E-002    2629.270833330835     
   2.5000000000000019E-002    2645.916666663926     
   2.5000000000000019E-002    2662.572916663684     
   2.5000000000000019E-002    2679.218749996775     
   2.5000000000000019E-002    2695.874999996533     
   2.5000000000000019E-002    2712.531249996290     
   2.5000000000000019E-002    2729.177083329381     
   2.5000000000000019E-002    2745.833333329139     
   2.5000000000000019E-002    2762.479166662230     
   2.5000000000000019E-002    2779.135416661988     
   2.5000000000000019E-002    2795.781249995079     
   2.5000000000000019E-002    2812.437499994836     
   2.5000000000000019E-002    2829.083333327927     
   2.5000000000000019E-002    2845.729166661019     
   2.5000000000000019E-002    2862.385416660776     
   2.5000000000000019E-002    2879.031249993867     
   2.5000000000000019E-002    2895.687499993625     
   2.5000000000000019E-002    2912.333333326716     
   2.5000000000000019E-002    2928.989583326474     
   2.5000000000000019E-002    2945.635416659565     
   2.5000000000000019E-002    2962.281249992656     
   2.5000000000000019E-002    2978.937499992413     
   2.5000000000000019E-002    2995.583333325505     
   2.5000000000000019E-002    3012.229166658596     
   2.5500000000000019E-002    107.8645833333475     
   2.5500000000000019E-002    123.8645833333547     
   2.5500000000000019E-002    139.8541666666792     
   2.5500000000000019E-002    155.8229166666646     
   2.5500000000000019E-002    171.7604166666501     
   2.5500000000000019E-002    187.6770833333023     
   2.5500000000000019E-002    203.5624999999546     
   2.5500000000000019E-002    219.4270833332735     
   2.5500000000000019E-002    235.2708333332590     
   2.5500000000000019E-002    251.0937499999113     
   2.5500000000000019E-002    266.8958333332600     
   2.5500000000000019E-002    282.6874999999554     
   2.5500000000000019E-002    298.4479166666507     
   2.5500000000000019E-002    314.1979166666794     
   2.5500000000000019E-002    329.9270833333746     
   2.5500000000000019E-002    345.6354166667365     
   2.5500000000000019E-002    361.3333333334318     
   2.5500000000000019E-002    377.0104166667936     
   2.5500000000000019E-002    392.6770833334888     
   2.5500000000000019E-002    408.3333333335173     
   2.5500000000000019E-002    423.9687500002124     
   2.5500000000000019E-002    439.5937500002408     
   2.5500000000000019E-002    455.2083333336025     
   2.5500000000000019E-002    470.8020833336309     
   2.5500000000000019E-002    486.3958333336593     
   2.5500000000000019E-002    501.9687500003542     
   2.5500000000000019E-002    517.5312500003523     
   2.5500000000000019E-002    533.0937500002957     
   2.5500000000000019E-002    548.6354166669058     
   2.5500000000000019E-002    564.1770833335160     
   2.5500000000000019E-002    579.7083333334594     
   2.5500000000000019E-002    595.2187500000697     
   2.5500000000000019E-002    610.7291666666799     
   2.5500000000000019E-002    626.2291666666235     
   2.5500000000000019E-002    641.7291666665672     
   2.5500000000000019E-002    657.2187499998441     
   2.5500000000000019E-002    672.6979166664545     
   2.5500000000000019E-002    688.1666666663982     
   2.5500000000000019E-002    703.6354166663419     
   2.5500000000000019E-002    719.0937499996190     
   2.5500000000000019E-002    734.5416666662295     
   2.5500000000000019E-002    749.9895833328400     
   2.5500000000000019E-002    765.4270833327838     
   2.5500000000000019E-002    780.8645833327276     
   2.5500000000000019E-002    796.2916666660049     
   2.5500000000000019E-002    811.7187499992821     
   2.5500000000000019E-002    827.1354166658926     
   2.5500000000000019E-002    842.5520833325032     
   2.5500000000000019E-002    857.9687499991138     
   2.5500000000000019E-002    873.3645833323911     
   2.5500000000000019E-002    888.7708333323351     
   2.5500000000000019E-002    904.1666666656124     
   2.5500000000000019E-002    919.5624999988897     
   2.5500000000000019E-002    934.9479166655004     
   2.5500000000000019E-002    950.3333333321111     
   2.5500000000000019E-002    965.7187499987218     
   2.5500000000000019E-002    981.0937499986659     
   2.5500000000000019E-002    996.4687499986100     
   2.5500000000000019E-002    1011.843749998554     
   2.5500000000000019E-002    1027.208333331866     
   2.5500000000000019E-002    1042.572916665312     
   2.5500000000000019E-002    1057.937499998757     
   2.5500000000000019E-002    1073.302083332202     
   2.5500000000000019E-002    1088.656249998980     
   2.5500000000000019E-002    1104.010416665759     
   2.5500000000000019E-002    1119.364583332537     
   2.5500000000000019E-002    1134.708333332649     
   2.5500000000000019E-002    1150.052083332760     
   2.5500000000000019E-002    1165.406249999539     
   2.5500000000000019E-002    1180.739583332984     
   2.5500000000000019E-002    1196.083333333095     
   2.5500000000000019E-002    1211.427083333207     
   2.5500000000000019E-002    1226.760416666652     
   2.5500000000000019E-002    1242.093750000097     
   2.5500000000000019E-002    1257.427083333542     
   2.5500000000000019E-002    1272.760416666986     
   2.5500000000000019E-002    1288.083333333765     
   2.5500000000000019E-002    1303.416666667209     
   2.5500000000000019E-002    1318.739583333988     
   2.5500000000000019E-002    1334.062500000766     
   2.5500000000000019E-002    1349.385416667544     
   2.5500000000000019E-002    1364.708333334322     
   2.5500000000000019E-002    1380.031250001100     
   2.5500000000000019E-002    1395.354166667878     
   2.5500000000000019E-002    1410.666666667990     
   2.5500000000000019E-002    1425.979166668101     
   2.5500000000000019E-002    1441.302083334879     
   2.5500000000000019E-002    1456.614583334991     
   2.5500000000000019E-002    1471.927083335102     
   2.5500000000000019E-002    1487.239583335214     
   2.5500000000000019E-002    1502.552083335325     
   2.5500000000000019E-002    1517.854166668770     
   2.5500000000000019E-002    1533.166666668881     
   2.5500000000000019E-002    1548.479166668993     
   2.5500000000000019E-002    1563.781250002437     
   2.5500000000000019E-002    1579.093750002549     
   2.5500000000000019E-002    1594.395833335993     
   2.5500000000000019E-002    1609.697916669438     
   2.5500000000000019E-002    1625.000000002883     
   2.5500000000000019E-002    1640.302083336327     
   2.5500000000000019E-002    1655.604166669772     
   2.5500000000000019E-002    1670.906250003217     
   2.5500000000000019E-002    1686.208333336661     
   2.5500000000000019E-002    1701.510416670106     
   2.5500000000000019E-002    1716.812500003551     
   2.5500000000000019E-002    1732.104166670329     
   2.5500000000000019E-002    1747.406250003773     
   2.5500000000000019E-002    1762.697916670551     
   2.5500000000000019E-002    1778.000000003996     
   2.5500000000000019E-002    1793.291666670774     
   2.5500000000000019E-002    1808.593750004218     
   2.5500000000000019E-002    1823.885416670996     
   2.5500000000000019E-002    1839.187500004441     
   2.5500000000000019E-002    1854.479166671219     
   2.5500000000000019E-002    1869.770833337997     
   2.5500000000000019E-002    1885.062500004775     
   2.5500000000000019E-002    1900.354166671553     
   2.5500000000000019E-002    1915.656250004997     
   2.5500000000000019E-002    1930.947916671775     
   2.5500000000000019E-002    1946.239583338553     
   2.5500000000000019E-002    1961.531250005331     
   2.5500000000000019E-002    1976.822916672109     
   2.5500000000000019E-002    1992.104166672220     
   2.5500000000000019E-002    2007.395833338998     
   2.5500000000000019E-002    2022.687500005776     
   2.5500000000000019E-002    2037.979166672554     
   2.5500000000000019E-002    2053.270833339217     
   2.5500000000000019E-002    2068.562500005661     
   2.5500000000000019E-002    2083.843750005439     
   2.5500000000000019E-002    2099.135416671883     
   2.5500000000000019E-002    2114.427083338327     
   2.5500000000000019E-002    2129.718750004771     
   2.5500000000000019E-002    2145.000000004549     
   2.5500000000000019E-002    2160.291666670993     
   2.5500000000000019E-002    2175.572916670771     
   2.5500000000000019E-002    2190.864583337215     
   2.5500000000000019E-002    2206.156250003659     
   2.5500000000000019E-002    2221.437500003437     
   2.5500000000000019E-002    2236.729166669881     
   2.5500000000000019E-002    2252.010416669658     
   2.5500000000000019E-002    2267.302083336102     
   2.5500000000000019E-002    2282.583333335880     
   2.5500000000000019E-002    2297.875000002324     
   2.5500000000000019E-002    2313.156250002102     
   2.5500000000000019E-002    2328.437500001879     
   2.5500000000000019E-002    2343.729166668324     
   2.5500000000000019E-002    2359.010416668101     
   2.5500000000000019E-002    2374.302083334545     
   2.5500000000000019E-002    2389.583333334323     
   2.5500000000000019E-002    2404.864583334101     
   2.5500000000000019E-002    2420.156250000545     
   2.5500000000000019E-002    2435.437500000322     
   2.5500000000000019E-002    2450.718750000100     
   2.5500000000000019E-002    2466.010416666544     
   2.5500000000000019E-002    2481.291666666322     
   2.5500000000000019E-002    2496.572916666099     
   2.5500000000000019E-002    2511.854166665877     
   2.5500000000000019E-002    2527.145833332321     
   2.5500000000000019E-002    2542.427083332099     
   2.5500000000000019E-002    2557.708333331876     
   2.5500000000000019E-002    2572.989583331654     
   2.5500000000000019E-002    2588.281249998098     
   2.5500000000000019E-002    2603.562499997876     
   2.5500000000000019E-002    2618.843749997654     
   2.5500000000000019E-002    2634.124999997431     
   2.5500000000000019E-002    2649.406249997209     
   2.5500000000000019E-002    2664.697916663653     
   2.5500000000000019E-002    2679.979166663431     
   2.5500000000000019E-002    2695.260416663208     
   2.6000000000000020E-002    460.0000000002779     
   2.6000000000000020E-002    474.3125000003039     
   2.6000000000000020E-002    488.6458333336633     
   2.6000000000000020E-002    502.9687500003561     
   2.6000000000000020E-002    517.3020833336865     
   2.6000000000000020E-002    531.6354166669677     
   2.6000000000000020E-002    545.9583333335822     
   2.6000000000000020E-002    560.2916666668634     
   2.6000000000000020E-002    574.6145833334780     
   2.6000000000000020E-002    588.9375000000925     
   2.6000000000000020E-002    603.2500000000405     
   2.6000000000000020E-002    617.5729166666550     
   2.6000000000000020E-002    631.8854166666030     
   2.6000000000000020E-002    646.1874999998843     
   2.6000000000000020E-002    660.4999999998322     
   2.6000000000000020E-002    674.8020833331135     
   2.6000000000000020E-002    689.1041666663948     
   2.6000000000000020E-002    703.3958333330095     
   2.6000000000000020E-002    717.6979166662908     
   2.6000000000000020E-002    731.9895833329055     
   2.6000000000000020E-002    746.2812499995201     
   2.6000000000000020E-002    760.5624999994682     
   2.6000000000000020E-002    774.8437499994162     
   2.6000000000000020E-002    789.1249999993643     
   2.6000000000000020E-002    803.4062499993123     
   2.6000000000000020E-002    817.6770833325937     
   2.6000000000000020E-002    831.9583333325418     
   2.6000000000000020E-002    846.2291666658232     
   2.6000000000000020E-002    860.4999999991046     
   2.6000000000000020E-002    874.7604166657194     
   2.6000000000000020E-002    889.0312499990008     
   2.6000000000000020E-002    903.2916666656156     
   2.6000000000000020E-002    917.5520833322304     
   2.6000000000000020E-002    931.8124999988452     
   2.6000000000000020E-002    946.0624999987933     
   2.6000000000000020E-002    960.3229166654081     
   2.6000000000000020E-002    974.5729166653563     
   2.6000000000000020E-002    988.8229166653044     
   2.6000000000000020E-002    1003.072916665253     
   2.6000000000000020E-002    1017.322916665201     
   2.6000000000000020E-002    1031.562499998565     
   2.6000000000000020E-002    1045.812499998668     
   2.6000000000000020E-002    1060.052083332105     
   2.6000000000000020E-002    1074.302083332209     
   2.6000000000000020E-002    1088.541666665646     
   2.6000000000000020E-002    1102.781249999083     
   2.6000000000000020E-002    1117.020833332520     
   2.6000000000000020E-002    1131.249999999290     
   2.6000000000000020E-002    1145.489583332727     
   2.6000000000000020E-002    1159.718749999497     
   2.6000000000000020E-002    1173.958333332934     
   2.6000000000000020E-002    1188.187499999704     
   2.6000000000000020E-002    1202.416666666475     
   2.6000000000000020E-002    1216.645833333245     
   2.6000000000000020E-002    1230.875000000015     
   2.6000000000000020E-002    1245.104166666785     
   2.6000000000000020E-002    1259.333333333555     
   2.6000000000000020E-002    1273.562500000326     
   2.6000000000000020E-002    1287.791666667096     
   2.6000000000000020E-002    1302.010416667199     
   2.6000000000000020E-002    1316.239583333969     
   2.6000000000000020E-002    1330.458333334073     
   2.6000000000000020E-002    1344.687500000843     
   2.6000000000000020E-002    1358.906250000947     
   2.6000000000000020E-002    1373.125000001050     
   2.6000000000000020E-002    1387.343750001153     
   2.6000000000000020E-002    1401.562500001257     
   2.6000000000000020E-002    1415.791666668027     
   2.6000000000000020E-002    1430.010416668131     
   2.6000000000000020E-002    1444.218750001567     
   2.6000000000000020E-002    1458.437500001671     
   2.6000000000000020E-002    1472.656250001774     
   2.6000000000000020E-002    1486.875000001878     
   2.6000000000000020E-002    1501.093750001981     
   2.6000000000000020E-002    1515.302083335418     
   2.6000000000000020E-002    1529.520833335521     
   2.6000000000000020E-002    1543.739583335625     
   2.6000000000000020E-002    1557.947916669061     
   2.6000000000000020E-002    1572.166666669165     
   2.6000000000000020E-002    1586.375000002602     
   2.6000000000000020E-002    1600.593750002705     
   2.6000000000000020E-002    1614.802083336142     
   2.6000000000000020E-002    1629.010416669578     
   2.6000000000000020E-002    1643.229166669682     
   2.6000000000000020E-002    1657.437500003119     
   2.6000000000000020E-002    1671.645833336555     
   2.6000000000000020E-002    1685.864583336659     
   2.6000000000000020E-002    1700.072916670096     
   2.6000000000000020E-002    1714.281250003532     
   2.6000000000000020E-002    1728.489583336969     
   2.6000000000000020E-002    1742.697916670406     
   2.6000000000000020E-002    1756.906250003842     
   2.6000000000000020E-002    1771.114583337279     
   2.6000000000000020E-002    1785.322916670716     
   2.6000000000000020E-002    1799.531250004153     
   2.6000000000000020E-002    1813.739583337589     
   2.6000000000000020E-002    1827.947916671026     
   2.6000000000000020E-002    1842.156250004463     
   2.6000000000000020E-002    1856.364583337899     
   2.6000000000000020E-002    1870.572916671336     
   2.6000000000000020E-002    1884.781250004773     
   2.6000000000000020E-002    1898.989583338210     
   2.6000000000000020E-002    1913.197916671646     
   2.6000000000000020E-002    1927.406250005083     
   2.6000000000000020E-002    1941.614583338520     
   2.6000000000000020E-002    1955.812500005290     
   2.6000000000000020E-002    1970.020833338726     
   2.6000000000000020E-002    1984.229166672163     
   2.6000000000000020E-002    1998.437500005600     
   2.6000000000000020E-002    2012.635416672370     
   2.6000000000000020E-002    2026.843750005806     
   2.6000000000000020E-002    2041.052083339243     
   2.6000000000000020E-002    2055.260416672521     
   2.6000000000000020E-002    2069.458333338981     
   2.6000000000000020E-002    2083.666666672108     
   2.6000000000000020E-002    2097.875000005235     
   2.6000000000000020E-002    2112.072916671695     
   2.6000000000000020E-002    2126.281250004821     
   2.6000000000000020E-002    2140.489583337948     
   2.6000000000000020E-002    2154.687500004408     
   2.6000000000000020E-002    2168.895833337534     
   2.6000000000000020E-002    2183.093750003995     
   2.6000000000000020E-002    2197.302083337121     
   2.6000000000000020E-002    2211.510416670248     
   2.6000000000000020E-002    2225.708333336708     
   2.6000000000000020E-002    2239.916666669834     
   2.6000000000000020E-002    2254.114583336294     
   2.6000000000000020E-002    2268.322916669421     
   2.6000000000000020E-002    2282.520833335881     
   2.6000000000000020E-002    2296.729166669008     
   2.6000000000000020E-002    2310.937500002134     
   2.6000000000000020E-002    2325.135416668594     
   2.6000000000000020E-002    2339.343750001721     
   2.6000000000000020E-002    2353.541666668181     
   2.6000000000000020E-002    2367.750000001307     
   2.6000000000000020E-002    2381.947916667767     
   2.6000000000000020E-002    2396.156250000894     
   2.6000000000000020E-002    2410.354166667354     
   2.6000000000000020E-002    2424.562500000481     
   2.6000000000000020E-002    2438.760416666941     
   2.6000000000000020E-002    2452.958333333401     
   2.6000000000000020E-002    2467.166666666527     
   2.6000000000000020E-002    2481.364583332987     
   2.6000000000000020E-002    2495.572916666114     
   2.6000000000000020E-002    2509.770833332574     
   2.6000000000000020E-002    2523.979166665701     
   2.6000000000000020E-002    2538.177083332161     
   2.6500000000000020E-002    763.8854166661228     
   2.6500000000000020E-002    777.1666666660744     
   2.6500000000000020E-002    790.4479166660261     
   2.6500000000000020E-002    803.7499999993111     
   2.6500000000000020E-002    817.0520833325960     
   2.6500000000000020E-002    830.3645833325476     
   2.6500000000000020E-002    843.6770833324991     
   2.6500000000000020E-002    856.9895833324507     
   2.6500000000000020E-002    870.3124999990689     
   2.6500000000000020E-002    883.6249999990205     
   2.6500000000000020E-002    896.9479166656387     
   2.6500000000000020E-002    910.2708333322569     
   2.6500000000000020E-002    923.5937499988751     
   2.6500000000000020E-002    936.9166666654933     
   2.6500000000000020E-002    950.2395833321115     
   2.6500000000000020E-002    963.5624999987297     
   2.6500000000000020E-002    976.8958333320145     
   2.6500000000000020E-002    990.2187499986327     
   2.6500000000000020E-002    1003.541666665251     
   2.6500000000000020E-002    1016.864583331869     
   2.6500000000000020E-002    1030.187499998555     
   2.6500000000000020E-002    1043.520833331985     
   2.6500000000000020E-002    1056.843749998749     
   2.6500000000000020E-002    1070.166666665512     
   2.6500000000000020E-002    1083.489583332276     
   2.6500000000000020E-002    1096.812499999040     
   2.6500000000000020E-002    1110.135416665803     
   2.6500000000000020E-002    1123.468749999234     
   2.6500000000000020E-002    1136.791666665997     
   2.6500000000000020E-002    1150.114583332761     
   2.6500000000000020E-002    1163.437499999524     
   2.6500000000000020E-002    1176.760416666288     
   2.6500000000000020E-002    1190.083333333052     
   2.6500000000000020E-002    1203.406249999815     
   2.6500000000000020E-002    1216.729166666579     
   2.6500000000000020E-002    1230.052083333342     
   2.6500000000000020E-002    1243.375000000106     
   2.6500000000000020E-002    1256.697916666870     
   2.6500000000000020E-002    1270.020833333633     
   2.6500000000000020E-002    1283.343750000397     
   2.6500000000000020E-002    1296.666666667160     
   2.6500000000000020E-002    1309.979166667257     
   2.6500000000000020E-002    1323.302083334021     
   2.6500000000000020E-002    1336.625000000784     
   2.6500000000000020E-002    1349.947916667548     
   2.6500000000000020E-002    1363.270833334312     
   2.6500000000000020E-002    1376.593750001075     
   2.6500000000000020E-002    1389.906250001172     
   2.6500000000000020E-002    1403.229166667936     
   2.6500000000000020E-002    1416.552083334699     
   2.6500000000000020E-002    1429.875000001463     
   2.6500000000000020E-002    1443.187500001560     
   2.6500000000000020E-002    1456.510416668323     
   2.6500000000000020E-002    1469.833333335087     
   2.6500000000000020E-002    1483.145833335184     
   2.6500000000000020E-002    1496.468750001947     
   2.6500000000000020E-002    1509.791666668711     
   2.6500000000000020E-002    1523.104166668808     
   2.6500000000000020E-002    1536.427083335572     
   2.6500000000000020E-002    1549.750000002335     
   2.6500000000000020E-002    1563.062500002432     
   2.6500000000000020E-002    1576.385416669196     
   2.6500000000000020E-002    1589.697916669292     
   2.6500000000000020E-002    1603.020833336056     
   2.6500000000000020E-002    1616.333333336153     
   2.6500000000000020E-002    1629.656250002917     
   2.6500000000000020E-002    1642.979166669680     
   2.6500000000000020E-002    1656.291666669777     
   2.6500000000000020E-002    1669.614583336541     
   2.6500000000000020E-002    1682.927083336637     
   2.6500000000000020E-002    1696.250000003401     
   2.6500000000000020E-002    1709.562500003498     
   2.6500000000000020E-002    1722.885416670262     
   2.6500000000000020E-002    1736.197916670358     
   2.6500000000000020E-002    1749.520833337122     
   2.6500000000000020E-002    1762.833333337219     
   2.6500000000000020E-002    1776.145833337316     
   2.6500000000000020E-002    1789.468750004079     
   2.6500000000000020E-002    1802.781250004176     
   2.6500000000000020E-002    1816.104166670940     
   2.6500000000000020E-002    1829.416666671037     
   2.6500000000000020E-002    1842.739583337800     
   2.6500000000000020E-002    1856.052083337897     
   2.6500000000000020E-002    1869.375000004661     
   2.6500000000000020E-002    1882.687500004758     
   2.6500000000000020E-002    1896.000000004854     
   2.6500000000000020E-002    1909.322916671618     
   2.6500000000000020E-002    1922.635416671715     
   2.6500000000000020E-002    1935.958333338478     
   2.6500000000000020E-002    1949.270833338575     
   2.6500000000000020E-002    1962.583333338672     
   2.6500000000000020E-002    1975.906250005436     
   2.6500000000000020E-002    1989.218750005533     
   2.6500000000000020E-002    2002.541666672296     
   2.6500000000000020E-002    2015.854166672393     
   2.6500000000000020E-002    2029.166666672490     
   2.6500000000000020E-002    2042.489583339254     
   2.6500000000000020E-002    2055.802083339180     
   2.6500000000000020E-002    2069.114583338986     
   2.6500000000000020E-002    2082.437500005459     
   2.6500000000000020E-002    2095.750000005266     
   2.6500000000000020E-002    2109.072916671738     
   2.6500000000000020E-002    2122.385416671545     
   2.6500000000000020E-002    2135.697916671351     
   2.6500000000000020E-002    2149.020833337824     
   2.6500000000000020E-002    2162.333333337630     
   2.6500000000000020E-002    2175.645833337436     
   2.6500000000000020E-002    2188.968750003909     
   2.6500000000000020E-002    2202.281250003715     
   2.6500000000000020E-002    2215.593750003522     
   2.6500000000000020E-002    2228.916666669994     
   2.6500000000000020E-002    2242.229166669801     
   2.6500000000000020E-002    2255.541666669607     
   2.6500000000000020E-002    2268.864583336080     
   2.6500000000000020E-002    2282.177083335886     
   2.6500000000000020E-002    2295.489583335692     
   2.6500000000000020E-002    2308.812500002165     
   2.6500000000000020E-002    2322.125000001971     
   2.6500000000000020E-002    2335.437500001778     
   2.6500000000000020E-002    2348.760416668250     
   2.6500000000000020E-002    2362.072916668057     
   2.6500000000000020E-002    2375.385416667863     
   2.6500000000000020E-002    2388.697916667669     
   2.7000000000000021E-002    1027.781249998537     
   2.7000000000000021E-002    1040.260416665295     
   2.7000000000000021E-002    1052.760416665386     
   2.7000000000000021E-002    1065.270833332143     
   2.7000000000000021E-002    1077.781249998901     
   2.7000000000000021E-002    1090.302083332326     
   2.7000000000000021E-002    1102.833333332417     
   2.7000000000000021E-002    1115.364583332508     
   2.7000000000000021E-002    1127.895833332599     
   2.7000000000000021E-002    1140.427083332690     
   2.7000000000000021E-002    1152.968749999448     
   2.7000000000000021E-002    1165.510416666206     
   2.7000000000000021E-002    1178.052083332964     
   2.7000000000000021E-002    1190.593749999722     
   2.7000000000000021E-002    1203.145833333147     
   2.7000000000000021E-002    1215.687499999905     
   2.7000000000000021E-002    1228.239583333329     
   2.7000000000000021E-002    1240.791666666754     
   2.7000000000000021E-002    1253.333333333512     
   2.7000000000000021E-002    1265.885416666936     
   2.7000000000000021E-002    1278.437500000361     
   2.7000000000000021E-002    1290.989583333786     
   2.7000000000000021E-002    1303.552083333877     
   2.7000000000000021E-002    1316.104166667302     
   2.7000000000000021E-002    1328.656250000726     
   2.7000000000000021E-002    1341.208333334151     
   2.7000000000000021E-002    1353.770833334243     
   2.7000000000000021E-002    1366.322916667667     
   2.7000000000000021E-002    1378.885416667759     
   2.7000000000000021E-002    1391.437500001183     
   2.7000000000000021E-002    1404.000000001275     
   2.7000000000000021E-002    1416.552083334699     
   2.7000000000000021E-002    1429.114583334791     
   2.7000000000000021E-002    1441.666666668215     
   2.7000000000000021E-002    1454.229166668307     
   2.7000000000000021E-002    1466.791666668398     
   2.7000000000000021E-002    1479.343750001823     
   2.7000000000000021E-002    1491.906250001914     
   2.7000000000000021E-002    1504.468750002006     
   2.7000000000000021E-002    1517.031250002097     
   2.7000000000000021E-002    1529.593750002188     
   2.7000000000000021E-002    1542.145833335613     
   2.7000000000000021E-002    1554.708333335705     
   2.7000000000000021E-002    1567.270833335796     
   2.7000000000000021E-002    1579.833333335887     
   2.7000000000000021E-002    1592.395833335979     
   2.7000000000000021E-002    1604.958333336070     
   2.7000000000000021E-002    1617.520833336162     
   2.7000000000000021E-002    1630.083333336253     
   2.7000000000000021E-002    1642.645833336344     
   2.7000000000000021E-002    1655.208333336436     
   2.7000000000000021E-002    1667.770833336527     
   2.7000000000000021E-002    1680.333333336619     
   2.7000000000000021E-002    1692.895833336710     
   2.7000000000000021E-002    1705.458333336801     
   2.7000000000000021E-002    1718.020833336893     
   2.7000000000000021E-002    1730.583333336984     
   2.7000000000000021E-002    1743.145833337076     
   2.7000000000000021E-002    1755.708333337167     
   2.7000000000000021E-002    1768.281250003925     
   2.7000000000000021E-002    1780.843750004017     
   2.7000000000000021E-002    1793.406250004108     
   2.7000000000000021E-002    1805.968750004199     
   2.7000000000000021E-002    1818.531250004291     
   2.7000000000000021E-002    1831.093750004382     
   2.7000000000000021E-002    1843.656250004474     
   2.7000000000000021E-002    1856.229166671232     
   2.7000000000000021E-002    1868.791666671323     
   2.7000000000000021E-002    1881.354166671415     
   2.7000000000000021E-002    1893.916666671506     
   2.7000000000000021E-002    1906.479166671597     
   2.7000000000000021E-002    1919.052083338355     
   2.7000000000000021E-002    1931.614583338447     
   2.7000000000000021E-002    1944.177083338538     
   2.7000000000000021E-002    1956.739583338630     
   2.7000000000000021E-002    1969.312500005388     
   2.7000000000000021E-002    1981.875000005479     
   2.7000000000000021E-002    1994.437500005571     
   2.7000000000000021E-002    2007.000000005662     
   2.7000000000000021E-002    2019.572916672420     
   2.7000000000000021E-002    2032.135416672512     
   2.7000000000000021E-002    2044.697916672603     
   2.7000000000000021E-002    2057.270833339159     
   2.7000000000000021E-002    2069.833333338976     
   2.7000000000000021E-002    2082.395833338793     
   2.7000000000000021E-002    2094.958333338610     
   2.7000000000000021E-002    2107.531250005094     
   2.7000000000000021E-002    2120.093750004911     
   2.7000000000000021E-002    2132.656250004728     
   2.7000000000000021E-002    2145.229166671212     
   2.7000000000000021E-002    2157.791666671029     
   2.7000000000000021E-002    2170.354166670847     
   2.7000000000000021E-002    2182.927083337330     
   2.7000000000000021E-002    2195.489583337147     
   2.7000000000000021E-002    2208.052083336965     
   2.7000000000000021E-002    2220.625000003448     
   2.7000000000000021E-002    2233.187500003266     
   2.7000000000000021E-002    2245.750000003083     
   2.7000000000000021E-002    2258.322916669566     
   2.7000000000000021E-002    2270.885416669384     
   2.7000000000000021E-002    2283.447916669201     
   2.7500000000000021E-002    1294.812500000480     
   2.7500000000000021E-002    1306.645833333900     
   2.7500000000000021E-002    1318.489583333986     
   2.7500000000000021E-002    1330.333333334072     
   2.7500000000000021E-002    1342.197916667492     
   2.7500000000000021E-002    1354.062500000911     
   2.7500000000000021E-002    1365.927083334331     
   2.7500000000000021E-002    1377.802083334417     
   2.7500000000000021E-002    1389.677083334504     
   2.7500000000000021E-002    1401.562500001257     
   2.7500000000000021E-002    1413.447916668010     
   2.7500000000000021E-002    1425.322916668096     
   2.7500000000000021E-002    1437.218750001516     
   2.7500000000000021E-002    1449.104166668269     
   2.7500000000000021E-002    1460.989583335023     
   2.7500000000000021E-002    1472.885416668443     
   2.7500000000000021E-002    1484.781250001862     
   2.7500000000000021E-002    1496.666666668616     
   2.7500000000000021E-002    1508.562500002035     
   2.7500000000000021E-002    1520.458333335455     
   2.7500000000000021E-002    1532.364583335542     
   2.7500000000000021E-002    1544.260416668962     
   2.7500000000000021E-002    1556.156250002382     
   2.7500000000000021E-002    1568.062500002468     
   2.7500000000000021E-002    1579.958333335888     
   2.7500000000000021E-002    1591.864583335975     
   2.7500000000000021E-002    1603.760416669395     
   2.7500000000000021E-002    1615.666666669481     
   2.7500000000000021E-002    1627.572916669568     
   2.7500000000000021E-002    1639.479166669655     
   2.7500000000000021E-002    1651.385416669741     
   2.7500000000000021E-002    1663.281250003161     
   2.7500000000000021E-002    1675.187500003248     
   2.7500000000000021E-002    1687.093750003334     
   2.7500000000000021E-002    1699.010416670088     
   2.7500000000000021E-002    1710.916666670174     
   2.7500000000000021E-002    1722.822916670261     
   2.7500000000000021E-002    1734.729166670348     
   2.7500000000000021E-002    1746.635416670434     
   2.7500000000000021E-002    1758.552083337188     
   2.7500000000000021E-002    1770.458333337274     
   2.7500000000000021E-002    1782.364583337361     
   2.7500000000000021E-002    1794.281250004114     
   2.7500000000000021E-002    1806.187500004201     
   2.7500000000000021E-002    1818.093750004288     
   2.7500000000000021E-002    1830.010416671041     
   2.7500000000000021E-002    1841.916666671128     
   2.7500000000000021E-002    1853.833333337881     
   2.7500000000000021E-002    1865.750000004634     
   2.7500000000000021E-002    1877.656250004721     
   2.7500000000000021E-002    1889.572916671474     
   2.7500000000000021E-002    1901.479166671561     
   2.7500000000000021E-002    1913.395833338314     
   2.7500000000000021E-002    1925.312500005068     
   2.7500000000000021E-002    1937.218750005154     
   2.7500000000000021E-002    1949.135416671908     
   2.7500000000000021E-002    1961.052083338661     
   2.7500000000000021E-002    1972.968750005414     
   2.7500000000000021E-002    1984.875000005501     
   2.7500000000000021E-002    1996.791666672254     
   2.7500000000000021E-002    2008.708333339008     
   2.7500000000000021E-002    2020.625000005761     
   2.7500000000000021E-002    2032.541666672515     
   2.7500000000000021E-002    2044.458333339268     
   2.7500000000000021E-002    2056.375000005839     
   2.7500000000000021E-002    2068.281250005665     
   2.7500000000000021E-002    2080.197916672158     
   2.7500000000000021E-002    2092.114583338652     
   2.7500000000000021E-002    2104.031250005145     
   2.7500000000000021E-002    2115.947916671638     
   2.7500000000000021E-002    2127.864583338132     
   2.7500000000000021E-002    2139.781250004625     
   2.7500000000000021E-002    2151.697916671118     
   2.7500000000000021E-002    2163.614583337611     
   2.7500000000000021E-002    2175.531250004105     
   2.7500000000000021E-002    2187.447916670598     
   2.7500000000000021E-002    2199.364583337091     
   2.7500000000000021E-002    2211.281250003584     
   2.7500000000000021E-002    2223.197916670078     
   2.7500000000000021E-002    2235.114583336571     
   2.8000000000000021E-002    1576.395833335862     
   2.8000000000000021E-002    1587.656250002611     
   2.8000000000000021E-002    1598.927083336026     
   2.8000000000000021E-002    1610.208333336108     
   2.8000000000000021E-002    1621.500000002857     
   2.8000000000000021E-002    1632.791666669606     
   2.8000000000000021E-002    1644.083333336355     
   2.8000000000000021E-002    1655.385416669770     
   2.8000000000000021E-002    1666.687500003186     
   2.8000000000000021E-002    1678.000000003268     
   2.8000000000000021E-002    1689.302083336684     
   2.8000000000000021E-002    1700.614583336766     
   2.8000000000000021E-002    1711.937500003515     
   2.8000000000000021E-002    1723.250000003598     
   2.8000000000000021E-002    1734.562500003680     
   2.8000000000000021E-002    1745.885416670429     
   2.8000000000000021E-002    1757.208333337178     
   2.8000000000000021E-002    1768.531250003927     
   2.8000000000000021E-002    1779.854166670676     
   2.8000000000000021E-002    1791.177083337425     
   2.8000000000000021E-002    1802.500000004174     
   2.8000000000000021E-002    1813.822916670923     
   2.8000000000000021E-002    1825.156250004339     
   2.8000000000000021E-002    1836.479166671088     
   2.8000000000000021E-002    1847.812500004504     
   2.8000000000000021E-002    1859.145833337920     
   2.8000000000000021E-002    1870.468750004669     
   2.8000000000000021E-002    1881.802083338084     
   2.8000000000000021E-002    1893.135416671500     
   2.8000000000000021E-002    1904.468750004916     
   2.8000000000000021E-002    1915.802083338332     
   2.8000000000000021E-002    1927.135416671748     
   2.8000000000000021E-002    1938.468750005163     
   2.8000000000000021E-002    1949.802083338579     
   2.8000000000000021E-002    1961.145833338662     
   2.8000000000000021E-002    1972.479166672078     
   2.8000000000000021E-002    1983.812500005493     
   2.8000000000000021E-002    1995.156250005576     
   2.8000000000000021E-002    2006.489583338992     
   2.8000000000000021E-002    2017.833333339074     
   2.8000000000000021E-002    2029.166666672490     
   2.8000000000000021E-002    2040.510416672573     
   2.8000000000000021E-002    2051.843750005904     
   2.8000000000000021E-002    2063.187500005739     
   2.8000000000000021E-002    2074.520833338908     
   2.8000000000000021E-002    2085.864583338743     
   2.8000000000000021E-002    2097.208333338578     
   2.8000000000000021E-002    2108.541666671746     
   2.8000000000000021E-002    2119.885416671581     
   2.8000000000000021E-002    2131.229166671416     
   2.8000000000000021E-002    2142.572916671251     
   2.8000000000000021E-002    2153.916666671086     
   2.8000000000000021E-002    2165.260416670921     
   2.8000000000000021E-002    2176.593750004089     
   2.8000000000000021E-002    2187.937500003924     
   2.8000000000000021E-002    2199.281250003759     
   2.8000000000000021E-002    2210.625000003594     
   2.8000000000000021E-002    2221.968750003429     
   2.8000000000000021E-002    2233.312500003264     
   2.8500000000000022E-002    1915.572916671664     
   2.8500000000000022E-002    1926.333333338408     
   2.8500000000000022E-002    1937.104166671820     
   2.8500000000000022E-002    1947.875000005232     
   2.8500000000000022E-002    1958.656250005310     
   2.8500000000000022E-002    1969.447916672055     
   2.8500000000000022E-002    1980.239583338801     
   2.8500000000000022E-002    1991.031250005546     
   2.8500000000000022E-002    2001.833333338958     
   2.8500000000000022E-002    2012.625000005703     
   2.8500000000000022E-002    2023.427083339115     
   2.8500000000000022E-002    2034.229166672527     
   2.8500000000000022E-002    2045.041666672606     
   2.8500000000000022E-002    2055.843750005846     
   2.8500000000000022E-002    2066.656250005689     
   2.8500000000000022E-002    2077.468750005532     
   2.8500000000000022E-002    2088.281250005374     
   2.8500000000000022E-002    2099.093750005217     
   2.8500000000000022E-002    2109.906250005060     
   2.8500000000000022E-002    2120.718750004902     
   2.8500000000000022E-002    2131.541666671411     
   2.8500000000000022E-002    2142.354166671254     
   2.8500000000000022E-002    2153.166666671097     
   2.8500000000000022E-002    2163.989583337606     
   2.8500000000000022E-002    2174.812500004115     
   2.8500000000000022E-002    2185.625000003958     
   2.8500000000000022E-002    2196.447916670467     
   2.8500000000000022E-002    2207.270833336976     
   2.8500000000000022E-002    2218.093750003485     
   2.8500000000000022E-002    2228.916666669994     
   2.9000000000000022E-002    2337.760416668410     
   2.9000000000000022E-002    2348.062500001594     
   2.9000000000000022E-002    2358.375000001444     
   2.9000000000000022E-002    2368.687500001294     
   2.9000000000000022E-002    2379.010416667810     
   2.9000000000000022E-002    2389.343750000993     
   2.9000000000000022E-002    2399.666666667510     
   2.9000000000000022E-002    2410.000000000693     
   2.9000000000000022E-002    2420.333333333876     
   2.9000000000000022E-002    2430.677083333725     
   2.9000000000000022E-002    2441.010416666908     
   2.9500000000000023E-002    2931.031249993111     
   2.9500000000000023E-002    2940.895833326300     
   2.9500000000000023E-002    2950.781249992823     
   2.9500000000000023E-002    2960.666666659346     
   2.9500000000000023E-002    2970.562499992535     
   2.9500000000000023E-002    2980.458333325725     
   2.9500000000000023E-002    2990.354166658914     
   2.9500000000000023E-002    3000.260416658770     
   2.9500000000000023E-002    3010.166666658626     
   2.9500000000000023E-002    3020.072916658482     
   3.0000000000000023E-002    3952.906249978240     
   3.0000000000000023E-002    3962.374999978103     
   3.0000000000000023E-002    3971.864583311298     
   3.0000000000000023E-002    3981.343749977827     
   3.0000000000000023E-002    3990.843749977688     
   3.0000000000000023E-002    4000.333333310884     
   3.0000000000000023E-002    4009.833333310745     
   3.0000000000000023E-002    4019.333333310607     
   3.0000000000000023E-002    4028.833333310469     
   3.0000000000000023E-002    4038.333333310331     
   3.0000000000000023E-002    4047.833333310192     
   3.0000000000000023E-002    4057.343749976721     
   3.0500000000000024E-002    6600.229166715707     
   3.0500000000000024E-002    6609.302083382638     
   3.0500000000000024E-002    6618.375000049568     
   3.0500000000000024E-002    6627.447916716499     
   3.0500000000000024E-002    6636.531250050097     
   3.0500000000000024E-002    6645.614583383694     
   3.0500000000000024E-002    6654.697916717292     
   3.0500000000000024E-002    6663.781250050890     
   3.0500000000000024E-002    6672.864583384488     
   3.0500000000000024E-002    6681.958333384752     
   3.0500000000000024E-002    6691.041666718350     
   3.0500000000000024E-002    6700.135416718615     
   3.0500000000000024E-002    6709.229166718879     
   3.0500000000000024E-002    6718.322916719144     
