   2.5000000000000019E-002    2544.343749998738     
   2.5000000000000019E-002    2576.427083331604     
   2.5000000000000019E-002    2607.624999997817     
   2.5000000000000019E-002    2638.083333330707     
   2.5000000000000019E-002    2667.906249996940     
   2.5000000000000019E-002    2697.177083329847     
   2.5000000000000019E-002    2725.958333329428     
   2.5000000000000019E-002    2754.291666662349     
   2.5000000000000019E-002    2782.208333328610     
   2.5000000000000019E-002    2809.749999994875     
   2.5000000000000019E-002    2836.947916661146     
   2.5000000000000019E-002    2863.812499994089     
   2.5000000000000019E-002    2890.374999993702     
   2.5000000000000019E-002    2916.656249993320     
   2.5000000000000019E-002    2942.666666659608     
   2.5000000000000019E-002    2968.416666659233     
   2.5000000000000019E-002    2993.937499992195     
   2.5000000000000019E-002    3019.229166658494     
   2.5000000000000019E-002    3044.312499991462     
   2.5000000000000019E-002    3069.187499991100     
   2.5000000000000019E-002    3093.864583324074     
   2.5000000000000019E-002    3118.374999990384     
   2.5000000000000019E-002    3142.708333323364     
   2.5000000000000019E-002    3166.885416656345     
   2.5000000000000019E-002    3190.906249989329     
   2.5000000000000019E-002    3214.781249988981     
   2.5000000000000019E-002    3238.510416655303     
   2.5000000000000019E-002    3262.114583321626     
   2.5000000000000019E-002    3285.593749987951     
   2.5000000000000019E-002    3308.958333320944     
   2.5000000000000019E-002    3332.208333320606     
   2.5000000000000019E-002    3355.343749986936     
   2.5000000000000019E-002    3378.374999986601     
   2.5000000000000019E-002    3401.312499986267     
   2.5000000000000019E-002    3424.156249985935     
   2.5000000000000019E-002    3446.906249985604     
   2.5000000000000019E-002    3469.572916651940     
   2.5000000000000019E-002    3492.156249984945     
   2.5000000000000019E-002    3514.666666651284     
   2.5000000000000019E-002    3537.093749984291     
   2.5000000000000019E-002    3559.458333317299     
   2.5000000000000019E-002    3581.739583316975     
   2.5000000000000019E-002    3603.968749983318     
   2.5000000000000019E-002    3626.135416649662     
   2.5000000000000019E-002    3648.229166649341     
   2.5000000000000019E-002    3670.281249982353     
   2.5000000000000019E-002    3692.270833315366     
   2.5000000000000019E-002    3714.197916648381     
   2.5000000000000019E-002    3736.083333314729     
   2.5000000000000019E-002    3757.916666647744     
   2.5000000000000019E-002    3779.708333314094     
   2.5000000000000019E-002    3801.458333313778     
   2.5000000000000019E-002    3823.156249980128     
   2.5000000000000019E-002    3844.812499979813     
   2.5000000000000019E-002    3866.427083312832     
   2.5000000000000019E-002    3888.010416645851     
   2.5000000000000019E-002    3909.552083312205     
   2.5000000000000019E-002    3931.062499978558     
   2.5000000000000019E-002    3952.541666644912     
   2.5000000000000019E-002    3973.979166644600     
   2.5000000000000019E-002    3995.395833310955     
   2.5000000000000019E-002    4016.770833310644     
   2.5000000000000019E-002    4038.124999977000     
   2.5000000000000019E-002    4059.447916643357     
   2.5000000000000019E-002    4080.739583309713     
   2.5000000000000019E-002    4102.010416642999     
   2.5000000000000019E-002    4123.249999976951     
   2.5000000000000019E-002    4144.468749977568     
   2.5000000000000019E-002    4165.666666644852     
   2.5000000000000019E-002    4186.843749978801     
   2.5000000000000019E-002    4207.999999979417     
   2.5000000000000019E-002    4229.135416646699     
   2.5000000000000019E-002    4250.239583313980     
   2.5000000000000019E-002    4271.333333314594     
   2.5000000000000019E-002    4292.416666648541     
   2.5000000000000019E-002    4313.468749982487     
   2.5000000000000019E-002    4334.510416649766     
   2.5000000000000019E-002    4355.531249983711     
   2.5000000000000019E-002    4376.541666650989     
   2.5000000000000019E-002    4397.531249984933     
   2.5000000000000019E-002    4418.510416652211     
   2.5000000000000019E-002    4439.468749986154     
   2.5000000000000019E-002    4460.416666653430     
   2.5000000000000019E-002    4481.354166654040     
   2.5000000000000019E-002    4502.270833321315     
   2.5000000000000019E-002    4523.187499988590     
   2.5000000000000019E-002    4544.083333322532     
   2.5000000000000019E-002    4564.968749989806     
   2.5000000000000019E-002    4585.843749990414     
   2.5000000000000019E-002    4606.708333324354     
   2.5000000000000019E-002    4627.562499991628     
   2.5000000000000019E-002    4648.406249992235     
   2.5000000000000019E-002    4669.239583326174     
   2.5000000000000019E-002    4690.062499993447     
   2.5000000000000019E-002    4710.874999994053     
   2.5000000000000019E-002    4731.687499994659     
   2.5000000000000019E-002    4752.479166661930     
   2.5000000000000019E-002    4773.270833329202     
   2.5000000000000019E-002    4794.052083329807     
   2.5000000000000019E-002    4814.822916663745     
   2.5000000000000019E-002    4835.593749997683     
   2.5000000000000019E-002    4856.354166664953     
   2.5000000000000019E-002    4877.104166665557     
   2.5000000000000019E-002    4897.854166666161     
   2.5000000000000019E-002    4918.593750000098     
   2.5000000000000019E-002    4939.333333334035     
   2.5000000000000019E-002    4960.062500001305     
   2.5000000000000019E-002    4980.781250001908     
   2.5000000000000019E-002    5001.500000002511     
   2.5000000000000019E-002    5022.208333336447     
   2.5000000000000019E-002    5042.916666670383     
   2.5000000000000019E-002    5063.614583337652     
   2.5000000000000019E-002    5084.312500004921     
   2.5000000000000019E-002    5105.010416672190     
   2.5000000000000019E-002    5125.697916672792     
   2.5000000000000019E-002    5146.375000006728     
   2.5000000000000019E-002    5167.052083340663     
   2.5000000000000019E-002    5187.729166674598     
   2.5000000000000019E-002    5208.406250008533     
   2.5000000000000019E-002    5229.072916675801     
   2.5000000000000019E-002    5249.729166676402     
   2.5000000000000019E-002    5270.395833343670     
   2.5000000000000019E-002    5291.052083344272     
   2.5000000000000019E-002    5311.708333344873     
   2.5000000000000019E-002    5332.354166678807     
   2.5000000000000019E-002    5353.000000012741     
   2.5000000000000019E-002    5373.645833346675     
   2.5000000000000019E-002    5394.291666680610     
   2.5000000000000019E-002    5414.927083347877     
   2.5000000000000019E-002    5435.562500015144     
   2.5000000000000019E-002    5456.197916682411     
   2.5000000000000019E-002    5476.822916683011     
   2.5000000000000019E-002    5497.447916683612     
   2.5000000000000019E-002    5518.083333350879     
   2.5000000000000019E-002    5538.697916684812     
   2.5000000000000019E-002    5559.322916685413     
   2.5000000000000019E-002    5579.937500019346     
   2.5000000000000019E-002    5600.562500019946     
   2.5000000000000019E-002    5621.177083353879     
   2.5000000000000019E-002    5641.791666687813     
   2.5000000000000019E-002    5662.395833355079     
   2.5000000000000019E-002    5683.010416689012     
   2.5000000000000019E-002    5703.614583356279     
   2.5000000000000019E-002    5724.218750023545     
   2.5000000000000019E-002    5744.833333357478     
   2.5000000000000019E-002    5765.427083358078     
   2.5000000000000019E-002    5786.031250025344     
   2.5000000000000019E-002    5806.635416692610     
   2.5000000000000019E-002    5827.229166693210     
   2.5000000000000019E-002    5847.833333360476     
   2.5000000000000019E-002    5868.427083361075     
   2.5000000000000019E-002    5889.020833361675     
   2.5000000000000019E-002    5909.614583362274     
   2.5000000000000019E-002    5930.208333362873     
   2.5000000000000019E-002    5950.802083363473     
   2.5000000000000019E-002    5971.385416697405     
   2.5000000000000019E-002    5991.979166698005     
   2.5000000000000019E-002    6012.562500031937     
   2.5000000000000019E-002    6033.156250032536     
   2.5000000000000019E-002    6053.739583366469     
   2.5000000000000019E-002    6074.322916700401     
   2.5000000000000019E-002    6094.906250034333     
   2.5000000000000019E-002    6115.489583368266     
   2.5000000000000019E-002    6136.072916702198     
   2.5000000000000019E-002    6156.656250036131     
   2.5000000000000019E-002    6177.239583370063     
   2.5000000000000019E-002    6197.812500037328     
   2.5000000000000019E-002    6218.395833371261     
   2.5000000000000019E-002    6238.968750038526     
   2.5000000000000019E-002    6259.552083372459     
   2.5000000000000019E-002    6280.125000039724     
   2.5000000000000019E-002    6300.708333373656     
   2.5000000000000019E-002    6321.281250040922     
   2.5000000000000019E-002    6341.854166708187     
   2.5000000000000019E-002    6362.427083375453     
   2.5000000000000019E-002    6383.010416709385     
   2.5000000000000019E-002    6403.583333376650     
   2.5000000000000019E-002    6424.156250043916     
   2.5000000000000019E-002    6444.729166711181     
   2.5000000000000019E-002    6465.302083378447     
   2.5000000000000019E-002    6485.864583379045     
   2.5000000000000019E-002    6506.437500046311     
   2.5000000000000019E-002    6527.010416713576     
   2.5000000000000019E-002    6547.583333380841     
   2.5000000000000019E-002    6568.156250048107     
   2.5000000000000019E-002    6588.718750048705     
   2.5000000000000019E-002    6609.291666715971     
   2.5000000000000019E-002    6629.854166716569     
   2.5000000000000019E-002    6650.427083383835     
   2.5000000000000019E-002    6671.000000051100     
   2.5000000000000019E-002    6691.562500051698     
   2.5000000000000019E-002    6712.135416718964     
   2.5000000000000019E-002    6732.697916719562     
   2.5000000000000019E-002    6753.260416720161     
   2.5000000000000019E-002    6773.833333387426     
   2.5000000000000019E-002    6794.395833388025     
   2.5000000000000019E-002    6814.958333388623     
   2.5000000000000019E-002    6835.531250055888     
   2.5000000000000019E-002    6856.093750056487     
   2.5000000000000019E-002    6876.656250057085     
   2.5000000000000019E-002    6897.229166724351     
   2.5000000000000019E-002    6917.791666724949     
   2.5000000000000019E-002    6938.354166725548     
   2.5000000000000019E-002    6958.916666726146     
   2.5000000000000019E-002    6979.479166726745     
   2.5000000000000019E-002    7000.041666727343     
   2.5000000000000019E-002    7020.604166727941     
   2.5000000000000019E-002    7041.177083395207     
   2.5000000000000019E-002    7061.739583395805     
   2.5000000000000019E-002    7082.302083396404     
   2.5000000000000019E-002    7102.864583397002     
   2.5000000000000019E-002    7123.427083397601     
   2.5000000000000019E-002    7143.989583398199     
   2.5000000000000019E-002    7164.552083398798     
   2.5000000000000019E-002    7185.114583399396     
   2.5000000000000019E-002    7205.677083399994     
   2.5000000000000019E-002    7226.239583400593     
   2.5500000000000019E-002    127.3229166666896     
   2.5500000000000019E-002    147.0208333333393     
   2.5500000000000019E-002    166.6562499999881     
   2.5500000000000019E-002    186.2395833333036     
   2.5500000000000019E-002    205.7604166666192     
   2.5500000000000019E-002    225.2291666666015     
   2.5500000000000019E-002    244.6458333332505     
   2.5500000000000019E-002    264.0208333332548     
   2.5500000000000019E-002    283.3437499999566     
   2.5500000000000019E-002    302.6249999999916     
   2.5500000000000019E-002    321.8541666666933     
   2.5500000000000019E-002    341.0520833333949     
   2.5500000000000019E-002    360.2083333334297     
   2.5500000000000019E-002    379.3229166667978     
   2.5500000000000019E-002    398.4062500001659     
   2.5500000000000019E-002    417.4479166668672     
   2.5500000000000019E-002    436.4583333335684     
   2.5500000000000019E-002    455.4375000002696     
   2.5500000000000019E-002    474.3854166669707     
   2.5500000000000019E-002    493.3020833336718     
   2.5500000000000019E-002    512.1979166670384     
   2.5500000000000019E-002    531.0625000003031     
   2.5500000000000019E-002    549.8958333335679     
   2.5500000000000019E-002    568.7083333334995     
   2.5500000000000019E-002    587.4895833334311     
   2.5500000000000019E-002    606.2500000000296     
   2.5500000000000019E-002    624.9895833332947     
   2.5500000000000019E-002    643.7083333332266     
   2.5500000000000019E-002    662.4062499998253     
   2.5500000000000019E-002    681.0833333330906     
   2.5500000000000019E-002    699.7395833330228     
   2.5500000000000019E-002    718.3749999996217     
   2.5500000000000019E-002    736.9999999995539     
   2.5500000000000019E-002    755.6041666661529     
   2.5500000000000019E-002    774.1874999994186     
   2.5500000000000019E-002    792.7604166660177     
   2.5500000000000019E-002    811.3124999992835     
   2.5500000000000019E-002    829.8541666658828     
   2.5500000000000019E-002    848.3854166658153     
   2.5500000000000019E-002    866.8958333324147     
   2.5500000000000019E-002    885.3958333323474     
   2.5500000000000019E-002    903.8749999989468     
   2.5500000000000019E-002    922.3541666655462     
   2.5500000000000019E-002    940.8124999988124     
   2.5500000000000019E-002    959.2604166654120     
   2.5500000000000019E-002    977.6979166653449     
   2.5500000000000019E-002    996.1354166652778     
   2.5500000000000019E-002    1014.552083331877     
   2.5500000000000019E-002    1032.958333331908     
   2.5500000000000019E-002    1051.354166665375     
   2.5500000000000019E-002    1069.749999998843     
   2.5500000000000019E-002    1088.124999998976     
   2.5500000000000019E-002    1106.499999999110     
   2.5500000000000019E-002    1124.864583332577     
   2.5500000000000019E-002    1143.218749999377     
   2.5500000000000019E-002    1161.562499999511     
   2.5500000000000019E-002    1179.906249999644     
   2.5500000000000019E-002    1198.239583333111     
   2.5500000000000019E-002    1216.562499999911     
   2.5500000000000019E-002    1234.885416666711     
   2.5500000000000019E-002    1253.197916666844     
   2.5500000000000019E-002    1271.500000000311     
   2.5500000000000019E-002    1289.802083333777     
   2.5500000000000019E-002    1308.104166667244     
   2.5500000000000019E-002    1326.385416667377     
   2.5500000000000019E-002    1344.677083334176     
   2.5500000000000019E-002    1362.947916667643     
   2.5500000000000019E-002    1381.229166667776     
   2.5500000000000019E-002    1399.489583334575     
   2.5500000000000019E-002    1417.760416668041     
   2.5500000000000019E-002    1436.020833334841     
   2.5500000000000019E-002    1454.270833334974     
   2.5500000000000019E-002    1472.520833335107     
   2.5500000000000019E-002    1490.770833335239     
   2.5500000000000019E-002    1509.010416668705     
   2.5500000000000019E-002    1527.250000002171     
   2.5500000000000019E-002    1545.489583335637     
   2.5500000000000019E-002    1563.718750002437     
   2.5500000000000019E-002    1581.947916669236     
   2.5500000000000019E-002    1600.177083336035     
   2.5500000000000019E-002    1618.395833336168     
   2.5500000000000019E-002    1636.614583336300     
   2.5500000000000019E-002    1654.833333336433     
   2.5500000000000019E-002    1673.041666669899     
   2.5500000000000019E-002    1691.250000003365     
   2.5500000000000019E-002    1709.458333336830     
   2.5500000000000019E-002    1727.666666670296     
   2.5500000000000019E-002    1745.864583337095     
   2.5500000000000019E-002    1764.072916670561     
   2.5500000000000019E-002    1782.270833337360     
   2.5500000000000019E-002    1800.458333337493     
   2.5500000000000019E-002    1818.656250004292     
   2.5500000000000019E-002    1836.843750004424     
   2.5500000000000019E-002    1855.031250004556     
   2.5500000000000019E-002    1873.218750004689     
   2.5500000000000019E-002    1891.406250004821     
   2.5500000000000019E-002    1909.593750004953     
   2.5500000000000019E-002    1927.770833338419     
   2.5500000000000019E-002    1945.947916671885     
   2.5500000000000019E-002    1964.135416672017     
   2.5500000000000019E-002    1982.312500005482     
   2.5500000000000019E-002    2000.479166672281     
   2.5500000000000019E-002    2018.656250005747     
   2.5500000000000019E-002    2036.833333339212     
   2.5500000000000019E-002    2055.000000005859     
   2.5500000000000019E-002    2073.166666672261     
   2.5500000000000019E-002    2091.333333338663     
   2.5500000000000019E-002    2109.500000005065     
   2.5500000000000019E-002    2127.666666671468     
   2.5500000000000019E-002    2145.833333337870     
   2.5500000000000019E-002    2164.000000004272     
   2.5500000000000019E-002    2182.156250004008     
   2.5500000000000019E-002    2200.322916670410     
   2.5500000000000019E-002    2218.479166670146     
   2.5500000000000019E-002    2236.635416669882     
   2.5500000000000019E-002    2254.791666669618     
   2.5500000000000019E-002    2272.958333336020     
   2.5500000000000019E-002    2291.114583335756     
   2.5500000000000019E-002    2309.260416668825     
   2.5500000000000019E-002    2327.416666668561     
   2.5500000000000019E-002    2345.572916668297     
   2.5500000000000019E-002    2363.729166668033     
   2.5500000000000019E-002    2381.875000001102     
   2.5500000000000019E-002    2400.031250000838     
   2.5500000000000019E-002    2418.177083333907     
   2.5500000000000019E-002    2436.333333333643     
   2.5500000000000019E-002    2454.479166666712     
   2.5500000000000019E-002    2472.624999999781     
   2.5500000000000019E-002    2490.781249999517     
   2.5500000000000019E-002    2508.927083332586     
   2.5500000000000019E-002    2527.072916665656     
   2.5500000000000019E-002    2545.218749998725     
   2.5500000000000019E-002    2563.364583331794     
   2.5500000000000019E-002    2581.510416664863     
   2.5500000000000019E-002    2599.656249997933     
   2.5500000000000019E-002    2617.802083331002     
   2.5500000000000019E-002    2635.937499997405     
   2.5500000000000019E-002    2654.083333330474     
   2.5500000000000019E-002    2672.229166663543     
   2.5500000000000019E-002    2690.374999996613     
   2.5500000000000019E-002    2708.510416663015     
   2.5500000000000019E-002    2726.656249996085     
   2.5500000000000019E-002    2744.791666662487     
   2.5500000000000019E-002    2762.937499995557     
   2.5500000000000019E-002    2781.072916661959     
   2.5500000000000019E-002    2799.218749995029     
   2.5500000000000019E-002    2817.354166661431     
   2.5500000000000019E-002    2835.499999994501     
   2.5500000000000019E-002    2853.635416660904     
   2.5500000000000019E-002    2871.781249993973     
   2.5500000000000019E-002    2889.916666660376     
   2.5500000000000019E-002    2908.052083326778     
   2.5500000000000019E-002    2926.187499993181     
   2.5500000000000019E-002    2944.333333326250     
   2.5500000000000019E-002    2962.468749992653     
   2.5500000000000019E-002    2980.604166659056     
   2.5500000000000019E-002    2998.739583325459     
   2.5500000000000019E-002    3016.874999991861     
   2.5500000000000019E-002    3035.020833324931     
   2.5500000000000019E-002    3053.156249991333     
   2.5500000000000019E-002    3071.291666657736     
   2.5500000000000019E-002    3089.427083324139     
   2.5500000000000019E-002    3107.562499990542     
   2.5500000000000019E-002    3125.697916656944     
   2.5500000000000019E-002    3143.833333323347     
   2.5500000000000019E-002    3161.968749989750     
   2.5500000000000019E-002    3180.104166656153     
   2.5500000000000019E-002    3198.239583322556     
   2.5500000000000019E-002    3216.374999988958     
   2.5500000000000019E-002    3234.510416655361     
   2.5500000000000019E-002    3252.645833321764     
   2.5500000000000019E-002    3270.781249988167     
   2.5500000000000019E-002    3288.906249987903     
   2.5500000000000019E-002    3307.041666654306     
   2.5500000000000019E-002    3325.177083320708     
   2.5500000000000019E-002    3343.312499987111     
   2.5500000000000019E-002    3361.447916653514     
   2.5500000000000019E-002    3379.583333319917     
   2.6000000000000020E-002    118.7291666666857     
   2.6000000000000020E-002    136.1770833333492     
   2.6000000000000020E-002    153.5937500000000     
   2.6000000000000020E-002    170.9687499999842     
   2.6000000000000020E-002    188.3124999999684     
   2.6000000000000020E-002    205.6145833332860     
   2.6000000000000020E-002    222.8854166666036     
   2.6000000000000020E-002    240.1249999999213     
   2.6000000000000020E-002    257.3333333332426     
   2.6000000000000020E-002    274.5104166666072     
   2.6000000000000020E-002    291.6666666666384     
   2.6000000000000020E-002    308.7916666666695     
   2.6000000000000020E-002    325.8854166667006     
   2.6000000000000020E-002    342.9583333333983     
   2.6000000000000020E-002    360.0000000000960     
   2.6000000000000020E-002    377.0312500001270     
   2.6000000000000020E-002    394.0312500001579     
   2.6000000000000020E-002    411.0104166668555     
   2.6000000000000020E-002    427.9687500002196     
   2.6000000000000020E-002    444.9166666669171     
   2.6000000000000020E-002    461.8333333336146     
   2.6000000000000020E-002    478.7395833336453     
   2.6000000000000020E-002    495.6250000003427     
   2.6000000000000020E-002    512.4895833337040     
   2.6000000000000020E-002    529.3437500003093     
   2.6000000000000020E-002    546.1770833335814     
   2.6000000000000020E-002    563.0000000001869     
   2.6000000000000020E-002    579.8125000001257     
   2.6000000000000020E-002    596.6041666667313     
   2.6000000000000020E-002    613.3854166666703     
   2.6000000000000020E-002    630.1458333332760     
   2.6000000000000020E-002    646.9062499998817     
   2.6000000000000020E-002    663.6458333331541     
   2.6000000000000020E-002    680.3749999997599     
   2.6000000000000020E-002    697.0937499996991     
   2.6000000000000020E-002    713.8020833329716     
   2.6000000000000020E-002    730.4999999995775     
   2.6000000000000020E-002    747.1874999995168     
   2.6000000000000020E-002    763.8645833327895     
   2.6000000000000020E-002    780.5416666660622     
   2.6000000000000020E-002    797.1979166660016     
   2.6000000000000020E-002    813.8541666659410     
   2.6000000000000020E-002    830.4895833325471     
   2.6000000000000020E-002    847.1249999991533     
   2.6000000000000020E-002    863.7604166657594     
   2.6000000000000020E-002    880.3749999990323     
   2.6000000000000020E-002    896.9895833323052     
   2.6000000000000020E-002    913.5937499989114     
   2.6000000000000020E-002    930.1979166655177     
   2.6000000000000020E-002    946.7916666654573     
   2.6000000000000020E-002    963.3749999987303     
   2.6000000000000020E-002    979.9583333320033     
   2.6000000000000020E-002    996.5312499986097     
   2.6000000000000020E-002    1013.104166665216     
   2.6000000000000020E-002    1029.666666665218     
   2.6000000000000020E-002    1046.229166665338     
   2.6000000000000020E-002    1062.781249998792     
   2.6000000000000020E-002    1079.333333332246     
   2.6000000000000020E-002    1095.874999999033     
   2.6000000000000020E-002    1112.416666665820     
   2.6000000000000020E-002    1128.947916665940     
   2.6000000000000020E-002    1145.479166666060     
   2.6000000000000020E-002    1162.010416666181     
   2.6000000000000020E-002    1178.531249999634     
   2.6000000000000020E-002    1195.052083333088     
   2.6000000000000020E-002    1211.562499999874     
   2.6000000000000020E-002    1228.072916666661     
   2.6000000000000020E-002    1244.583333333448     
   2.6000000000000020E-002    1261.093750000235     
   2.6000000000000020E-002    1277.593750000355     
   2.6000000000000020E-002    1294.093750000475     
   2.6000000000000020E-002    1310.593750000595     
   2.6000000000000020E-002    1327.083333334048     
   2.6000000000000020E-002    1343.572916667502     
   2.6000000000000020E-002    1360.062500000955     
   2.6000000000000020E-002    1376.552083334408     
   2.6000000000000020E-002    1393.031250001195     
   2.6000000000000020E-002    1409.510416667981     
   2.6000000000000020E-002    1425.989583334768     
   2.6000000000000020E-002    1442.468750001555     
   2.6000000000000020E-002    1458.937500001674     
   2.6000000000000020E-002    1475.416666668461     
   2.6000000000000020E-002    1491.885416668581     
   2.6000000000000020E-002    1508.343750002034     
   2.6000000000000020E-002    1524.812500002154     
   2.6000000000000020E-002    1541.281250002274     
   2.6000000000000020E-002    1557.739583335727     
   2.6000000000000020E-002    1574.197916669180     
   2.6000000000000020E-002    1590.656250002633     
   2.6000000000000020E-002    1607.114583336086     
   2.6000000000000020E-002    1623.572916669539     
   2.6000000000000020E-002    1640.031250002992     
   2.6000000000000020E-002    1656.479166669778     
   2.6000000000000020E-002    1672.927083336565     
   2.6000000000000020E-002    1689.385416670018     
   2.6000000000000020E-002    1705.833333336804     
   2.6000000000000020E-002    1722.281250003590     
   2.6000000000000020E-002    1738.729166670377     
   2.6000000000000020E-002    1755.166666670496     
   2.6000000000000020E-002    1771.614583337283     
   2.6000000000000020E-002    1788.052083337402     
   2.6000000000000020E-002    1804.500000004189     
   2.6000000000000020E-002    1820.937500004308     
   2.6000000000000020E-002    1837.375000004428     
   2.6000000000000020E-002    1853.822916671214     
   2.6000000000000020E-002    1870.260416671334     
   2.6000000000000020E-002    1886.697916671453     
   2.6000000000000020E-002    1903.125000004906     
   2.6000000000000020E-002    1919.562500005026     
   2.6000000000000020E-002    1936.000000005145     
   2.6000000000000020E-002    1952.437500005265     
   2.6000000000000020E-002    1968.864583338718     
   2.6000000000000020E-002    1985.302083338838     
   2.6000000000000020E-002    2001.729166672290     
   2.6000000000000020E-002    2018.166666672410     
   2.6000000000000020E-002    2034.593750005863     
   2.6000000000000020E-002    2051.020833339250     
   2.6000000000000020E-002    2067.447916672344     
   2.6000000000000020E-002    2083.875000005438     
   2.6000000000000020E-002    2100.302083338533     
   2.6000000000000020E-002    2116.729166671627     
   2.6000000000000020E-002    2133.156250004721     
   2.6000000000000020E-002    2149.583333337815     
   2.6000000000000020E-002    2166.010416670910     
   2.6000000000000020E-002    2182.437500004004     
   2.6000000000000020E-002    2198.864583337098     
   2.6000000000000020E-002    2215.291666670193     
   2.6000000000000020E-002    2231.708333336620     
   2.6000000000000020E-002    2248.135416669715     
   2.6000000000000020E-002    2264.562500002809     
   2.6000000000000020E-002    2280.979166669237     
   2.6000000000000020E-002    2297.406250002331     
   2.6000000000000020E-002    2313.822916668759     
   2.6000000000000020E-002    2330.250000001853     
   2.6000000000000020E-002    2346.666666668281     
   2.6000000000000020E-002    2363.093750001375     
   2.6000000000000020E-002    2379.510416667803     
   2.6000000000000020E-002    2395.927083334231     
   2.6000000000000020E-002    2412.354166667325     
   2.6000000000000020E-002    2428.770833333753     
   2.6000000000000020E-002    2445.187500000181     
   2.6000000000000020E-002    2461.604166666608     
   2.6000000000000020E-002    2478.031249999703     
   2.6000000000000020E-002    2494.447916666130     
   2.6000000000000020E-002    2510.864583332558     
   2.6000000000000020E-002    2527.281249998986     
   2.6000000000000020E-002    2543.697916665414     
   2.6000000000000020E-002    2560.114583331841     
   2.6000000000000020E-002    2576.531249998269     
   2.6000000000000020E-002    2592.947916664697     
   2.6000000000000020E-002    2609.364583331125     
   2.6000000000000020E-002    2625.791666664219     
   2.6000000000000020E-002    2642.208333330647     
   2.6000000000000020E-002    2658.624999997075     
   2.6000000000000020E-002    2675.031249996836     
   2.6000000000000020E-002    2691.447916663264     
   2.6000000000000020E-002    2707.864583329691     
   2.6000000000000020E-002    2724.281249996119     
   2.6000000000000020E-002    2740.697916662547     
   2.6000000000000020E-002    2757.114583328975     
   2.6000000000000020E-002    2773.531249995403     
   2.6000000000000020E-002    2789.947916661830     
   2.6000000000000020E-002    2806.364583328258     
   2.6000000000000020E-002    2822.781249994686     
   2.6000000000000020E-002    2839.187499994447     
   2.6000000000000020E-002    2855.604166660875     
   2.6000000000000020E-002    2872.020833327303     
   2.6000000000000020E-002    2888.437499993730     
   2.6000000000000020E-002    2904.854166660158     
   2.6000000000000020E-002    2921.260416659919     
   2.6000000000000020E-002    2937.677083326347     
   2.6000000000000020E-002    2954.093749992775     
   2.6000000000000020E-002    2970.510416659203     
   2.6000000000000020E-002    2986.916666658964     
   2.6000000000000020E-002    3003.333333325392     
   2.6000000000000020E-002    3019.749999991820     
   2.6500000000000020E-002    112.4166666666829     
   2.6500000000000020E-002    128.2500000000231     
   2.6500000000000020E-002    144.0520833333420     
   2.6500000000000020E-002    159.8333333333277     
   2.6500000000000020E-002    175.5937499999800     
   2.6500000000000020E-002    191.3333333332990     
   2.6500000000000020E-002    207.0416666666181     
   2.6500000000000020E-002    222.7291666666038     
   2.6500000000000020E-002    238.3958333332562     
   2.6500000000000020E-002    254.0416666665753     
   2.6500000000000020E-002    269.6666666665984     
   2.6500000000000020E-002    285.2708333332934     
   2.6500000000000020E-002    300.8645833333218     
   2.6500000000000020E-002    316.4375000000168     
   2.6500000000000020E-002    331.9895833333784     
   2.6500000000000020E-002    347.5312500000733     
   2.6500000000000020E-002    363.0520833334349     
   2.6500000000000020E-002    378.5625000001298     
   2.6500000000000020E-002    394.0520833334913     
   2.6500000000000020E-002    409.5312500001861     
   2.6500000000000020E-002    425.0000000002142     
   2.6500000000000020E-002    440.4479166669090     
   2.6500000000000020E-002    455.8958333336038     
   2.6500000000000020E-002    471.3229166669652     
   2.6500000000000020E-002    486.7395833336599     
   2.6500000000000020E-002    502.1458333336879     
   2.6500000000000020E-002    517.5416666670189     
   2.6500000000000020E-002    532.9270833336296     
   2.6500000000000020E-002    548.3020833335737     
   2.6500000000000020E-002    563.6666666668511     
   2.6500000000000020E-002    579.0312500001286     
   2.6500000000000020E-002    594.3750000000728     
   2.6500000000000020E-002    609.7187500000169     
   2.6500000000000020E-002    625.0520833332945     
   2.6500000000000020E-002    640.3749999999054     
   2.6500000000000020E-002    655.6874999998497     
   2.6500000000000020E-002    670.9999999997940     
   2.6500000000000020E-002    686.3020833330717     
   2.6500000000000020E-002    701.5937499996827     
   2.6500000000000020E-002    716.8854166662937     
   2.6500000000000020E-002    732.1666666662381     
   2.6500000000000020E-002    747.4479166661826     
   2.6500000000000020E-002    762.7187499994603     
   2.6500000000000020E-002    777.9791666660715     
   2.6500000000000020E-002    793.2395833326826     
   2.6500000000000020E-002    808.4999999992938     
   2.6500000000000020E-002    823.7499999992383     
   2.6500000000000020E-002    838.9895833325162     
   2.6500000000000020E-002    854.2291666657941     
   2.6500000000000020E-002    869.4687499990720     
   2.6500000000000020E-002    884.6979166656832     
   2.6500000000000020E-002    899.9270833322945     
   2.6500000000000020E-002    915.1458333322391     
   2.6500000000000020E-002    930.3645833321838     
   2.6500000000000020E-002    945.5833333321284     
   2.6500000000000020E-002    960.7916666654064     
   2.6500000000000020E-002    975.9999999986844     
   2.6500000000000020E-002    991.1979166652958     
   2.6500000000000020E-002    1006.406249998574     
   2.6500000000000020E-002    1021.604166665185     
   2.6500000000000020E-002    1036.791666665270     
   2.6500000000000020E-002    1051.989583332047     
   2.6500000000000020E-002    1067.177083332157     
   2.6500000000000020E-002    1082.364583332268     
   2.6500000000000020E-002    1097.541666665712     
   2.6500000000000020E-002    1112.729166665822     
   2.6500000000000020E-002    1127.906249999266     
   2.6500000000000020E-002    1143.083333332710     
   2.6500000000000020E-002    1158.249999999487     
   2.6500000000000020E-002    1173.427083332930     
   2.6500000000000020E-002    1188.593749999707     
   2.6500000000000020E-002    1203.760416666484     
   2.6500000000000020E-002    1218.927083333261     
   2.6500000000000020E-002    1234.083333333372     
   2.6500000000000020E-002    1249.250000000149     
   2.6500000000000020E-002    1264.406250000259     
   2.6500000000000020E-002    1279.562500000369     
   2.6500000000000020E-002    1294.718750000480     
   2.6500000000000020E-002    1309.875000000590     
   2.6500000000000020E-002    1325.020833334033     
   2.6500000000000020E-002    1340.177083334144     
   2.6500000000000020E-002    1355.322916667587     
   2.6500000000000020E-002    1370.468750001031     
   2.6500000000000020E-002    1385.614583334474     
   2.6500000000000020E-002    1400.760416667918     
   2.6500000000000020E-002    1415.906250001361     
   2.6500000000000020E-002    1431.052083334805     
   2.6500000000000020E-002    1446.187500001582     
   2.6500000000000020E-002    1461.333333335025     
   2.6500000000000020E-002    1476.468750001802     
   2.6500000000000020E-002    1491.604166668579     
   2.6500000000000020E-002    1506.739583335356     
   2.6500000000000020E-002    1521.875000002132     
   2.6500000000000020E-002    1537.010416668909     
   2.6500000000000020E-002    1552.145833335686     
   2.6500000000000020E-002    1567.281250002463     
   2.6500000000000020E-002    1582.406250002573     
   2.6500000000000020E-002    1597.541666669350     
   2.6500000000000020E-002    1612.677083336126     
   2.6500000000000020E-002    1627.802083336236     
   2.6500000000000020E-002    1642.927083336346     
   2.6500000000000020E-002    1658.062500003123     
   2.6500000000000020E-002    1673.187500003233     
   2.6500000000000020E-002    1688.312500003343     
   2.6500000000000020E-002    1703.437500003453     
   2.6500000000000020E-002    1718.562500003563     
   2.6500000000000020E-002    1733.687500003673     
   2.6500000000000020E-002    1748.812500003783     
   2.6500000000000020E-002    1763.937500003894     
   2.6500000000000020E-002    1779.052083337337     
   2.6500000000000020E-002    1794.177083337447     
   2.6500000000000020E-002    1809.302083337557     
   2.6500000000000020E-002    1824.416666671000     
   2.6500000000000020E-002    1839.541666671110     
   2.6500000000000020E-002    1854.656250004554     
   2.6500000000000020E-002    1869.781250004664     
   2.6500000000000020E-002    1884.895833338107     
   2.6500000000000020E-002    1900.020833338217     
   2.6500000000000020E-002    1915.135416671660     
   2.6500000000000020E-002    1930.250000005104     
   2.6500000000000020E-002    1945.364583338547     
   2.6500000000000020E-002    1960.489583338657     
   2.6500000000000020E-002    1975.604166672100     
   2.6500000000000020E-002    1990.718750005544     
   2.6500000000000020E-002    2005.833333338987     
   2.6500000000000020E-002    2020.947916672430     
   2.6500000000000020E-002    2036.062500005874     
   2.6500000000000020E-002    2051.177083339247     
   2.6500000000000020E-002    2066.291666672361     
   2.6500000000000020E-002    2081.406250005474     
   2.6500000000000020E-002    2096.520833338588     
   2.6500000000000020E-002    2111.635416671701     
   2.6500000000000020E-002    2126.750000004814     
   2.6500000000000020E-002    2141.864583337928     
   2.6500000000000020E-002    2156.979166671041     
   2.6500000000000020E-002    2172.083333337488     
   2.6500000000000020E-002    2187.197916670601     
   2.6500000000000020E-002    2202.312500003715     
   2.6500000000000020E-002    2217.427083336828     
   2.6500000000000020E-002    2232.531250003275     
   2.6500000000000020E-002    2247.645833336388     
   2.6500000000000020E-002    2262.760416669502     
   2.6500000000000020E-002    2277.864583335949     
   2.6500000000000020E-002    2292.979166669062     
   2.6500000000000020E-002    2308.093750002176     
   2.6500000000000020E-002    2323.197916668622     
   2.6500000000000020E-002    2338.312500001736     
   2.6500000000000020E-002    2353.416666668183     
   2.6500000000000020E-002    2368.531250001296     
   2.6500000000000020E-002    2383.645833334409     
   2.6500000000000020E-002    2398.750000000856     
   2.6500000000000020E-002    2413.864583333970     
   2.6500000000000020E-002    2428.968750000417     
   2.6500000000000020E-002    2444.083333333530     
   2.6500000000000020E-002    2459.187499999977     
   2.6500000000000020E-002    2474.302083333090     
   2.6500000000000020E-002    2489.406249999537     
   2.6500000000000020E-002    2504.520833332650     
   2.6500000000000020E-002    2519.624999999097     
   2.6500000000000020E-002    2534.729166665544     
   2.6500000000000020E-002    2549.843749998658     
   2.6500000000000020E-002    2564.947916665104     
   2.6500000000000020E-002    2580.062499998218     
   2.6500000000000020E-002    2595.166666664665     
   2.6500000000000020E-002    2610.270833331112     
   2.6500000000000020E-002    2625.385416664225     
   2.6500000000000020E-002    2640.489583330672     
   2.6500000000000020E-002    2655.593749997119     
   2.6500000000000020E-002    2670.708333330232     
   2.6500000000000020E-002    2685.812499996679     
   2.6500000000000020E-002    2700.916666663126     
   2.6500000000000020E-002    2716.031249996239     
   2.6500000000000020E-002    2731.135416662686     
   2.6500000000000020E-002    2746.239583329133     
   2.7000000000000021E-002    121.5208333333537     
   2.7000000000000021E-002    136.0416666666826     
   2.7000000000000021E-002    150.5520833333361     
   2.7000000000000021E-002    165.0520833333229     
   2.7000000000000021E-002    179.5416666666431     
   2.7000000000000021E-002    194.0104166666299     
   2.7000000000000021E-002    208.4791666666167     
   2.7000000000000021E-002    222.9270833332703     
   2.7000000000000021E-002    237.3645833332571     
   2.7000000000000021E-002    251.7916666665774     
   2.7000000000000021E-002    266.1979166665921     
   2.7000000000000021E-002    280.6041666666183     
   2.7000000000000021E-002    294.9895833333111     
   2.7000000000000021E-002    309.3645833333372     
   2.7000000000000021E-002    323.7395833333634     
   2.7000000000000021E-002    338.0937500000562     
   2.7000000000000021E-002    352.4375000000823     
   2.7000000000000021E-002    366.7812500001083     
   2.7000000000000021E-002    381.1041666668011     
   2.7000000000000021E-002    395.4270833334938     
   2.7000000000000021E-002    409.7291666668531     
   2.7000000000000021E-002    424.0312500002125     
   2.7000000000000021E-002    438.3333333335718     
   2.7000000000000021E-002    452.6145833335978     
   2.7000000000000021E-002    466.8958333336238     
   2.7000000000000021E-002    481.1666666669831     
   2.7000000000000021E-002    495.4270833336757     
   2.7000000000000021E-002    509.6875000003683     
   2.7000000000000021E-002    523.9375000003290     
   2.7000000000000021E-002    538.1770833336105     
   2.7000000000000021E-002    552.4166666668921     
   2.7000000000000021E-002    566.6458333335070     
   2.7000000000000021E-002    580.8750000001219     
   2.7000000000000021E-002    595.0937500000701     
   2.7000000000000021E-002    609.3125000000184     
   2.7000000000000021E-002    623.5208333333001     
   2.7000000000000021E-002    637.7291666665817     
   2.7000000000000021E-002    651.9270833331967     
   2.7000000000000021E-002    666.1249999998117     
   2.7000000000000021E-002    680.3229166664267     
   2.7000000000000021E-002    694.5104166663751     
   2.7000000000000021E-002    708.6874999996569     
   2.7000000000000021E-002    722.8749999996053     
   2.7000000000000021E-002    737.0416666662204     
   2.7000000000000021E-002    751.2187499995022     
   2.7000000000000021E-002    765.3854166661173     
   2.7000000000000021E-002    779.5520833327324     
   2.7000000000000021E-002    793.7187499993476     
   2.7000000000000021E-002    807.8749999992961     
   2.7000000000000021E-002    822.0312499992446     
   2.7000000000000021E-002    836.1770833325264     
   2.7000000000000021E-002    850.3333333324749     
   2.7000000000000021E-002    864.4791666657568     
   2.7000000000000021E-002    878.6249999990387     
   2.7000000000000021E-002    892.7604166656539     
   2.7000000000000021E-002    906.8958333322691     
   2.7000000000000021E-002    921.0416666655510     
   2.7000000000000021E-002    935.1666666654996     
   2.7000000000000021E-002    949.3020833321149     
   2.7000000000000021E-002    963.4374999987301     
   2.7000000000000021E-002    977.5624999986787     
   2.7000000000000021E-002    991.6874999986273     
   2.7000000000000021E-002    1005.812499998576     
   2.7000000000000021E-002    1019.927083331858     
   2.7000000000000021E-002    1034.052083331916     
   2.7000000000000021E-002    1048.166666665352     
   2.7000000000000021E-002    1062.281249998788     
   2.7000000000000021E-002    1076.395833332224     
   2.7000000000000021E-002    1090.510416665660     
   2.7000000000000021E-002    1104.624999999096     
   2.7000000000000021E-002    1118.729166665866     
   2.7000000000000021E-002    1132.843749999302     
   2.7000000000000021E-002    1146.947916666071     
   2.7000000000000021E-002    1161.052083332840     
   2.7000000000000021E-002    1175.156249999610     
   2.7000000000000021E-002    1189.260416666379     
   2.7000000000000021E-002    1203.364583333148     
   2.7000000000000021E-002    1217.468749999917     
   2.7000000000000021E-002    1231.562500000020     
   2.7000000000000021E-002    1245.666666666789     
   2.7000000000000021E-002    1259.760416666892     
   2.7000000000000021E-002    1273.854166666994     
   2.7000000000000021E-002    1287.947916667097     
   2.7000000000000021E-002    1302.041666667199     
   2.7000000000000021E-002    1316.135416667302     
   2.7000000000000021E-002    1330.229166667405     
   2.7000000000000021E-002    1344.322916667507     
   2.7000000000000021E-002    1358.416666667610     
   2.7000000000000021E-002    1372.500000001045     
   2.7000000000000021E-002    1386.593750001148     
   2.7000000000000021E-002    1400.677083334584     
   2.7000000000000021E-002    1414.770833334686     
   2.7000000000000021E-002    1428.854166668122     
   2.7000000000000021E-002    1442.937500001558     
   2.7000000000000021E-002    1457.020833334994     
   2.7000000000000021E-002    1471.114583335096     
   2.7000000000000021E-002    1485.197916668532     
   2.7000000000000021E-002    1499.281250001968     
   2.7000000000000021E-002    1513.364583335404     
   2.7000000000000021E-002    1527.447916668840     
   2.7000000000000021E-002    1541.520833335609     
   2.7000000000000021E-002    1555.604166669044     
   2.7000000000000021E-002    1569.687500002480     
   2.7000000000000021E-002    1583.770833335916     
   2.7000000000000021E-002    1597.843750002685     
   2.7000000000000021E-002    1611.927083336121     
   2.7000000000000021E-002    1626.010416669557     
   2.7000000000000021E-002    1640.083333336326     
   2.7000000000000021E-002    1654.166666669762     
   2.7000000000000021E-002    1668.239583336531     
   2.7000000000000021E-002    1682.312500003300     
   2.7000000000000021E-002    1696.395833336735     
   2.7000000000000021E-002    1710.468750003505     
   2.7000000000000021E-002    1724.541666670274     
   2.7000000000000021E-002    1738.625000003709     
   2.7000000000000021E-002    1752.697916670478     
   2.7000000000000021E-002    1766.770833337247     
   2.7000000000000021E-002    1780.843750004017     
   2.7000000000000021E-002    1794.927083337452     
   2.7000000000000021E-002    1809.000000004221     
   2.7000000000000021E-002    1823.072916670990     
   2.7000000000000021E-002    1837.145833337760     
   2.7000000000000021E-002    1851.218750004529     
   2.7000000000000021E-002    1865.291666671298     
   2.7000000000000021E-002    1879.364583338067     
   2.7000000000000021E-002    1893.437500004836     
   2.7000000000000021E-002    1907.510416671605     
   2.7000000000000021E-002    1921.583333338374     
   2.7000000000000021E-002    1935.656250005143     
   2.7000000000000021E-002    1949.718750005245     
   2.7000000000000021E-002    1963.791666672014     
   2.7000000000000021E-002    1977.864583338783     
   2.7000000000000021E-002    1991.937500005552     
   2.7000000000000021E-002    2006.010416672322     
   2.7000000000000021E-002    2020.083333339091     
   2.7000000000000021E-002    2034.145833339193     
   2.7000000000000021E-002    2048.218750005957     
   2.7000000000000021E-002    2062.291666672419     
   2.7000000000000021E-002    2076.364583338881     
   2.7000000000000021E-002    2090.427083338676     
   2.7000000000000021E-002    2104.500000005138     
   2.7000000000000021E-002    2118.572916671600     
   2.7000000000000021E-002    2132.635416671395     
   2.7000000000000021E-002    2146.708333337857     
   2.7000000000000021E-002    2160.781250004319     
   2.7000000000000021E-002    2174.843750004115     
   2.7000000000000021E-002    2188.916666670576     
   2.7000000000000021E-002    2202.989583337038     
   2.7000000000000021E-002    2217.052083336834     
   2.7000000000000021E-002    2231.125000003296     
   2.7000000000000021E-002    2245.187500003091     
   2.7000000000000021E-002    2259.260416669553     
   2.7000000000000021E-002    2273.333333336015     
   2.7000000000000021E-002    2287.395833335810     
   2.7000000000000021E-002    2301.468750002272     
   2.7000000000000021E-002    2315.531250002067     
   2.7000000000000021E-002    2329.604166668529     
   2.7000000000000021E-002    2343.666666668325     
   2.7000000000000021E-002    2357.739583334786     
   2.7000000000000021E-002    2371.802083334582     
   2.7000000000000021E-002    2385.875000001044     
   2.7000000000000021E-002    2399.937500000839     
   2.7000000000000021E-002    2414.010416667301     
   2.7000000000000021E-002    2428.072916667096     
   2.7000000000000021E-002    2442.145833333558     
   2.7000000000000021E-002    2456.208333333353     
   2.7000000000000021E-002    2470.281249999815     
   2.7000000000000021E-002    2484.343749999611     
   2.7000000000000021E-002    2498.406249999406     
   2.7500000000000021E-002    422.0104166668755     
   2.7500000000000021E-002    435.3020833335663     
   2.7500000000000021E-002    448.6041666669238     
   2.7500000000000021E-002    461.9062500002814     
   2.7500000000000021E-002    475.2083333336389     
   2.7500000000000021E-002    488.5104166669964     
   2.7500000000000021E-002    501.8229166670206     
   2.7500000000000021E-002    515.1250000003611     
   2.7500000000000021E-002    528.4270833336460     
   2.7500000000000021E-002    541.7291666669310     
   2.7500000000000021E-002    555.0208333335493     
   2.7500000000000021E-002    568.3229166668342     
   2.7500000000000021E-002    581.6145833334525     
   2.7500000000000021E-002    594.9062500000708     
   2.7500000000000021E-002    608.1979166666891     
   2.7500000000000021E-002    621.4895833333075     
   2.7500000000000021E-002    634.7708333332591     
   2.7500000000000021E-002    648.0624999998774     
   2.7500000000000021E-002    661.3437499998291     
   2.7500000000000021E-002    674.6249999997808     
   2.7500000000000021E-002    687.8958333330659     
   2.7500000000000021E-002    701.1770833330175     
   2.7500000000000021E-002    714.4479166663026     
   2.7500000000000021E-002    727.7187499995877     
   2.7500000000000021E-002    740.9895833328727     
   2.7500000000000021E-002    754.2604166661578     
   2.7500000000000021E-002    767.5208333327762     
   2.7500000000000021E-002    780.7916666660612     
   2.7500000000000021E-002    794.0520833326797     
   2.7500000000000021E-002    807.3124999992981     
   2.7500000000000021E-002    820.5729166659165     
   2.7500000000000021E-002    833.8333333325349     
   2.7500000000000021E-002    847.0833333324867     
   2.7500000000000021E-002    860.3437499991052     
   2.7500000000000021E-002    873.5937499990570     
   2.7500000000000021E-002    886.8437499990088     
   2.7500000000000021E-002    900.0937499989606     
   2.7500000000000021E-002    913.3437499989124     
   2.7500000000000021E-002    926.5937499988642     
   2.7500000000000021E-002    939.8333333321493     
   2.7500000000000021E-002    953.0833333321011     
   2.7500000000000021E-002    966.3229166653863     
   2.7500000000000021E-002    979.5729166653381     
   2.7500000000000021E-002    992.8124999986233     
   2.7500000000000021E-002    1006.052083331908     
   2.7500000000000021E-002    1019.291666665194     
   2.7500000000000021E-002    1032.531249998572     
   2.7500000000000021E-002    1045.770833332002     
   2.7500000000000021E-002    1058.999999998764     
   2.7500000000000021E-002    1072.239583332194     
   2.7500000000000021E-002    1085.479166665624     
   2.7500000000000021E-002    1098.708333332387     
   2.7500000000000021E-002    1111.947916665816     
   2.7500000000000021E-002    1125.177083332579     
   2.7500000000000021E-002    1138.406249999342     
   2.7500000000000021E-002    1151.635416666105     
   2.7500000000000021E-002    1164.864583332868     
   2.7500000000000021E-002    1178.093749999631     
   2.7500000000000021E-002    1191.322916666394     
   2.7500000000000021E-002    1204.552083333157     
   2.7500000000000021E-002    1217.781249999920     
   2.7500000000000021E-002    1231.010416666683     
   2.7500000000000021E-002    1244.239583333446     
   2.7500000000000021E-002    1257.458333333542     
   2.7500000000000021E-002    1270.687500000305     
   2.7500000000000021E-002    1283.906250000401     
   2.7500000000000021E-002    1297.135416667164     
   2.7500000000000021E-002    1310.354166667260     
   2.7500000000000021E-002    1323.583333334023     
   2.7500000000000021E-002    1336.802083334119     
   2.7500000000000021E-002    1350.020833334215     
   2.7500000000000021E-002    1363.250000000978     
   2.7500000000000021E-002    1376.468750001074     
   2.7500000000000021E-002    1389.687500001171     
   2.7500000000000021E-002    1402.906250001267     
   2.7500000000000021E-002    1416.125000001363     
   2.7500000000000021E-002    1429.343750001459     
   2.7500000000000021E-002    1442.572916668222     
   2.7500000000000021E-002    1455.791666668318     
   2.7500000000000021E-002    1469.000000001748     
   2.7500000000000021E-002    1482.218750001844     
   2.7500000000000021E-002    1495.437500001940     
   2.7500000000000021E-002    1508.656250002036     
   2.7500000000000021E-002    1521.875000002132     
   2.7500000000000021E-002    1535.093750002228     
   2.7500000000000021E-002    1548.312500002325     
   2.7500000000000021E-002    1561.520833335754     
   2.7500000000000021E-002    1574.739583335850     
   2.7500000000000021E-002    1587.958333335946     
   2.7500000000000021E-002    1601.177083336043     
   2.7500000000000021E-002    1614.385416669472     
   2.7500000000000021E-002    1627.604166669568     
   2.7500000000000021E-002    1640.822916669664     
   2.7500000000000021E-002    1654.031250003094     
   2.7500000000000021E-002    1667.250000003190     
   2.7500000000000021E-002    1680.458333336619     
   2.7500000000000021E-002    1693.677083336716     
   2.7500000000000021E-002    1706.885416670145     
   2.7500000000000021E-002    1720.104166670241     
   2.7500000000000021E-002    1733.312500003671     
   2.7500000000000021E-002    1746.531250003767     
   2.7500000000000021E-002    1759.739583337196     
   2.7500000000000021E-002    1772.958333337293     
   2.7500000000000021E-002    1786.166666670722     
   2.7500000000000021E-002    1799.385416670818     
   2.7500000000000021E-002    1812.593750004248     
   2.7500000000000021E-002    1825.812500004344     
   2.7500000000000021E-002    1839.020833337773     
   2.7500000000000021E-002    1852.229166671203     
   2.7500000000000021E-002    1865.447916671299     
   2.7500000000000021E-002    1878.656250004728     
   2.7500000000000021E-002    1891.864583338158     
   2.7500000000000021E-002    1905.083333338254     
   2.7500000000000021E-002    1918.291666671683     
   2.7500000000000021E-002    1931.500000005113     
   2.7500000000000021E-002    1944.708333338542     
   2.7500000000000021E-002    1957.927083338638     
   2.7500000000000021E-002    1971.135416672068     
   2.7500000000000021E-002    1984.343750005497     
   2.7500000000000021E-002    1997.552083338927     
   2.7500000000000021E-002    2010.770833339023     
   2.7500000000000021E-002    2023.979166672452     
   2.7500000000000021E-002    2037.187500005882     
   2.7500000000000021E-002    2050.395833339259     
   2.7500000000000021E-002    2063.614583339066     
   2.7500000000000021E-002    2076.822916672208     
   2.7500000000000021E-002    2090.031250005349     
   2.7500000000000021E-002    2103.239583338490     
   2.7500000000000021E-002    2116.447916671631     
   2.7500000000000021E-002    2129.656250004772     
   2.7500000000000021E-002    2142.875000004580     
   2.7500000000000021E-002    2156.083333337721     
   2.7500000000000021E-002    2169.291666670862     
   2.7500000000000021E-002    2182.500000004003     
   2.7500000000000021E-002    2195.708333337144     
   2.7500000000000021E-002    2208.916666670285     
   2.7500000000000021E-002    2222.125000003427     
   2.7500000000000021E-002    2235.343750003234     
   2.7500000000000021E-002    2248.552083336375     
   2.7500000000000021E-002    2261.760416669516     
   2.7500000000000021E-002    2274.968750002658     
   2.7500000000000021E-002    2288.177083335799     
   2.7500000000000021E-002    2301.385416668940     
   2.7500000000000021E-002    2314.593750002081     
   2.7500000000000021E-002    2327.802083335222     
   2.7500000000000021E-002    2341.010416668363     
   2.8000000000000021E-002    673.5520833331180     
   2.8000000000000021E-002    686.0104166664061     
   2.8000000000000021E-002    698.4687499996941     
   2.8000000000000021E-002    710.9374999996487     
   2.8000000000000021E-002    723.4166666662700     
   2.8000000000000021E-002    735.8958333328912     
   2.8000000000000021E-002    748.3749999995125     
   2.8000000000000021E-002    760.8645833328004     
   2.8000000000000021E-002    773.3541666660883     
   2.8000000000000021E-002    785.8437499993762     
   2.8000000000000021E-002    798.3333333326641     
   2.8000000000000021E-002    810.8229166659520     
   2.8000000000000021E-002    823.3229166659065     
   2.8000000000000021E-002    835.8124999991944     
   2.8000000000000021E-002    848.3020833324823     
   2.8000000000000021E-002    860.8020833324368     
   2.8000000000000021E-002    873.2916666657247     
   2.8000000000000021E-002    885.7812499990126     
   2.8000000000000021E-002    898.2812499989672     
   2.8000000000000021E-002    910.7708333322551     
   2.8000000000000021E-002    923.2708333322096     
   2.8000000000000021E-002    935.7604166654975     
   2.8000000000000021E-002    948.2499999987854     
   2.8000000000000021E-002    960.7499999987399     
   2.8000000000000021E-002    973.2395833320278     
   2.8000000000000021E-002    985.7291666653157     
   2.8000000000000021E-002    998.2291666652702     
   2.8000000000000021E-002    1010.718749998558     
   2.8000000000000021E-002    1023.208333331846     
   2.8000000000000021E-002    1035.697916665262     
   2.8000000000000021E-002    1048.197916665353     
   2.8000000000000021E-002    1060.687499998777     
   2.8000000000000021E-002    1073.177083332201     
   2.8000000000000021E-002    1085.666666665625     
   2.8000000000000021E-002    1098.156249999049     
   2.8000000000000021E-002    1110.645833332474     
   2.8000000000000021E-002    1123.145833332565     
   2.8000000000000021E-002    1135.635416665989     
   2.8000000000000021E-002    1148.124999999413     
   2.8000000000000021E-002    1160.614583332837     
   2.8000000000000021E-002    1173.104166666261     
   2.8000000000000021E-002    1185.593749999686     
   2.8000000000000021E-002    1198.083333333110     
   2.8000000000000021E-002    1210.572916666534     
   2.8000000000000021E-002    1223.062499999958     
   2.8000000000000021E-002    1235.541666666716     
   2.8000000000000021E-002    1248.031250000140     
   2.8000000000000021E-002    1260.520833333564     
   2.8000000000000021E-002    1273.010416666988     
   2.8000000000000021E-002    1285.500000000412     
   2.8000000000000021E-002    1297.989583333837     
   2.8000000000000021E-002    1310.479166667261     
   2.8000000000000021E-002    1322.958333334018     
   2.8000000000000021E-002    1335.447916667443     
   2.8000000000000021E-002    1347.937500000867     
   2.8000000000000021E-002    1360.427083334291     
   2.8000000000000021E-002    1372.906250001048     
   2.8000000000000021E-002    1385.395833334473     
   2.8000000000000021E-002    1397.885416667897     
   2.8000000000000021E-002    1410.364583334654     
   2.8000000000000021E-002    1422.854166668079     
   2.8000000000000021E-002    1435.343750001503     
   2.8000000000000021E-002    1447.822916668260     
   2.8000000000000021E-002    1460.312500001684     
   2.8000000000000021E-002    1472.802083335109     
   2.8000000000000021E-002    1485.281250001866     
   2.8000000000000021E-002    1497.770833335290     
   2.8000000000000021E-002    1510.260416668714     
   2.8000000000000021E-002    1522.739583335472     
   2.8000000000000021E-002    1535.229166668896     
   2.8000000000000021E-002    1547.708333335654     
   2.8000000000000021E-002    1560.197916669078     
   2.8000000000000021E-002    1572.677083335835     
   2.8000000000000021E-002    1585.166666669259     
   2.8000000000000021E-002    1597.656250002684     
   2.8000000000000021E-002    1610.135416669441     
   2.8000000000000021E-002    1622.625000002865     
   2.8000000000000021E-002    1635.104166669623     
   2.8000000000000021E-002    1647.593750003047     
   2.8000000000000021E-002    1660.072916669804     
   2.8000000000000021E-002    1672.562500003229     
   2.8000000000000021E-002    1685.041666669986     
   2.8000000000000021E-002    1697.531250003410     
   2.8000000000000021E-002    1710.010416670168     
   2.8000000000000021E-002    1722.500000003592     
   2.8000000000000021E-002    1734.979166670350     
   2.8000000000000021E-002    1747.468750003774     
   2.8000000000000021E-002    1759.947916670531     
   2.8000000000000021E-002    1772.427083337289     
   2.8000000000000021E-002    1784.916666670713     
   2.8000000000000021E-002    1797.395833337470     
   2.8000000000000021E-002    1809.885416670895     
   2.8000000000000021E-002    1822.364583337652     
   2.8000000000000021E-002    1834.854166671076     
   2.8000000000000021E-002    1847.333333337834     
   2.8000000000000021E-002    1859.812500004591     
   2.8000000000000021E-002    1872.302083338015     
   2.8000000000000021E-002    1884.781250004773     
   2.8000000000000021E-002    1897.270833338197     
   2.8000000000000021E-002    1909.750000004954     
   2.8000000000000021E-002    1922.229166671712     
   2.8000000000000021E-002    1934.718750005136     
   2.8000000000000021E-002    1947.197916671894     
   2.8000000000000021E-002    1959.687500005318     
   2.8000000000000021E-002    1972.166666672075     
   2.8000000000000021E-002    1984.645833338833     
   2.8000000000000021E-002    1997.135416672257     
   2.8000000000000021E-002    2009.614583339014     
   2.8000000000000021E-002    2022.104166672439     
   2.8000000000000021E-002    2034.583333339196     
   2.8000000000000021E-002    2047.062500005954     
   2.8000000000000021E-002    2059.552083339126     
   2.8000000000000021E-002    2072.031250005611     
   2.8000000000000021E-002    2084.510416672096     
   2.8000000000000021E-002    2097.000000005247     
   2.8000000000000021E-002    2109.479166671732     
   2.8000000000000021E-002    2121.958333338217     
   2.8000000000000021E-002    2134.447916671369     
   2.8000000000000021E-002    2146.927083337854     
   2.8000000000000021E-002    2159.406250004339     
   2.8000000000000021E-002    2171.895833337491     
   2.8000000000000021E-002    2184.375000003976     
   2.8000000000000021E-002    2196.854166670461     
   2.8000000000000021E-002    2209.343750003613     
   2.8000000000000021E-002    2221.822916670098     
   2.8000000000000021E-002    2234.302083336583     
   2.8500000000000022E-002    897.9999999989682     
   2.8500000000000022E-002    909.7812499989253     
   2.8500000000000022E-002    921.5729166655491     
   2.8500000000000022E-002    933.3749999988395     
   2.8500000000000022E-002    945.1874999987965     
   2.8500000000000022E-002    957.0104166654202     
   2.8500000000000022E-002    968.8229166653772     
   2.8500000000000022E-002    980.6562499986675     
   2.8500000000000022E-002    992.4791666652911     
   2.8500000000000022E-002    1004.312499998581     
   2.8500000000000022E-002    1016.145833331872     
   2.8500000000000022E-002    1027.979166665205     
   2.8500000000000022E-002    1039.812499998625     
   2.8500000000000022E-002    1051.645833332044     
   2.8500000000000022E-002    1063.489583332130     
   2.8500000000000022E-002    1075.322916665550     
   2.8500000000000022E-002    1087.166666665636     
   2.8500000000000022E-002    1099.010416665722     
   2.8500000000000022E-002    1110.854166665808     
   2.8500000000000022E-002    1122.697916665895     
   2.8500000000000022E-002    1134.541666665981     
   2.8500000000000022E-002    1146.385416666067     
   2.8500000000000022E-002    1158.229166666153     
   2.8500000000000022E-002    1170.072916666239     
   2.8500000000000022E-002    1181.916666666325     
   2.8500000000000022E-002    1193.770833333078     
   2.8500000000000022E-002    1205.614583333165     
   2.8500000000000022E-002    1217.458333333251     
   2.8500000000000022E-002    1229.312500000004     
   2.8500000000000022E-002    1241.156250000090     
   2.8500000000000022E-002    1253.000000000176     
   2.8500000000000022E-002    1264.854166666929     
   2.8500000000000022E-002    1276.697916667015     
   2.8500000000000022E-002    1288.552083333768     
   2.8500000000000022E-002    1300.395833333854     
   2.8500000000000022E-002    1312.250000000607     
   2.8500000000000022E-002    1324.093750000693     
   2.8500000000000022E-002    1335.947916667446     
   2.8500000000000022E-002    1347.802083334199     
   2.8500000000000022E-002    1359.645833334285     
   2.8500000000000022E-002    1371.500000001038     
   2.8500000000000022E-002    1383.343750001124     
   2.8500000000000022E-002    1395.197916667877     
   2.8500000000000022E-002    1407.052083334630     
   2.8500000000000022E-002    1418.906250001383     
   2.8500000000000022E-002    1430.750000001469     
   2.8500000000000022E-002    1442.604166668222     
   2.8500000000000022E-002    1454.458333334975     
   2.8500000000000022E-002    1466.302083335061     
   2.8500000000000022E-002    1478.156250001814     
   2.8500000000000022E-002    1490.010416668567     
   2.8500000000000022E-002    1501.864583335320     
   2.8500000000000022E-002    1513.708333335406     
   2.8500000000000022E-002    1525.562500002159     
   2.8500000000000022E-002    1537.416666668912     
   2.8500000000000022E-002    1549.270833335665     
   2.8500000000000022E-002    1561.125000002418     
   2.8500000000000022E-002    1572.968750002504     
   2.8500000000000022E-002    1584.822916669257     
   2.8500000000000022E-002    1596.677083336010     
   2.8500000000000022E-002    1608.531250002763     
   2.8500000000000022E-002    1620.385416669516     
   2.8500000000000022E-002    1632.239583336269     
   2.8500000000000022E-002    1644.083333336355     
   2.8500000000000022E-002    1655.937500003108     
   2.8500000000000022E-002    1667.791666669861     
   2.8500000000000022E-002    1679.645833336614     
   2.8500000000000022E-002    1691.500000003366     
   2.8500000000000022E-002    1703.354166670119     
   2.8500000000000022E-002    1715.208333336872     
   2.8500000000000022E-002    1727.062500003625     
   2.8500000000000022E-002    1738.906250003711     
   2.8500000000000022E-002    1750.760416670464     
   2.8500000000000022E-002    1762.614583337217     
   2.8500000000000022E-002    1774.468750003970     
   2.8500000000000022E-002    1786.322916670723     
   2.8500000000000022E-002    1798.177083337476     
   2.8500000000000022E-002    1810.031250004229     
   2.8500000000000022E-002    1821.885416670982     
   2.8500000000000022E-002    1833.739583337735     
   2.8500000000000022E-002    1845.593750004488     
   2.8500000000000022E-002    1857.447916671241     
   2.8500000000000022E-002    1869.302083337994     
   2.8500000000000022E-002    1881.145833338080     
   2.8500000000000022E-002    1893.000000004833     
   2.8500000000000022E-002    1904.854166671586     
   2.8500000000000022E-002    1916.708333338338     
   2.8500000000000022E-002    1928.562500005091     
   2.8500000000000022E-002    1940.416666671844     
   2.8500000000000022E-002    1952.270833338597     
   2.8500000000000022E-002    1964.125000005350     
   2.8500000000000022E-002    1975.979166672103     
   2.8500000000000022E-002    1987.833333338856     
   2.8500000000000022E-002    1999.687500005609     
   2.8500000000000022E-002    2011.541666672362     
   2.8500000000000022E-002    2023.395833339115     
   2.8500000000000022E-002    2035.250000005868     
   2.8500000000000022E-002    2047.104166672621     
   2.8500000000000022E-002    2058.958333339134     
   2.8500000000000022E-002    2070.812500005628     
   2.8500000000000022E-002    2082.666666672123     
   2.8500000000000022E-002    2094.520833338617     
   2.8500000000000022E-002    2106.375000005111     
   2.8500000000000022E-002    2118.229166671605     
   2.8500000000000022E-002    2130.083333338099     
   2.8500000000000022E-002    2141.937500004593     
   2.8500000000000022E-002    2153.791666671088     
   2.8500000000000022E-002    2165.645833337582     
   2.8500000000000022E-002    2177.500000004076     
   2.9000000000000022E-002    1133.718749999308     
   2.9000000000000022E-002    1144.947916666056     
   2.9000000000000022E-002    1156.187499999472     
   2.9000000000000022E-002    1167.427083332887     
   2.9000000000000022E-002    1178.677083332969     
   2.9000000000000022E-002    1189.937499999717     
   2.9000000000000022E-002    1201.197916666466     
   2.9000000000000022E-002    1212.458333333214     
   2.9000000000000022E-002    1223.729166666630     
   2.9000000000000022E-002    1234.989583333378     
   2.9000000000000022E-002    1246.260416666794     
   2.9000000000000022E-002    1257.541666666876     
   2.9000000000000022E-002    1268.812500000291     
   2.9000000000000022E-002    1280.083333333706     
   2.9000000000000022E-002    1291.364583333788     
   2.9000000000000022E-002    1302.645833333871     
   2.9000000000000022E-002    1313.927083333953     
   2.9000000000000022E-002    1325.208333334035     
   2.9000000000000022E-002    1336.489583334117     
   2.9000000000000022E-002    1347.770833334199     
   2.9000000000000022E-002    1359.052083334281     
   2.9000000000000022E-002    1370.333333334363     
   2.9000000000000022E-002    1381.625000001112     
   2.9000000000000022E-002    1392.906250001194     
   2.9000000000000022E-002    1404.197916667943     
   2.9000000000000022E-002    1415.479166668025     
   2.9000000000000022E-002    1426.770833334774     
   2.9000000000000022E-002    1438.052083334856     
   2.9000000000000022E-002    1449.343750001605     
   2.9000000000000022E-002    1460.635416668353     
   2.9000000000000022E-002    1471.927083335102     
   2.9000000000000022E-002    1483.218750001851     
   2.9000000000000022E-002    1494.500000001933     
   2.9000000000000022E-002    1505.791666668682     
   2.9000000000000022E-002    1517.083333335431     
   2.9000000000000022E-002    1528.375000002180     
   2.9000000000000022E-002    1539.666666668928     
   2.9000000000000022E-002    1550.958333335677     
   2.9000000000000022E-002    1562.260416669093     
   2.9000000000000022E-002    1573.552083335842     
   2.9000000000000022E-002    1584.843750002590     
   2.9000000000000022E-002    1596.135416669339     
   2.9000000000000022E-002    1607.427083336088     
   2.9000000000000022E-002    1618.729166669504     
   2.9000000000000022E-002    1630.020833336253     
   2.9000000000000022E-002    1641.312500003001     
   2.9000000000000022E-002    1652.604166669750     
   2.9000000000000022E-002    1663.906250003166     
   2.9000000000000022E-002    1675.197916669915     
   2.9000000000000022E-002    1686.500000003330     
   2.9000000000000022E-002    1697.791666670079     
   2.9000000000000022E-002    1709.083333336828     
   2.9000000000000022E-002    1720.385416670243     
   2.9000000000000022E-002    1731.677083336992     
   2.9000000000000022E-002    1742.979166670408     
   2.9000000000000022E-002    1754.270833337157     
   2.9000000000000022E-002    1765.572916670572     
   2.9000000000000022E-002    1776.864583337321     
   2.9000000000000022E-002    1788.166666670737     
   2.9000000000000022E-002    1799.458333337485     
   2.9000000000000022E-002    1810.760416670901     
   2.9000000000000022E-002    1822.062500004316     
   2.9000000000000022E-002    1833.354166671065     
   2.9000000000000022E-002    1844.656250004481     
   2.9000000000000022E-002    1855.947916671230     
   2.9000000000000022E-002    1867.250000004645     
   2.9000000000000022E-002    1878.552083338061     
   2.9000000000000022E-002    1889.843750004810     
   2.9000000000000022E-002    1901.145833338225     
   2.9000000000000022E-002    1912.447916671641     
   2.9000000000000022E-002    1923.739583338390     
   2.9000000000000022E-002    1935.041666671805     
   2.9000000000000022E-002    1946.343750005221     
   2.9000000000000022E-002    1957.645833338636     
   2.9000000000000022E-002    1968.937500005385     
   2.9000000000000022E-002    1980.239583338801     
   2.9000000000000022E-002    1991.541666672216     
   2.9000000000000022E-002    2002.843750005632     
   2.9000000000000022E-002    2014.135416672381     
   2.9000000000000022E-002    2025.437500005796     
   2.9000000000000022E-002    2036.739583339212     
   2.9000000000000022E-002    2048.041666672626     
   2.9000000000000022E-002    2059.343750005795     
   2.9000000000000022E-002    2070.635416672298     
   2.9000000000000022E-002    2081.937500005467     
   2.9000000000000022E-002    2093.239583338635     
   2.9000000000000022E-002    2104.541666671804     
   2.9000000000000022E-002    2115.843750004973     
   2.9000000000000022E-002    2127.145833338142     
   2.9500000000000023E-002    1366.479166667668     
   2.9500000000000023E-002    1377.197916667746     
   2.9500000000000023E-002    1387.937500001158     
   2.9500000000000023E-002    1398.677083334569     
   2.9500000000000023E-002    1409.427083334647     
   2.9500000000000023E-002    1420.177083334726     
   2.9500000000000023E-002    1430.937500001471     
   2.9500000000000023E-002    1441.708333334882     
   2.9500000000000023E-002    1452.468750001627     
   2.9500000000000023E-002    1463.239583335039     
   2.9500000000000023E-002    1474.010416668451     
   2.9500000000000023E-002    1484.791666668529     
   2.9500000000000023E-002    1495.562500001941     
   2.9500000000000023E-002    1506.343750002019     
   2.9500000000000023E-002    1517.125000002098     
   2.9500000000000023E-002    1527.906250002176     
   2.9500000000000023E-002    1538.687500002255     
   2.9500000000000023E-002    1549.468750002333     
   2.9500000000000023E-002    1560.250000002412     
   2.9500000000000023E-002    1571.041666669157     
   2.9500000000000023E-002    1581.822916669235     
   2.9500000000000023E-002    1592.614583335980     
   2.9500000000000023E-002    1603.395833336059     
   2.9500000000000023E-002    1614.187500002804     
   2.9500000000000023E-002    1624.979166669549     
   2.9500000000000023E-002    1635.770833336294     
   2.9500000000000023E-002    1646.562500003040     
   2.9500000000000023E-002    1657.354166669785     
   2.9500000000000023E-002    1668.145833336530     
   2.9500000000000023E-002    1678.937500003275     
   2.9500000000000023E-002    1689.729166670020     
   2.9500000000000023E-002    1700.531250003432     
   2.9500000000000023E-002    1711.322916670177     
   2.9500000000000023E-002    1722.114583336923     
   2.9500000000000023E-002    1732.916666670335     
   2.9500000000000023E-002    1743.708333337080     
   2.9500000000000023E-002    1754.510416670492     
   2.9500000000000023E-002    1765.302083337237     
   2.9500000000000023E-002    1776.104166670649     
   2.9500000000000023E-002    1786.895833337394     
   2.9500000000000023E-002    1797.697916670806     
   2.9500000000000023E-002    1808.489583337551     
   2.9500000000000023E-002    1819.291666670963     
   2.9500000000000023E-002    1830.093750004375     
   2.9500000000000023E-002    1840.895833337787     
   2.9500000000000023E-002    1851.687500004532     
   2.9500000000000023E-002    1862.489583337944     
   2.9500000000000023E-002    1873.291666671356     
   2.9500000000000023E-002    1884.093750004768     
   2.9500000000000023E-002    1894.895833338180     
   2.9500000000000023E-002    1905.697916671592     
   2.9500000000000023E-002    1916.500000005004     
   2.9500000000000023E-002    1927.302083338416     
   2.9500000000000023E-002    1938.104166671827     
   2.9500000000000023E-002    1948.906250005239     
   2.9500000000000023E-002    1959.708333338651     
   2.9500000000000023E-002    1970.510416672063     
   2.9500000000000023E-002    1981.312500005475     
   2.9500000000000023E-002    1992.114583338887     
   2.9500000000000023E-002    2002.916666672299     
   2.9500000000000023E-002    2013.718750005711     
   2.9500000000000023E-002    2024.520833339123     
   2.9500000000000023E-002    2035.322916672535     
   2.9500000000000023E-002    2046.125000005947     
   2.9500000000000023E-002    2056.937500005830     
   2.9500000000000023E-002    2067.739583339006     
   2.9500000000000023E-002    2078.541666672183     
   2.9500000000000023E-002    2089.343750005359     
   2.9500000000000023E-002    2100.156250005201     
   2.9500000000000023E-002    2110.958333338378     
   2.9500000000000023E-002    2121.760416671554     
   2.9500000000000023E-002    2132.562500004730     
   3.0000000000000023E-002    1646.593750003040     
   3.0000000000000023E-002    1656.885416669781     
   3.0000000000000023E-002    1667.177083336523     
   3.0000000000000023E-002    1677.479166669931     
   3.0000000000000023E-002    1687.781250003339     
   3.0000000000000023E-002    1698.093750003414     
   3.0000000000000023E-002    1708.416666670156     
   3.0000000000000023E-002    1718.729166670231     
   3.0000000000000023E-002    1729.052083336973     
   3.0000000000000023E-002    1739.375000003715     
   3.0000000000000023E-002    1749.708333337123     
   3.0000000000000023E-002    1760.031250003865     
   3.0000000000000023E-002    1770.364583337274     
   3.0000000000000023E-002    1780.697916670682     
   3.0000000000000023E-002    1791.031250004091     
   3.0000000000000023E-002    1801.364583337499     
   3.0000000000000023E-002    1811.697916670908     
   3.0000000000000023E-002    1822.041666670983     
   3.0000000000000023E-002    1832.375000004391     
   3.0000000000000023E-002    1842.718750004467     
   3.0000000000000023E-002    1853.052083337875     
   3.0000000000000023E-002    1863.395833337951     
   3.0000000000000023E-002    1873.739583338026     
   3.0000000000000023E-002    1884.083333338101     
   3.0000000000000023E-002    1894.427083338176     
   3.0000000000000023E-002    1904.770833338252     
   3.0000000000000023E-002    1915.114583338327     
   3.0000000000000023E-002    1925.458333338402     
   3.0000000000000023E-002    1935.802083338477     
   3.0000000000000023E-002    1946.156250005219     
   3.0000000000000023E-002    1956.500000005295     
   3.0000000000000023E-002    1966.843750005370     
   3.0000000000000023E-002    1977.197916672112     
   3.0000000000000023E-002    1987.541666672187     
   3.0000000000000023E-002    1997.895833338929     
   3.0000000000000023E-002    2008.239583339004     
   3.0000000000000023E-002    2018.593750005746     
   3.0000000000000023E-002    2028.947916672488     
   3.0000000000000023E-002    2039.291666672564     
   3.0000000000000023E-002    2049.645833339270     
   3.0000000000000023E-002    2060.000000005786     
   3.0000000000000023E-002    2070.354166672302     
   3.0000000000000023E-002    2080.697916672151     
   3.0000000000000023E-002    2091.052083338667     
   3.0000000000000023E-002    2101.406250005183     
   3.0000000000000023E-002    2111.760416671699     
   3.0000000000000023E-002    2122.114583338215     
   3.0000000000000023E-002    2132.468750004731     
   3.0000000000000023E-002    2142.822916671247     
   3.0000000000000023E-002    2153.177083337763     
   3.0000000000000023E-002    2163.531250004279     
   3.0000000000000023E-002    2173.885416670795     
   3.0000000000000023E-002    2184.239583337311     
   3.0500000000000024E-002    1979.645833338796     
   3.0500000000000024E-002    1989.520833338868     
   3.0500000000000024E-002    1999.416666672274     
   3.0500000000000024E-002    2009.312500005679     
   3.0500000000000024E-002    2019.208333339084     
   3.0500000000000024E-002    2029.114583339156     
   3.0500000000000024E-002    2039.020833339228     
   3.0500000000000024E-002    2048.937500005947     
   3.0500000000000024E-002    2058.854166672469     
   3.0500000000000024E-002    2068.770833338991     
   3.0500000000000024E-002    2078.687500005514     
   3.0500000000000024E-002    2088.604166672036     
   3.0500000000000024E-002    2098.531250005225     
   3.0500000000000024E-002    2108.458333338414     
   3.0500000000000024E-002    2118.375000004936     
   3.0500000000000024E-002    2128.302083338125     
   3.0500000000000024E-002    2138.239583337981     
   3.0500000000000024E-002    2148.166666671169     
   3.0500000000000024E-002    2158.093750004358     
   3.0500000000000024E-002    2168.020833337547     
   3.0500000000000024E-002    2177.958333337403     
   3.0500000000000024E-002    2187.885416670591     
   3.0500000000000024E-002    2197.822916670447     
   3.0500000000000024E-002    2207.760416670302     
   3.0500000000000024E-002    2217.697916670158     
   3.0500000000000024E-002    2227.625000003346     
   3.0500000000000024E-002    2237.562500003202     
   3.1000000000000024E-002    2422.729166667174     
   3.1000000000000024E-002    2432.239583333702     
   3.1000000000000024E-002    2441.750000000231     
   3.1000000000000024E-002    2451.270833333425     
   3.1000000000000024E-002    2460.802083333287     
   3.1000000000000024E-002    2470.333333333148     
   3.1000000000000024E-002    2479.864583333009     
   3.1000000000000024E-002    2489.406249999537     
   3.1000000000000024E-002    2498.937499999398     
   3.1500000000000021E-002    3061.979166657872     
   3.1500000000000021E-002    3071.135416657738     
   3.1500000000000021E-002    3080.302083324272     
   3.1500000000000021E-002    3089.468749990805     
   3.1500000000000021E-002    3098.635416657338     
   3.1500000000000021E-002    3107.812499990538     
   3.1500000000000021E-002    3116.989583323738     
   3.1500000000000021E-002    3126.166666656938     
   3.1500000000000021E-002    3135.354166656804     
   3.1500000000000021E-002    3144.541666656670     
   3.1500000000000021E-002    3153.718749989870     
   3.1500000000000021E-002    3162.906249989736     
   3.1500000000000021E-002    3172.104166656269     
   3.2000000000000021E-002    4204.520833312649     
   3.2000000000000021E-002    4213.333333312906     
   3.2000000000000021E-002    4222.156249979829     
   3.2000000000000021E-002    4230.979166646753     
   3.2000000000000021E-002    4239.812499980343     
   3.2000000000000021E-002    4248.645833313934     
   3.2000000000000021E-002    4257.479166647524     
   3.2000000000000021E-002    4266.312499981114     
   3.2000000000000021E-002    4275.145833314705     
   3.2000000000000021E-002    4283.989583314962     
   3.2000000000000021E-002    4292.833333315220     
   3.2000000000000021E-002    4301.666666648810     
   3.2000000000000021E-002    4310.510416649067     
   3.2000000000000021E-002    4319.354166649325     
   3.2500000000000022E-002    7652.604166746335     
   3.2500000000000022E-002    7661.062500079915     
   3.2500000000000022E-002    7669.520833413494     
   3.2500000000000022E-002    7677.979166747074     
   3.2500000000000022E-002    7686.447916747320     
   3.2500000000000022E-002    7694.916666747567     
   3.2500000000000022E-002    7703.385416747813     
   3.2500000000000022E-002    7711.864583414726     
   3.2500000000000022E-002    7720.333333414973     
   3.2500000000000022E-002    7728.802083415219     
   3.2500000000000022E-002    7737.281250082133     
   3.2500000000000022E-002    7745.760416749046     
   3.2500000000000022E-002    7754.229166749293     
