   2.5000000000000019E-002    2504.802083332646     
   2.5000000000000019E-002    2536.729166665515     
   2.5000000000000019E-002    2567.749999998397     
   2.5000000000000019E-002    2598.010416664623     
   2.5000000000000019E-002    2627.635416664192     
   2.5000000000000019E-002    2656.697916663769     
   2.5000000000000019E-002    2685.249999996687     
   2.5000000000000019E-002    2713.343749996278     
   2.5000000000000019E-002    2741.020833329209     
   2.5000000000000019E-002    2768.312499995478     
   2.5000000000000019E-002    2795.239583328420     
   2.5000000000000019E-002    2821.833333328033     
   2.5000000000000019E-002    2848.114583327651     
   2.5000000000000019E-002    2874.104166660606     
   2.5000000000000019E-002    2899.822916660231     
   2.5000000000000019E-002    2925.281249993194     
   2.5000000000000019E-002    2950.499999992827     
   2.5000000000000019E-002    2975.479166659130     
   2.5000000000000019E-002    3000.239583325437     
   2.5000000000000019E-002    3024.791666658413     
   2.5000000000000019E-002    3049.156249991392     
   2.5000000000000019E-002    3073.343749991040     
   2.5000000000000019E-002    3097.354166657357     
   2.5000000000000019E-002    3121.197916657010     
   2.5000000000000019E-002    3144.885416656665     
   2.5000000000000019E-002    3168.427083322989     
   2.5000000000000019E-002    3191.822916655982     
   2.5000000000000019E-002    3215.093749988977     
   2.5000000000000019E-002    3238.229166655307     
   2.5000000000000019E-002    3261.249999988305     
   2.5000000000000019E-002    3284.156249987972     
   2.5000000000000019E-002    3306.947916654307     
   2.5000000000000019E-002    3329.635416653977     
   2.5000000000000019E-002    3352.229166653648     
   2.5000000000000019E-002    3374.718749986654     
   2.5000000000000019E-002    3397.124999986328     
   2.5000000000000019E-002    3419.447916652670     
   2.5000000000000019E-002    3441.677083319013     
   2.5000000000000019E-002    3463.833333318691     
   2.5000000000000019E-002    3485.916666651703     
   2.5000000000000019E-002    3507.927083318049     
   2.5000000000000019E-002    3529.864583317730     
   2.5000000000000019E-002    3551.729166650745     
   2.5000000000000019E-002    3573.541666650427     
   2.5000000000000019E-002    3595.291666650111     
   2.5000000000000019E-002    3616.979166649795     
   2.5000000000000019E-002    3638.614583316147     
   2.5000000000000019E-002    3660.197916649166     
   2.5000000000000019E-002    3681.718749982187     
   2.5000000000000019E-002    3703.208333315207     
   2.5000000000000019E-002    3724.635416648229     
   2.5000000000000019E-002    3746.020833314584     
   2.5000000000000019E-002    3767.364583314274     
   2.5000000000000019E-002    3788.666666647297     
   2.5000000000000019E-002    3809.927083313654     
   2.5000000000000019E-002    3831.156249980012     
   2.5000000000000019E-002    3852.343749979704     
   2.5000000000000019E-002    3873.489583312729     
   2.5000000000000019E-002    3894.604166645755     
   2.5000000000000019E-002    3915.687499978782     
   2.5000000000000019E-002    3936.739583311809     
   2.5000000000000019E-002    3957.760416644836     
   2.5000000000000019E-002    3978.749999977864     
   2.5000000000000019E-002    3999.718749977559     
   2.5000000000000019E-002    4020.656249977254     
   2.5000000000000019E-002    4041.562499976950     
   2.5000000000000019E-002    4062.447916643313     
   2.5000000000000019E-002    4083.302083309676     
   2.5000000000000019E-002    4104.145833309728     
   2.5000000000000019E-002    4124.958333310334     
   2.5000000000000019E-002    4145.749999977606     
   2.5000000000000019E-002    4166.520833311543     
   2.5000000000000019E-002    4187.270833312147     
   2.5000000000000019E-002    4207.999999979417     
   2.5000000000000019E-002    4228.718749980020     
   2.5000000000000019E-002    4249.416666647289     
   2.5000000000000019E-002    4270.093749981224     
   2.5000000000000019E-002    4290.749999981826     
   2.5000000000000019E-002    4311.395833315760     
   2.5000000000000019E-002    4332.020833316360     
   2.5000000000000019E-002    4352.635416650293     
   2.5000000000000019E-002    4373.239583317560     
   2.5000000000000019E-002    4393.822916651492     
   2.5000000000000019E-002    4414.395833318757     
   2.5000000000000019E-002    4434.958333319356     
   2.5000000000000019E-002    4455.499999986620     
   2.5000000000000019E-002    4476.041666653885     
   2.5000000000000019E-002    4496.562499987815     
   2.5000000000000019E-002    4517.072916655079     
   2.5000000000000019E-002    4537.572916655676     
   2.5000000000000019E-002    4558.062499989605     
   2.5000000000000019E-002    4578.541666656868     
   2.5000000000000019E-002    4599.010416657464     
   2.5000000000000019E-002    4619.468749991393     
   2.5000000000000019E-002    4639.927083325321     
   2.5000000000000019E-002    4660.364583325916     
   2.5000000000000019E-002    4680.802083326511     
   2.5000000000000019E-002    4701.229166660439     
   2.5000000000000019E-002    4721.645833327700     
   2.5000000000000019E-002    4742.052083328294     
   2.5000000000000019E-002    4762.458333328887     
   2.5000000000000019E-002    4782.854166662814     
   2.5000000000000019E-002    4803.239583330074     
   2.5000000000000019E-002    4823.614583330667     
   2.5000000000000019E-002    4843.989583331260     
   2.5000000000000019E-002    4864.364583331853     
   2.5000000000000019E-002    4884.729166665779     
   2.5000000000000019E-002    4905.083333333038     
   2.5000000000000019E-002    4925.437500000297     
   2.5000000000000019E-002    4945.781250000889     
   2.5000000000000019E-002    4966.125000001482     
   2.5000000000000019E-002    4986.458333335407     
   2.5000000000000019E-002    5006.791666669332     
   2.5000000000000019E-002    5027.114583336590     
   2.5000000000000019E-002    5047.437500003848     
   2.5000000000000019E-002    5067.750000004439     
   2.5000000000000019E-002    5088.062500005030     
   2.5000000000000019E-002    5108.375000005622     
   2.5000000000000019E-002    5128.677083339546     
   2.5000000000000019E-002    5148.979166673470     
   2.5000000000000019E-002    5169.281250007394     
   2.5000000000000019E-002    5189.572916674651     
   2.5000000000000019E-002    5209.864583341909     
   2.5000000000000019E-002    5230.145833342499     
   2.5000000000000019E-002    5250.427083343089     
   2.5000000000000019E-002    5270.708333343679     
   2.5000000000000019E-002    5290.989583344270     
   2.5000000000000019E-002    5311.260416678193     
   2.5000000000000019E-002    5331.531250012116     
   2.5000000000000019E-002    5351.802083346040     
   2.5000000000000019E-002    5372.072916679963     
   2.5000000000000019E-002    5392.333333347219     
   2.5000000000000019E-002    5412.593750014476     
   2.5000000000000019E-002    5432.854166681732     
   2.5000000000000019E-002    5453.104166682321     
   2.5000000000000019E-002    5473.364583349578     
   2.5000000000000019E-002    5493.614583350167     
   2.5000000000000019E-002    5513.864583350756     
   2.5000000000000019E-002    5534.114583351346     
   2.5000000000000019E-002    5554.354166685268     
   2.5000000000000019E-002    5574.604166685857     
   2.5000000000000019E-002    5594.843750019780     
   2.5000000000000019E-002    5615.083333353702     
   2.5000000000000019E-002    5635.322916687624     
   2.5000000000000019E-002    5655.552083354880     
   2.5000000000000019E-002    5675.791666688802     
   2.5000000000000019E-002    5696.020833356058     
   2.5000000000000019E-002    5716.260416689980     
   2.5000000000000019E-002    5736.489583357235     
   2.5000000000000019E-002    5756.718750024491     
   2.5000000000000019E-002    5776.947916691746     
   2.5000000000000019E-002    5797.177083359002     
   2.5000000000000019E-002    5817.395833359590     
   2.5000000000000019E-002    5837.625000026846     
   2.5000000000000019E-002    5857.843750027434     
   2.5000000000000019E-002    5878.062500028022     
   2.5000000000000019E-002    5898.291666695278     
   2.5000000000000019E-002    5918.510416695866     
   2.5000000000000019E-002    5938.729166696455     
   2.5000000000000019E-002    5958.947916697043     
   2.5000000000000019E-002    5979.156250030965     
   2.5000000000000019E-002    5999.375000031553     
   2.5000000000000019E-002    6019.593750032142     
   2.5000000000000019E-002    6039.802083366063     
   2.5000000000000019E-002    6060.020833366651     
   2.5000000000000019E-002    6080.229166700573     
   2.5000000000000019E-002    6100.437500034494     
   2.5000000000000019E-002    6120.656250035083     
   2.5000000000000019E-002    6140.864583369004     
   2.5000000000000019E-002    6161.072916702926     
   2.5000000000000019E-002    6181.281250036847     
   2.5000000000000019E-002    6201.489583370769     
   2.5000000000000019E-002    6221.697916704690     
   2.5000000000000019E-002    6241.906250038612     
   2.5000000000000019E-002    6262.104166705866     
   2.5000000000000019E-002    6282.312500039788     
   2.5000000000000019E-002    6302.520833373709     
   2.5000000000000019E-002    6322.718750040964     
   2.5000000000000019E-002    6342.927083374885     
   2.5000000000000019E-002    6363.135416708807     
   2.5000000000000019E-002    6383.333333376061     
   2.5000000000000019E-002    6403.531250043316     
   2.5000000000000019E-002    6423.739583377237     
   2.5000000000000019E-002    6443.937500044492     
   2.5000000000000019E-002    6464.135416711746     
   2.5000000000000019E-002    6484.343750045668     
   2.5000000000000019E-002    6504.541666712922     
   2.5000000000000019E-002    6524.739583380177     
   2.5000000000000019E-002    6544.937500047431     
   2.5000000000000019E-002    6565.135416714686     
   2.5000000000000019E-002    6585.333333381940     
   2.5000000000000019E-002    6605.531250049195     
   2.5000000000000019E-002    6625.729166716449     
   2.5000000000000019E-002    6645.927083383704     
   2.5000000000000019E-002    6666.125000050958     
   2.5000000000000019E-002    6686.322916718213     
   2.5000000000000019E-002    6706.520833385467     
   2.5000000000000019E-002    6726.718750052722     
   2.5000000000000019E-002    6746.916666719976     
   2.5000000000000019E-002    6767.114583387231     
   2.5000000000000019E-002    6787.312500054485     
   2.5000000000000019E-002    6807.500000055073     
   2.5000000000000019E-002    6827.697916722327     
   2.5000000000000019E-002    6847.895833389582     
   2.5000000000000019E-002    6868.083333390169     
   2.5000000000000019E-002    6888.281250057424     
   2.5000000000000019E-002    6908.479166724678     
   2.5000000000000019E-002    6928.666666725266     
   2.5000000000000019E-002    6948.864583392520     
   2.5000000000000019E-002    6969.062500059775     
   2.5000000000000019E-002    6989.250000060362     
   2.5000000000000019E-002    7009.447916727617     
   2.5000000000000019E-002    7029.635416728204     
   2.5000000000000019E-002    7049.833333395459     
   2.5000000000000019E-002    7070.020833396046     
   2.5000000000000019E-002    7090.218750063301     
   2.5000000000000019E-002    7110.406250063888     
   2.5000000000000019E-002    7130.604166731143     
   2.5500000000000019E-002    113.7083333333501     
   2.5500000000000019E-002    133.0937500000186     
   2.5500000000000019E-002    152.4270833333344     
   2.5500000000000019E-002    171.7083333333169     
   2.5500000000000019E-002    190.9374999999660     
   2.5500000000000019E-002    210.1041666666153     
   2.5500000000000019E-002    229.2291666665979     
   2.5500000000000019E-002    248.3124999999139     
   2.5500000000000019E-002    267.3437499999275     
   2.5500000000000019E-002    286.3229166666287     
   2.5500000000000019E-002    305.2708333333298     
   2.5500000000000019E-002    324.1770833333642     
   2.5500000000000019E-002    343.0416666667318     
   2.5500000000000019E-002    361.8750000000994     
   2.5500000000000019E-002    380.6666666668003     
   2.5500000000000019E-002    399.4270833335011     
   2.5500000000000019E-002    418.1562500002018     
   2.5500000000000019E-002    436.8541666669025     
   2.5500000000000019E-002    455.5208333336031     
   2.5500000000000019E-002    474.1562500003037     
   2.5500000000000019E-002    492.7604166670042     
   2.5500000000000019E-002    511.3437500003713     
   2.5500000000000019E-002    529.8958333336407     
   2.5500000000000019E-002    548.4270833335733     
   2.5500000000000019E-002    566.9375000001726     
   2.5500000000000019E-002    585.4166666667720     
   2.5500000000000019E-002    603.8854166667048     
   2.5500000000000019E-002    622.3229166666378     
   2.5500000000000019E-002    640.7395833332374     
   2.5500000000000019E-002    659.1458333331705     
   2.5500000000000019E-002    677.5208333331036     
   2.5500000000000019E-002    695.8854166663701     
   2.5500000000000019E-002    714.2291666663034     
   2.5500000000000019E-002    732.5624999995700     
   2.5500000000000019E-002    750.8749999995034     
   2.5500000000000019E-002    769.1666666661035     
   2.5500000000000019E-002    787.4479166660370     
   2.5500000000000019E-002    805.7187499993039     
   2.5500000000000019E-002    823.9687499992375     
   2.5500000000000019E-002    842.2083333325045     
   2.5500000000000019E-002    860.4374999991048     
   2.5500000000000019E-002    878.6458333323719     
   2.5500000000000019E-002    896.8437499989724     
   2.5500000000000019E-002    915.0416666655728     
   2.5500000000000019E-002    933.2187499988401     
   2.5500000000000019E-002    951.3854166654406     
   2.5500000000000019E-002    969.5416666653746     
   2.5500000000000019E-002    987.6874999986419     
   2.5500000000000019E-002    1005.822916665243     
   2.5500000000000019E-002    1023.947916665177     
   2.5500000000000019E-002    1042.072916665308     
   2.5500000000000019E-002    1060.177083332106     
   2.5500000000000019E-002    1078.281249998905     
   2.5500000000000019E-002    1096.374999999036     
   2.5500000000000019E-002    1114.458333332501     
   2.5500000000000019E-002    1132.531249999299     
   2.5500000000000019E-002    1150.604166666098     
   2.5500000000000019E-002    1168.666666666229     
   2.5500000000000019E-002    1186.718749999694     
   2.5500000000000019E-002    1204.770833333158     
   2.5500000000000019E-002    1222.812499999956     
   2.5500000000000019E-002    1240.854166666754     
   2.5500000000000019E-002    1258.885416666885     
   2.5500000000000019E-002    1276.906250000350     
   2.5500000000000019E-002    1294.927083333814     
   2.5500000000000019E-002    1312.937500000612     
   2.5500000000000019E-002    1330.947916667410     
   2.5500000000000019E-002    1348.947916667541     
   2.5500000000000019E-002    1366.947916667672     
   2.5500000000000019E-002    1384.947916667803     
   2.5500000000000019E-002    1402.937500001267     
   2.5500000000000019E-002    1420.916666668064     
   2.5500000000000019E-002    1438.906250001529     
   2.5500000000000019E-002    1456.875000001659     
   2.5500000000000019E-002    1474.854166668457     
   2.5500000000000019E-002    1492.822916668588     
   2.5500000000000019E-002    1510.791666668718     
   2.5500000000000019E-002    1528.750000002182     
   2.5500000000000019E-002    1546.708333335646     
   2.5500000000000019E-002    1564.666666669110     
   2.5500000000000019E-002    1582.614583335908     
   2.5500000000000019E-002    1600.562500002705     
   2.5500000000000019E-002    1618.510416669502     
   2.5500000000000019E-002    1636.458333336299     
   2.5500000000000019E-002    1654.395833336430     
   2.5500000000000019E-002    1672.333333336560     
   2.5500000000000019E-002    1690.270833336691     
   2.5500000000000019E-002    1708.208333336821     
   2.5500000000000019E-002    1726.135416670285     
   2.5500000000000019E-002    1744.062500003749     
   2.5500000000000019E-002    1761.989583337213     
   2.5500000000000019E-002    1779.916666670676     
   2.5500000000000019E-002    1797.833333337474     
   2.5500000000000019E-002    1815.750000004271     
   2.5500000000000019E-002    1833.677083337734     
   2.5500000000000019E-002    1851.583333337865     
   2.5500000000000019E-002    1869.500000004662     
   2.5500000000000019E-002    1887.416666671459     
   2.5500000000000019E-002    1905.322916671589     
   2.5500000000000019E-002    1923.229166671719     
   2.5500000000000019E-002    1941.135416671849     
   2.5500000000000019E-002    1959.041666671980     
   2.5500000000000019E-002    1976.947916672110     
   2.5500000000000019E-002    1994.854166672240     
   2.5500000000000019E-002    2012.750000005704     
   2.5500000000000019E-002    2030.656250005834     
   2.5500000000000019E-002    2048.552083339286     
   2.5500000000000019E-002    2066.447916672359     
   2.5500000000000019E-002    2084.343750005432     
   2.5500000000000019E-002    2102.239583338504     
   2.5500000000000019E-002    2120.135416671577     
   2.5500000000000019E-002    2138.031250004650     
   2.5500000000000019E-002    2155.916666671057     
   2.5500000000000019E-002    2173.812500004130     
   2.5500000000000019E-002    2191.697916670536     
   2.5500000000000019E-002    2209.583333336942     
   2.5500000000000019E-002    2227.468750003349     
   2.5500000000000019E-002    2245.364583336422     
   2.5500000000000019E-002    2263.250000002828     
   2.5500000000000019E-002    2281.135416669234     
   2.5500000000000019E-002    2299.010416668974     
   2.5500000000000019E-002    2316.895833335381     
   2.5500000000000019E-002    2334.781250001787     
   2.5500000000000019E-002    2352.666666668194     
   2.5500000000000019E-002    2370.541666667933     
   2.5500000000000019E-002    2388.427083334340     
   2.5500000000000019E-002    2406.302083334080     
   2.5500000000000019E-002    2424.187500000486     
   2.5500000000000019E-002    2442.062500000226     
   2.5500000000000019E-002    2459.937499999966     
   2.5500000000000019E-002    2477.812499999706     
   2.5500000000000019E-002    2495.697916666112     
   2.5500000000000019E-002    2513.572916665852     
   2.5500000000000019E-002    2531.447916665592     
   2.5500000000000019E-002    2549.322916665332     
   2.5500000000000019E-002    2567.197916665072     
   2.5500000000000019E-002    2585.072916664812     
   2.5500000000000019E-002    2602.947916664551     
   2.5500000000000019E-002    2620.812499997625     
   2.5500000000000019E-002    2638.687499997365     
   2.5500000000000019E-002    2656.562499997105     
   2.5500000000000019E-002    2674.437499996845     
   2.5500000000000019E-002    2692.302083329918     
   2.5500000000000019E-002    2710.177083329658     
   2.5500000000000019E-002    2728.052083329398     
   2.5500000000000019E-002    2745.916666662471     
   2.5500000000000019E-002    2763.791666662211     
   2.5500000000000019E-002    2781.656249995284     
   2.5500000000000019E-002    2799.531249995024     
   2.5500000000000019E-002    2817.395833328098     
   2.5500000000000019E-002    2835.270833327837     
   2.5500000000000019E-002    2853.135416660911     
   2.5500000000000019E-002    2870.999999993984     
   2.5500000000000019E-002    2888.874999993724     
   2.5500000000000019E-002    2906.739583326797     
   2.5500000000000019E-002    2924.604166659871     
   2.5500000000000019E-002    2942.479166659611     
   2.5500000000000019E-002    2960.343749992684     
   2.5500000000000019E-002    2978.208333325757     
   2.5500000000000019E-002    2996.072916658831     
   2.5500000000000019E-002    3013.937499991904     
   2.5500000000000019E-002    3031.812499991644     
   2.5500000000000019E-002    3049.677083324717     
   2.5500000000000019E-002    3067.541666657791     
   2.5500000000000019E-002    3085.406249990864     
   2.5500000000000019E-002    3103.270833323937     
   2.5500000000000019E-002    3121.135416657011     
   2.5500000000000019E-002    3138.999999990084     
   2.5500000000000019E-002    3156.864583323158     
   2.5500000000000019E-002    3174.729166656231     
   2.5500000000000019E-002    3192.593749989304     
   2.5500000000000019E-002    3210.458333322378     
   2.5500000000000019E-002    3228.322916655451     
   2.5500000000000019E-002    3246.187499988524     
   2.5500000000000019E-002    3264.052083321598     
   2.5500000000000019E-002    3281.916666654671     
   2.5500000000000019E-002    3299.781249987745     
   2.5500000000000019E-002    3317.645833320818     
   2.5500000000000019E-002    3335.510416653891     
   2.5500000000000019E-002    3353.374999986965     
   2.5500000000000019E-002    3371.239583320038     
   2.6000000000000020E-002    108.9479166666813     
   2.6000000000000020E-002    126.1666666666891     
   2.6000000000000020E-002    143.3437500000093     
   2.6000000000000020E-002    160.4895833333271     
   2.6000000000000020E-002    177.6041666666448     
   2.6000000000000020E-002    194.6770833332960     
   2.6000000000000020E-002    211.7187499999471     
   2.6000000000000020E-002    228.7291666665983     
   2.6000000000000020E-002    245.7083333332496     
   2.6000000000000020E-002    262.6666666665856     
   2.6000000000000020E-002    279.5937499999498     
   2.6000000000000020E-002    296.4895833333138     
   2.6000000000000020E-002    313.3645833333445     
   2.6000000000000020E-002    330.2083333333752     
   2.6000000000000020E-002    347.0312500000724     
   2.6000000000000020E-002    363.8333333334363     
   2.6000000000000020E-002    380.6145833334668     
   2.6000000000000020E-002    397.3750000001640     
   2.6000000000000020E-002    414.1145833335278     
   2.6000000000000020E-002    430.8333333335582     
   2.6000000000000020E-002    447.5416666669219     
   2.6000000000000020E-002    464.2187500002856     
   2.6000000000000020E-002    480.8854166669826     
   2.6000000000000020E-002    497.5416666670129     
   2.6000000000000020E-002    514.1666666670312     
   2.6000000000000020E-002    530.7916666669707     
   2.6000000000000020E-002    547.3958333335770     
   2.6000000000000020E-002    563.9791666668500     
   2.6000000000000020E-002    580.5625000001230     
   2.6000000000000020E-002    597.1250000000628     
   2.6000000000000020E-002    613.6666666666692     
   2.6000000000000020E-002    630.2083333332757     
   2.6000000000000020E-002    646.7395833332156     
   2.6000000000000020E-002    663.2499999998222     
   2.6000000000000020E-002    679.7499999997622     
   2.6000000000000020E-002    696.2499999997021     
   2.6000000000000020E-002    712.7291666663089     
   2.6000000000000020E-002    729.1979166662489     
   2.6000000000000020E-002    745.6666666661890     
   2.6000000000000020E-002    762.1249999994625     
   2.6000000000000020E-002    778.5624999994027     
   2.6000000000000020E-002    794.9999999993429     
   2.6000000000000020E-002    811.4374999992831     
   2.6000000000000020E-002    827.8541666658900     
   2.6000000000000020E-002    844.2708333324970     
   2.6000000000000020E-002    860.6770833324373     
   2.6000000000000020E-002    877.0729166657110     
   2.6000000000000020E-002    893.4687499989847     
   2.6000000000000020E-002    909.8541666655917     
   2.6000000000000020E-002    926.2291666655321     
   2.6000000000000020E-002    942.6041666654726     
   2.6000000000000020E-002    958.9687499987464     
   2.6000000000000020E-002    975.3333333320202     
   2.6000000000000020E-002    991.6874999986273     
   2.6000000000000020E-002    1008.041666665235     
   2.6000000000000020E-002    1024.385416665179     
   2.6000000000000020E-002    1040.729166665298     
   2.6000000000000020E-002    1057.062499998750     
   2.6000000000000020E-002    1073.395833332203     
   2.6000000000000020E-002    1089.718749998988     
   2.6000000000000020E-002    1106.041666665773     
   2.6000000000000020E-002    1122.364583332559     
   2.6000000000000020E-002    1138.677083332678     
   2.6000000000000020E-002    1154.989583332796     
   2.6000000000000020E-002    1171.291666666248     
   2.6000000000000020E-002    1187.593749999700     
   2.6000000000000020E-002    1203.895833333152     
   2.6000000000000020E-002    1220.197916666604     
   2.6000000000000020E-002    1236.489583333389     
   2.6000000000000020E-002    1252.781250000174     
   2.6000000000000020E-002    1269.062500000293     
   2.6000000000000020E-002    1285.343750000411     
   2.6000000000000020E-002    1301.625000000530     
   2.6000000000000020E-002    1317.906250000648     
   2.6000000000000020E-002    1334.177083334100     
   2.6000000000000020E-002    1350.458333334218     
   2.6000000000000020E-002    1366.729166667670     
   2.6000000000000020E-002    1382.989583334455     
   2.6000000000000020E-002    1399.260416667907     
   2.6000000000000020E-002    1415.520833334692     
   2.6000000000000020E-002    1431.781250001477     
   2.6000000000000020E-002    1448.041666668262     
   2.6000000000000020E-002    1464.302083335047     
   2.6000000000000020E-002    1480.552083335165     
   2.6000000000000020E-002    1496.812500001950     
   2.6000000000000020E-002    1513.062500002068     
   2.6000000000000020E-002    1529.312500002186     
   2.6000000000000020E-002    1545.562500002305     
   2.6000000000000020E-002    1561.802083335756     
   2.6000000000000020E-002    1578.052083335874     
   2.6000000000000020E-002    1594.291666669326     
   2.6000000000000020E-002    1610.531250002777     
   2.6000000000000020E-002    1626.770833336229     
   2.6000000000000020E-002    1643.010416669680     
   2.6000000000000020E-002    1659.250000003132     
   2.6000000000000020E-002    1675.489583336583     
   2.6000000000000020E-002    1691.718750003368     
   2.6000000000000020E-002    1707.958333336820     
   2.6000000000000020E-002    1724.187500003604     
   2.6000000000000020E-002    1740.416666670389     
   2.6000000000000020E-002    1756.656250003841     
   2.6000000000000020E-002    1772.885416670625     
   2.6000000000000020E-002    1789.114583337410     
   2.6000000000000020E-002    1805.333333337528     
   2.6000000000000020E-002    1821.562500004313     
   2.6000000000000020E-002    1837.791666671098     
   2.6000000000000020E-002    1854.010416671216     
   2.6000000000000020E-002    1870.239583338000     
   2.6000000000000020E-002    1886.458333338118     
   2.6000000000000020E-002    1902.677083338236     
   2.6000000000000020E-002    1918.906250005021     
   2.6000000000000020E-002    1935.125000005139     
   2.6000000000000020E-002    1951.343750005257     
   2.6000000000000020E-002    1967.562500005375     
   2.6000000000000020E-002    1983.781250005493     
   2.6000000000000020E-002    2000.000000005611     
   2.6000000000000020E-002    2016.218750005729     
   2.6000000000000020E-002    2032.437500005847     
   2.6000000000000020E-002    2048.645833339284     
   2.6000000000000020E-002    2064.864583339048     
   2.6000000000000020E-002    2081.083333338812     
   2.6000000000000020E-002    2097.291666671910     
   2.6000000000000020E-002    2113.510416671674     
   2.6000000000000020E-002    2129.718750004771     
   2.6000000000000020E-002    2145.937500004535     
   2.6000000000000020E-002    2162.145833337633     
   2.6000000000000020E-002    2178.354166670730     
   2.6000000000000020E-002    2194.572916670494     
   2.6000000000000020E-002    2210.781250003592     
   2.6000000000000020E-002    2226.989583336689     
   2.6000000000000020E-002    2243.197916669787     
   2.6000000000000020E-002    2259.406250002884     
   2.6000000000000020E-002    2275.614583335981     
   2.6000000000000020E-002    2291.822916669079     
   2.6000000000000020E-002    2308.031250002176     
   2.6000000000000020E-002    2324.239583335274     
   2.6000000000000020E-002    2340.447916668371     
   2.6000000000000020E-002    2356.656250001469     
   2.6000000000000020E-002    2372.864583334566     
   2.6000000000000020E-002    2389.072916667664     
   2.6000000000000020E-002    2405.281250000761     
   2.6000000000000020E-002    2421.489583333859     
   2.6000000000000020E-002    2437.697916666956     
   2.6000000000000020E-002    2453.895833333387     
   2.6000000000000020E-002    2470.104166666485     
   2.6000000000000020E-002    2486.312499999582     
   2.6000000000000020E-002    2502.520833332680     
   2.6000000000000020E-002    2518.718749999111     
   2.6000000000000020E-002    2534.927083332208     
   2.6000000000000020E-002    2551.124999998639     
   2.6000000000000020E-002    2567.333333331736     
   2.6000000000000020E-002    2583.541666664834     
   2.6000000000000020E-002    2599.739583331265     
   2.6000000000000020E-002    2615.947916664362     
   2.6000000000000020E-002    2632.145833330793     
   2.6000000000000020E-002    2648.354166663891     
   2.6000000000000020E-002    2664.552083330322     
   2.6000000000000020E-002    2680.760416663419     
   2.6000000000000020E-002    2696.958333329850     
   2.6000000000000020E-002    2713.166666662948     
   2.6000000000000020E-002    2729.364583329379     
   2.6000000000000020E-002    2745.572916662476     
   2.6000000000000020E-002    2761.770833328907     
   2.6000000000000020E-002    2777.979166662004     
   2.6000000000000020E-002    2794.177083328435     
   2.6000000000000020E-002    2810.374999994866     
   2.6000000000000020E-002    2826.583333327964     
   2.6000000000000020E-002    2842.781249994395     
   2.6000000000000020E-002    2858.979166660826     
   2.6000000000000020E-002    2875.187499993923     
   2.6000000000000020E-002    2891.385416660354     
   2.6000000000000020E-002    2907.593749993452     
   2.6000000000000020E-002    2923.791666659883     
   2.6000000000000020E-002    2939.989583326314     
   2.6000000000000020E-002    2956.187499992745     
   2.6000000000000020E-002    2972.395833325842     
   2.6000000000000020E-002    2988.593749992273     
   2.6000000000000020E-002    3004.791666658704     
   2.6500000000000020E-002    112.3541666666828     
   2.6500000000000020E-002    127.9791666666899     
   2.6500000000000020E-002    143.5833333333424     
   2.6500000000000020E-002    159.1666666666616     
   2.6500000000000020E-002    174.7187499999808     
   2.6500000000000020E-002    190.2499999999667     
   2.6500000000000020E-002    205.7604166666192     
   2.6500000000000020E-002    221.2499999999385     
   2.6500000000000020E-002    236.7187499999244     
   2.6500000000000020E-002    252.1666666665770     
   2.6500000000000020E-002    267.6041666665946     
   2.6500000000000020E-002    283.0104166666226     
   2.6500000000000020E-002    298.4062499999840     
   2.6500000000000020E-002    313.7916666666786     
   2.6500000000000020E-002    329.1458333333732     
   2.6500000000000020E-002    344.5000000000678     
   2.6500000000000020E-002    359.8333333334290     
   2.6500000000000020E-002    375.1458333334569     
   2.6500000000000020E-002    390.4479166668181     
   2.6500000000000020E-002    405.7395833335125     
   2.6500000000000020E-002    421.0208333335403     
   2.6500000000000020E-002    436.2812500002348     
   2.6500000000000020E-002    451.5416666669292     
   2.6500000000000020E-002    466.7812500002902     
   2.6500000000000020E-002    482.0104166669846     
   2.6500000000000020E-002    497.2291666670123     
   2.6500000000000020E-002    512.4479166670375     
   2.6500000000000020E-002    527.6458333336489     
   2.6500000000000020E-002    542.8333333335936     
   2.6500000000000020E-002    558.0208333335383     
   2.6500000000000020E-002    573.1875000001498     
   2.6500000000000020E-002    588.3541666667613     
   2.6500000000000020E-002    603.5104166667062     
   2.6500000000000020E-002    618.6666666666511     
   2.6500000000000020E-002    633.8020833332627     
   2.6500000000000020E-002    648.9374999998743     
   2.6500000000000020E-002    664.0729166664859     
   2.6500000000000020E-002    679.1874999997642     
   2.6500000000000020E-002    694.3020833330426     
   2.6500000000000020E-002    709.4166666663209     
   2.6500000000000020E-002    724.5104166662660     
   2.6500000000000020E-002    739.6145833328777     
   2.6500000000000020E-002    754.6979166661562     
   2.6500000000000020E-002    769.7812499994346     
   2.6500000000000020E-002    784.8645833327131     
   2.6500000000000020E-002    799.9374999993249     
   2.6500000000000020E-002    815.0104166659368     
   2.6500000000000020E-002    830.0729166658820     
   2.6500000000000020E-002    845.1354166658272     
   2.6500000000000020E-002    860.1874999991057     
   2.6500000000000020E-002    875.2395833323843     
   2.6500000000000020E-002    890.2916666656629     
   2.6500000000000020E-002    905.3333333322748     
   2.6500000000000020E-002    920.3749999988868     
   2.6500000000000020E-002    935.4166666654987     
   2.6500000000000020E-002    950.4479166654440     
   2.6500000000000020E-002    965.4791666653894     
   2.6500000000000020E-002    980.4999999986680     
   2.6500000000000020E-002    995.5208333319467     
   2.6500000000000020E-002    1010.541666665225     
   2.6500000000000020E-002    1025.562499998521     
   2.6500000000000020E-002    1040.572916665297     
   2.6500000000000020E-002    1055.583333332073     
   2.6500000000000020E-002    1070.593749998849     
   2.6500000000000020E-002    1085.593749998958     
   2.6500000000000020E-002    1100.604166665734     
   2.6500000000000020E-002    1115.604166665843     
   2.6500000000000020E-002    1130.604166665952     
   2.6500000000000020E-002    1145.593749999395     
   2.6500000000000020E-002    1160.593749999504     
   2.6500000000000020E-002    1175.583333332946     
   2.6500000000000020E-002    1190.572916666388     
   2.6500000000000020E-002    1205.562499999831     
   2.6500000000000020E-002    1220.541666666606     
   2.6500000000000020E-002    1235.531250000049     
   2.6500000000000020E-002    1250.510416666825     
   2.6500000000000020E-002    1265.489583333600     
   2.6500000000000020E-002    1280.468750000376     
   2.6500000000000020E-002    1295.447916667152     
   2.6500000000000020E-002    1310.416666667260     
   2.6500000000000020E-002    1325.395833334036     
   2.6500000000000020E-002    1340.364583334145     
   2.6500000000000020E-002    1355.343750000921     
   2.6500000000000020E-002    1370.312500001030     
   2.6500000000000020E-002    1385.281250001138     
   2.6500000000000020E-002    1400.239583334581     
   2.6500000000000020E-002    1415.208333334690     
   2.6500000000000020E-002    1430.177083334798     
   2.6500000000000020E-002    1445.135416668241     
   2.6500000000000020E-002    1460.104166668350     
   2.6500000000000020E-002    1475.062500001792     
   2.6500000000000020E-002    1490.020833335234     
   2.6500000000000020E-002    1504.979166668676     
   2.6500000000000020E-002    1519.937500002118     
   2.6500000000000020E-002    1534.895833335560     
   2.6500000000000020E-002    1549.854166669003     
   2.6500000000000020E-002    1564.812500002445     
   2.6500000000000020E-002    1579.760416669220     
   2.6500000000000020E-002    1594.718750002662     
   2.6500000000000020E-002    1609.666666669438     
   2.6500000000000020E-002    1624.625000002880     
   2.6500000000000020E-002    1639.572916669655     
   2.6500000000000020E-002    1654.520833336431     
   2.6500000000000020E-002    1669.479166669873     
   2.6500000000000020E-002    1684.427083336648     
   2.6500000000000020E-002    1699.375000003424     
   2.6500000000000020E-002    1714.322916670199     
   2.6500000000000020E-002    1729.270833336975     
   2.6500000000000020E-002    1744.218750003750     
   2.6500000000000020E-002    1759.166666670526     
   2.6500000000000020E-002    1774.104166670634     
   2.6500000000000020E-002    1789.052083337410     
   2.6500000000000020E-002    1804.000000004185     
   2.6500000000000020E-002    1818.937500004294     
   2.6500000000000020E-002    1833.885416671069     
   2.6500000000000020E-002    1848.833333337845     
   2.6500000000000020E-002    1863.770833337953     
   2.6500000000000020E-002    1878.718750004729     
   2.6500000000000020E-002    1893.656250004837     
   2.6500000000000020E-002    1908.593750004946     
   2.6500000000000020E-002    1923.541666671721     
   2.6500000000000020E-002    1938.479166671830     
   2.6500000000000020E-002    1953.416666671939     
   2.6500000000000020E-002    1968.364583338714     
   2.6500000000000020E-002    1983.302083338823     
   2.6500000000000020E-002    1998.239583338932     
   2.6500000000000020E-002    2013.177083339040     
   2.6500000000000020E-002    2028.114583339149     
   2.6500000000000020E-002    2043.052083339258     
   2.6500000000000020E-002    2057.989583339148     
   2.6500000000000020E-002    2072.927083338931     
   2.6500000000000020E-002    2087.864583338714     
   2.6500000000000020E-002    2102.802083338496     
   2.6500000000000020E-002    2117.739583338279     
   2.6500000000000020E-002    2132.677083338061     
   2.6500000000000020E-002    2147.614583337844     
   2.6500000000000020E-002    2162.552083337627     
   2.6500000000000020E-002    2177.489583337409     
   2.6500000000000020E-002    2192.427083337192     
   2.6500000000000020E-002    2207.364583336975     
   2.6500000000000020E-002    2222.291666670091     
   2.6500000000000020E-002    2237.229166669873     
   2.6500000000000020E-002    2252.166666669656     
   2.6500000000000020E-002    2267.104166669439     
   2.6500000000000020E-002    2282.031250002555     
   2.6500000000000020E-002    2296.968750002337     
   2.6500000000000020E-002    2311.906250002120     
   2.6500000000000020E-002    2326.833333335236     
   2.6500000000000020E-002    2341.770833335019     
   2.6500000000000020E-002    2356.708333334801     
   2.6500000000000020E-002    2371.635416667918     
   2.6500000000000020E-002    2386.572916667700     
   2.6500000000000020E-002    2401.510416667483     
   2.6500000000000020E-002    2416.437500000599     
   2.6500000000000020E-002    2431.375000000382     
   2.6500000000000020E-002    2446.302083333498     
   2.6500000000000020E-002    2461.239583333280     
   2.6500000000000020E-002    2476.166666666396     
   2.6500000000000020E-002    2491.104166666179     
   2.6500000000000020E-002    2506.041666665962     
   2.6500000000000020E-002    2520.968749999078     
   2.6500000000000020E-002    2535.906249998860     
   2.6500000000000020E-002    2550.833333331977     
   2.6500000000000020E-002    2565.770833331759     
   2.6500000000000020E-002    2580.697916664875     
   2.6500000000000020E-002    2595.624999997991     
   2.6500000000000020E-002    2610.562499997774     
   2.6500000000000020E-002    2625.489583330890     
   2.6500000000000020E-002    2640.427083330673     
   2.6500000000000020E-002    2655.354166663789     
   2.6500000000000020E-002    2670.291666663572     
   2.6500000000000020E-002    2685.218749996688     
   2.6500000000000020E-002    2700.156249996470     
   2.7000000000000021E-002    169.2916666666524     
   2.7000000000000021E-002    183.5624999999727     
   2.7000000000000021E-002    197.8333333332931     
   2.7000000000000021E-002    212.0937499999468     
   2.7000000000000021E-002    226.3541666666005     
   2.7000000000000021E-002    240.6041666665875     
   2.7000000000000021E-002    254.8437499999079     
   2.7000000000000021E-002    269.0833333332640     
   2.7000000000000021E-002    283.3020833332898     
   2.7000000000000021E-002    297.5104166666490     
   2.7000000000000021E-002    311.7187500000082     
   2.7000000000000021E-002    325.9062500000340     
   2.7000000000000021E-002    340.0937500000598     
   2.7000000000000021E-002    354.2708333334189     
   2.7000000000000021E-002    368.4375000001114     
   2.7000000000000021E-002    382.6041666668038     
   2.7000000000000021E-002    396.7500000001629     
   2.7000000000000021E-002    410.8958333335219     
   2.7000000000000021E-002    425.0312500002143     
   2.7000000000000021E-002    439.1562500002400     
   2.7000000000000021E-002    453.2812500002657     
   2.7000000000000021E-002    467.3958333336247     
   2.7000000000000021E-002    481.5000000003170     
   2.7000000000000021E-002    495.6041666670093     
   2.7000000000000021E-002    509.6979166670350     
   2.7000000000000021E-002    523.7916666669962     
   2.7000000000000021E-002    537.8750000002783     
   2.7000000000000021E-002    551.9479166668938     
   2.7000000000000021E-002    566.0208333335092     
   2.7000000000000021E-002    580.0937500001247     
   2.7000000000000021E-002    594.1562500000736     
   2.7000000000000021E-002    608.2083333333558     
   2.7000000000000021E-002    622.2604166666380     
   2.7000000000000021E-002    636.3124999999202     
   2.7000000000000021E-002    650.3541666665358     
   2.7000000000000021E-002    664.3958333331514     
   2.7000000000000021E-002    678.4270833331003     
   2.7000000000000021E-002    692.4583333330493     
   2.7000000000000021E-002    706.4895833329982     
   2.7000000000000021E-002    720.5104166662805     
   2.7000000000000021E-002    734.5312499995629     
   2.7000000000000021E-002    748.5416666661786     
   2.7000000000000021E-002    762.5624999994609     
   2.7000000000000021E-002    776.5729166660766     
   2.7000000000000021E-002    790.5729166660257     
   2.7000000000000021E-002    804.5833333326414     
   2.7000000000000021E-002    818.5833333325904     
   2.7000000000000021E-002    832.5729166658729     
   2.7000000000000021E-002    846.5729166658219     
   2.7000000000000021E-002    860.5624999991044     
   2.7000000000000021E-002    874.5520833323868     
   2.7000000000000021E-002    888.5416666656693     
   2.7000000000000021E-002    902.5312499989517     
   2.7000000000000021E-002    916.5104166655675     
   2.7000000000000021E-002    930.4895833321833     
   2.7000000000000021E-002    944.4687499987991     
   2.7000000000000021E-002    958.4479166654149     
   2.7000000000000021E-002    972.4166666653641     
   2.7000000000000021E-002    986.3958333319799     
   2.7000000000000021E-002    1000.364583331929     
   2.7000000000000021E-002    1014.333333331878     
   2.7000000000000021E-002    1028.302083331874     
   2.7000000000000021E-002    1042.260416665309     
   2.7000000000000021E-002    1056.229166665411     
   2.7000000000000021E-002    1070.187499998846     
   2.7000000000000021E-002    1084.145833332281     
   2.7000000000000021E-002    1098.104166665716     
   2.7000000000000021E-002    1112.062499999151     
   2.7000000000000021E-002    1126.020833332585     
   2.7000000000000021E-002    1139.979166666020     
   2.7000000000000021E-002    1153.927083332788     
   2.7000000000000021E-002    1167.885416666223     
   2.7000000000000021E-002    1181.833333332992     
   2.7000000000000021E-002    1195.781249999760     
   2.7000000000000021E-002    1209.729166666528     
   2.7000000000000021E-002    1223.677083333296     
   2.7000000000000021E-002    1237.625000000064     
   2.7000000000000021E-002    1251.572916666832     
   2.7000000000000021E-002    1265.520833333600     
   2.7000000000000021E-002    1279.458333333702     
   2.7000000000000021E-002    1293.406250000470     
   2.7000000000000021E-002    1307.343750000571     
   2.7000000000000021E-002    1321.281250000673     
   2.7000000000000021E-002    1335.229166667441     
   2.7000000000000021E-002    1349.166666667542     
   2.7000000000000021E-002    1363.104166667644     
   2.7000000000000021E-002    1377.041666667745     
   2.7000000000000021E-002    1390.979166667847     
   2.7000000000000021E-002    1404.916666667948     
   2.7000000000000021E-002    1418.843750001383     
   2.7000000000000021E-002    1432.781250001484     
   2.7000000000000021E-002    1446.718750001585     
   2.7000000000000021E-002    1460.656250001687     
   2.7000000000000021E-002    1474.583333335122     
   2.7000000000000021E-002    1488.520833335223     
   2.7000000000000021E-002    1502.447916668658     
   2.7000000000000021E-002    1516.375000002092     
   2.7000000000000021E-002    1530.312500002194     
   2.7000000000000021E-002    1544.239583335628     
   2.7000000000000021E-002    1558.166666669063     
   2.7000000000000021E-002    1572.104166669164     
   2.7000000000000021E-002    1586.031250002599     
   2.7000000000000021E-002    1599.958333336034     
   2.7000000000000021E-002    1613.885416669468     
   2.7000000000000021E-002    1627.812500002903     
   2.7000000000000021E-002    1641.739583336338     
   2.7000000000000021E-002    1655.666666669772     
   2.7000000000000021E-002    1669.593750003207     
   2.7000000000000021E-002    1683.520833336642     
   2.7000000000000021E-002    1697.447916670076     
   2.7000000000000021E-002    1711.364583336844     
   2.7000000000000021E-002    1725.291666670279     
   2.7000000000000021E-002    1739.218750003714     
   2.7000000000000021E-002    1753.145833337148     
   2.7000000000000021E-002    1767.062500003916     
   2.7000000000000021E-002    1780.989583337351     
   2.7000000000000021E-002    1794.916666670786     
   2.7000000000000021E-002    1808.833333337554     
   2.7000000000000021E-002    1822.760416670988     
   2.7000000000000021E-002    1836.677083337756     
   2.7000000000000021E-002    1850.604166671191     
   2.7000000000000021E-002    1864.520833337959     
   2.7000000000000021E-002    1878.447916671393     
   2.7000000000000021E-002    1892.364583338161     
   2.7000000000000021E-002    1906.291666671596     
   2.7000000000000021E-002    1920.208333338364     
   2.7000000000000021E-002    1934.135416671799     
   2.7000000000000021E-002    1948.052083338566     
   2.7000000000000021E-002    1961.968750005334     
   2.7000000000000021E-002    1975.895833338769     
   2.7000000000000021E-002    1989.812500005537     
   2.7000000000000021E-002    2003.729166672305     
   2.7000000000000021E-002    2017.656250005740     
   2.7000000000000021E-002    2031.572916672508     
   2.7000000000000021E-002    2045.489583339275     
   2.7000000000000021E-002    2059.416666672461     
   2.7000000000000021E-002    2073.333333338925     
   2.7000000000000021E-002    2087.250000005389     
   2.7000000000000021E-002    2101.166666671853     
   2.7000000000000021E-002    2115.083333338318     
   2.7000000000000021E-002    2129.010416671448     
   2.7000000000000021E-002    2142.927083337912     
   2.7000000000000021E-002    2156.843750004376     
   2.7000000000000021E-002    2170.760416670841     
   2.7000000000000021E-002    2184.677083337305     
   2.7000000000000021E-002    2198.593750003769     
   2.7000000000000021E-002    2212.510416670233     
   2.7000000000000021E-002    2226.437500003364     
   2.7000000000000021E-002    2240.354166669828     
   2.7000000000000021E-002    2254.270833336292     
   2.7000000000000021E-002    2268.187500002756     
   2.7000000000000021E-002    2282.104166669220     
   2.7000000000000021E-002    2296.020833335685     
   2.7000000000000021E-002    2309.937500002149     
   2.7000000000000021E-002    2323.854166668613     
   2.7000000000000021E-002    2337.770833335077     
   2.7000000000000021E-002    2351.687500001541     
   2.7000000000000021E-002    2365.604166668005     
   2.7000000000000021E-002    2379.520833334469     
   2.7000000000000021E-002    2393.437500000934     
   2.7000000000000021E-002    2407.354166667398     
   2.7000000000000021E-002    2421.270833333862     
   2.7000000000000021E-002    2435.187500000326     
   2.7000000000000021E-002    2449.104166666790     
   2.7000000000000021E-002    2463.020833333254     
   2.7000000000000021E-002    2476.937499999719     
   2.7000000000000021E-002    2490.854166666183     
   2.7000000000000021E-002    2504.770833332647     
   2.7000000000000021E-002    2518.687499999111     
   2.7000000000000021E-002    2532.604166665575     
   2.7000000000000021E-002    2546.520833332039     
   2.7500000000000021E-002    493.3854166670053     
   2.7500000000000021E-002    506.5104166670292     
   2.7500000000000021E-002    519.6458333336780     
   2.7500000000000021E-002    532.7812500002968     
   2.7500000000000021E-002    545.9270833335823     
   2.7500000000000021E-002    559.0729166668679     
   2.7500000000000021E-002    572.2083333334867     
   2.7500000000000021E-002    585.3541666667722     
   2.7500000000000021E-002    598.5000000000578     
   2.7500000000000021E-002    611.6458333333433     
   2.7500000000000021E-002    624.7812499999621     
   2.7500000000000021E-002    637.9270833332477     
   2.7500000000000021E-002    651.0624999998665     
   2.7500000000000021E-002    664.2083333331520     
   2.7500000000000021E-002    677.3437499997709     
   2.7500000000000021E-002    690.4791666663898     
   2.7500000000000021E-002    703.6145833330087     
   2.7500000000000021E-002    716.7395833329609     
   2.7500000000000021E-002    729.8749999995798     
   2.7500000000000021E-002    742.9999999995321     
   2.7500000000000021E-002    756.1354166661509     
   2.7500000000000021E-002    769.2604166661032     
   2.7500000000000021E-002    782.3854166660554     
   2.7500000000000021E-002    795.5104166660077     
   2.7500000000000021E-002    808.6354166659600     
   2.7500000000000021E-002    821.7499999992456     
   2.7500000000000021E-002    834.8749999991978     
   2.7500000000000021E-002    847.9895833324834     
   2.7500000000000021E-002    861.1041666657691     
   2.7500000000000021E-002    874.2187499990547     
   2.7500000000000021E-002    887.3333333323403     
   2.7500000000000021E-002    900.4479166656259     
   2.7500000000000021E-002    913.5624999989116     
   2.7500000000000021E-002    926.6770833321972     
   2.7500000000000021E-002    939.7812499988162     
   2.7500000000000021E-002    952.8958333321018     
   2.7500000000000021E-002    965.9999999987208     
   2.7500000000000021E-002    979.1145833320064     
   2.7500000000000021E-002    992.2187499986254     
   2.7500000000000021E-002    1005.322916665244     
   2.7500000000000021E-002    1018.427083331863     
   2.7500000000000021E-002    1031.531249998565     
   2.7500000000000021E-002    1044.635416665327     
   2.7500000000000021E-002    1057.729166665422     
   2.7500000000000021E-002    1070.833333332184     
   2.7500000000000021E-002    1083.937499998946     
   2.7500000000000021E-002    1097.031249999041     
   2.7500000000000021E-002    1110.135416665803     
   2.7500000000000021E-002    1123.229166665898     
   2.7500000000000021E-002    1136.322916665994     
   2.7500000000000021E-002    1149.427083332756     
   2.7500000000000021E-002    1162.520833332851     
   2.7500000000000021E-002    1175.614583332946     
   2.7500000000000021E-002    1188.708333333042     
   2.7500000000000021E-002    1201.802083333137     
   2.7500000000000021E-002    1214.895833333232     
   2.7500000000000021E-002    1227.989583333327     
   2.7500000000000021E-002    1241.083333333423     
   2.7500000000000021E-002    1254.177083333518     
   2.7500000000000021E-002    1267.260416666946     
   2.7500000000000021E-002    1280.354166667042     
   2.7500000000000021E-002    1293.447916667137     
   2.7500000000000021E-002    1306.531250000565     
   2.7500000000000021E-002    1319.625000000661     
   2.7500000000000021E-002    1332.718750000756     
   2.7500000000000021E-002    1345.802083334185     
   2.7500000000000021E-002    1358.895833334280     
   2.7500000000000021E-002    1371.979166667708     
   2.7500000000000021E-002    1385.062500001137     
   2.7500000000000021E-002    1398.156250001232     
   2.7500000000000021E-002    1411.239583334661     
   2.7500000000000021E-002    1424.322916668089     
   2.7500000000000021E-002    1437.416666668184     
   2.7500000000000021E-002    1450.500000001613     
   2.7500000000000021E-002    1463.583333335042     
   2.7500000000000021E-002    1476.666666668470     
   2.7500000000000021E-002    1489.750000001899     
   2.7500000000000021E-002    1502.833333335327     
   2.7500000000000021E-002    1515.916666668756     
   2.7500000000000021E-002    1529.000000002184     
   2.7500000000000021E-002    1542.093750002279     
   2.7500000000000021E-002    1555.177083335708     
   2.7500000000000021E-002    1568.260416669136     
   2.7500000000000021E-002    1581.333333335898     
   2.7500000000000021E-002    1594.416666669327     
   2.7500000000000021E-002    1607.500000002755     
   2.7500000000000021E-002    1620.583333336184     
   2.7500000000000021E-002    1633.666666669612     
   2.7500000000000021E-002    1646.750000003041     
   2.7500000000000021E-002    1659.833333336469     
   2.7500000000000021E-002    1672.916666669898     
   2.7500000000000021E-002    1685.989583336660     
   2.7500000000000021E-002    1699.072916670088     
   2.7500000000000021E-002    1712.156250003517     
   2.7500000000000021E-002    1725.239583336945     
   2.7500000000000021E-002    1738.312500003707     
   2.7500000000000021E-002    1751.395833337136     
   2.7500000000000021E-002    1764.479166670564     
   2.7500000000000021E-002    1777.562500003993     
   2.7500000000000021E-002    1790.635416670754     
   2.7500000000000021E-002    1803.718750004183     
   2.7500000000000021E-002    1816.791666670945     
   2.7500000000000021E-002    1829.875000004373     
   2.7500000000000021E-002    1842.958333337802     
   2.7500000000000021E-002    1856.031250004564     
   2.7500000000000021E-002    1869.114583337992     
   2.7500000000000021E-002    1882.197916671421     
   2.7500000000000021E-002    1895.270833338182     
   2.7500000000000021E-002    1908.354166671611     
   2.7500000000000021E-002    1921.427083338373     
   2.7500000000000021E-002    1934.510416671801     
   2.7500000000000021E-002    1947.583333338563     
   2.7500000000000021E-002    1960.666666671992     
   2.7500000000000021E-002    1973.739583338753     
   2.7500000000000021E-002    1986.822916672182     
   2.7500000000000021E-002    1999.895833338944     
   2.7500000000000021E-002    2012.979166672372     
   2.7500000000000021E-002    2026.052083339134     
   2.7500000000000021E-002    2039.135416672563     
   2.7500000000000021E-002    2052.208333339232     
   2.7500000000000021E-002    2065.291666672375     
   2.7500000000000021E-002    2078.364583338852     
   2.7500000000000021E-002    2091.447916671995     
   2.7500000000000021E-002    2104.520833338471     
   2.7500000000000021E-002    2117.604166671614     
   2.7500000000000021E-002    2130.677083338091     
   2.7500000000000021E-002    2143.760416671234     
   2.7500000000000021E-002    2156.833333337710     
   2.7500000000000021E-002    2169.906250004186     
   2.7500000000000021E-002    2182.989583337329     
   2.7500000000000021E-002    2196.062500003806     
   2.7500000000000021E-002    2209.145833336949     
   2.7500000000000021E-002    2222.218750003425     
   2.7500000000000021E-002    2235.291666669902     
   2.7500000000000021E-002    2248.375000003045     
   2.7500000000000021E-002    2261.447916669521     
   2.7500000000000021E-002    2274.531250002664     
   2.7500000000000021E-002    2287.604166669140     
   2.7500000000000021E-002    2300.677083335617     
   2.7500000000000021E-002    2313.760416668760     
   2.7500000000000021E-002    2326.833333335236     
   2.7500000000000021E-002    2339.906250001713     
   2.8000000000000021E-002    740.6770833328738     
   2.8000000000000021E-002    752.9895833328291     
   2.8000000000000021E-002    765.3229166661175     
   2.8000000000000021E-002    777.6666666660726     
   2.8000000000000021E-002    790.0104166660277     
   2.8000000000000021E-002    802.3645833326494     
   2.8000000000000021E-002    814.7187499992712     
   2.8000000000000021E-002    827.0729166658929     
   2.8000000000000021E-002    839.4374999991812     
   2.8000000000000021E-002    851.8020833324696     
   2.8000000000000021E-002    864.1562499990913     
   2.8000000000000021E-002    876.5208333323797     
   2.8000000000000021E-002    888.8854166656680     
   2.8000000000000021E-002    901.2604166656230     
   2.8000000000000021E-002    913.6249999989113     
   2.8000000000000021E-002    925.9895833321997     
   2.8000000000000021E-002    938.3541666654880     
   2.8000000000000021E-002    950.7187499987764     
   2.8000000000000021E-002    963.0937499987314     
   2.8000000000000021E-002    975.4583333320197     
   2.8000000000000021E-002    987.8229166653081     
   2.8000000000000021E-002    1000.197916665263     
   2.8000000000000021E-002    1012.562499998551     
   2.8000000000000021E-002    1024.937499998517     
   2.8000000000000021E-002    1037.302083331940     
   2.8000000000000021E-002    1049.666666665363     
   2.8000000000000021E-002    1062.041666665453     
   2.8000000000000021E-002    1074.406249998877     
   2.8000000000000021E-002    1086.781249998967     
   2.8000000000000021E-002    1099.145833332390     
   2.8000000000000021E-002    1111.510416665813     
   2.8000000000000021E-002    1123.885416665903     
   2.8000000000000021E-002    1136.249999999327     
   2.8000000000000021E-002    1148.614583332750     
   2.8000000000000021E-002    1160.989583332840     
   2.8000000000000021E-002    1173.354166666263     
   2.8000000000000021E-002    1185.718749999686     
   2.8000000000000021E-002    1198.093749999776     
   2.8000000000000021E-002    1210.458333333200     
   2.8000000000000021E-002    1222.822916666623     
   2.8000000000000021E-002    1235.197916666713     
   2.8000000000000021E-002    1247.562500000136     
   2.8000000000000021E-002    1259.927083333560     
   2.8000000000000021E-002    1272.291666666983     
   2.8000000000000021E-002    1284.666666667073     
   2.8000000000000021E-002    1297.031250000496     
   2.8000000000000021E-002    1309.395833333920     
   2.8000000000000021E-002    1321.760416667343     
   2.8000000000000021E-002    1334.125000000766     
   2.8000000000000021E-002    1346.500000000856     
   2.8000000000000021E-002    1358.864583334280     
   2.8000000000000021E-002    1371.229166667703     
   2.8000000000000021E-002    1383.593750001126     
   2.8000000000000021E-002    1395.958333334549     
   2.8000000000000021E-002    1408.333333334640     
   2.8000000000000021E-002    1420.697916668063     
   2.8000000000000021E-002    1433.062500001486     
   2.8000000000000021E-002    1445.427083334909     
   2.8000000000000021E-002    1457.791666668333     
   2.8000000000000021E-002    1470.156250001756     
   2.8000000000000021E-002    1482.520833335179     
   2.8000000000000021E-002    1494.885416668603     
   2.8000000000000021E-002    1507.250000002026     
   2.8000000000000021E-002    1519.625000002116     
   2.8000000000000021E-002    1531.989583335539     
   2.8000000000000021E-002    1544.354166668963     
   2.8000000000000021E-002    1556.718750002386     
   2.8000000000000021E-002    1569.083333335809     
   2.8000000000000021E-002    1581.447916669232     
   2.8000000000000021E-002    1593.812500002656     
   2.8000000000000021E-002    1606.177083336079     
   2.8000000000000021E-002    1618.541666669502     
   2.8000000000000021E-002    1630.906250002926     
   2.8000000000000021E-002    1643.270833336349     
   2.8000000000000021E-002    1655.635416669772     
   2.8000000000000021E-002    1668.000000003196     
   2.8000000000000021E-002    1680.364583336619     
   2.8000000000000021E-002    1692.729166670042     
   2.8000000000000021E-002    1705.093750003465     
   2.8000000000000021E-002    1717.458333336889     
   2.8000000000000021E-002    1729.822916670312     
   2.8000000000000021E-002    1742.187500003735     
   2.8000000000000021E-002    1754.552083337159     
   2.8000000000000021E-002    1766.916666670582     
   2.8000000000000021E-002    1779.281250004005     
   2.8000000000000021E-002    1791.645833337428     
   2.8000000000000021E-002    1804.010416670852     
   2.8000000000000021E-002    1816.375000004275     
   2.8000000000000021E-002    1828.739583337698     
   2.8000000000000021E-002    1841.104166671122     
   2.8000000000000021E-002    1853.468750004545     
   2.8000000000000021E-002    1865.833333337968     
   2.8000000000000021E-002    1878.197916671392     
   2.8000000000000021E-002    1890.562500004815     
   2.8000000000000021E-002    1902.927083338238     
   2.8000000000000021E-002    1915.291666671661     
   2.8000000000000021E-002    1927.656250005085     
   2.8000000000000021E-002    1940.020833338508     
   2.8000000000000021E-002    1952.385416671931     
   2.8000000000000021E-002    1964.750000005355     
   2.8000000000000021E-002    1977.114583338778     
   2.8000000000000021E-002    1989.479166672201     
   2.8000000000000021E-002    2001.843750005625     
   2.8000000000000021E-002    2014.208333339048     
   2.8000000000000021E-002    2026.572916672471     
   2.8000000000000021E-002    2038.927083339228     
   2.8000000000000021E-002    2051.291666672579     
   2.8000000000000021E-002    2063.656250005733     
   2.8000000000000021E-002    2076.020833338886     
   2.8000000000000021E-002    2088.385416672039     
   2.8000000000000021E-002    2100.750000005193     
   2.8000000000000021E-002    2113.114583338346     
   2.8000000000000021E-002    2125.479166671500     
   2.8000000000000021E-002    2137.843750004653     
   2.8000000000000021E-002    2150.208333337806     
   2.8000000000000021E-002    2162.572916670960     
   2.8000000000000021E-002    2174.937500004113     
   2.8000000000000021E-002    2187.302083337267     
   2.8000000000000021E-002    2199.666666670420     
   2.8000000000000021E-002    2212.020833336907     
   2.8000000000000021E-002    2224.385416670060     
   2.8000000000000021E-002    2236.750000003214     
   2.8000000000000021E-002    2249.114583336367     
   2.8000000000000021E-002    2261.479166669521     
   2.8000000000000021E-002    2273.843750002674     
   2.8000000000000021E-002    2286.208333335827     
   2.8500000000000022E-002    972.0520833320321     
   2.8500000000000022E-002    983.7291666653230     
   2.8500000000000022E-002    995.4062499986138     
   2.8500000000000022E-002    1007.104166665238     
   2.8500000000000022E-002    1018.802083331862     
   2.8500000000000022E-002    1030.510416665224     
   2.8500000000000022E-002    1042.218749998642     
   2.8500000000000022E-002    1053.927083332061     
   2.8500000000000022E-002    1065.645833332146     
   2.8500000000000022E-002    1077.364583332231     
   2.8500000000000022E-002    1089.083333332317     
   2.8500000000000022E-002    1100.802083332402     
   2.8500000000000022E-002    1112.531249999154     
   2.8500000000000022E-002    1124.260416665906     
   2.8500000000000022E-002    1135.979166665991     
   2.8500000000000022E-002    1147.708333332743     
   2.8500000000000022E-002    1159.437499999495     
   2.8500000000000022E-002    1171.166666666247     
   2.8500000000000022E-002    1182.906249999666     
   2.8500000000000022E-002    1194.635416666418     
   2.8500000000000022E-002    1206.364583333170     
   2.8500000000000022E-002    1218.104166666589     
   2.8500000000000022E-002    1229.833333333341     
   2.8500000000000022E-002    1241.572916666760     
   2.8500000000000022E-002    1253.302083333512     
   2.8500000000000022E-002    1265.041666666930     
   2.8500000000000022E-002    1276.770833333682     
   2.8500000000000022E-002    1288.510416667101     
   2.8500000000000022E-002    1300.250000000520     
   2.8500000000000022E-002    1311.989583333939     
   2.8500000000000022E-002    1323.729166667357     
   2.8500000000000022E-002    1335.458333334109     
   2.8500000000000022E-002    1347.197916667528     
   2.8500000000000022E-002    1358.937500000947     
   2.8500000000000022E-002    1370.677083334366     
   2.8500000000000022E-002    1382.416666667784     
   2.8500000000000022E-002    1394.156250001203     
   2.8500000000000022E-002    1405.895833334622     
   2.8500000000000022E-002    1417.635416668041     
   2.8500000000000022E-002    1429.375000001459     
   2.8500000000000022E-002    1441.114583334878     
   2.8500000000000022E-002    1452.854166668297     
   2.8500000000000022E-002    1464.593750001716     
   2.8500000000000022E-002    1476.343750001801     
   2.8500000000000022E-002    1488.083333335220     
   2.8500000000000022E-002    1499.822916668639     
   2.8500000000000022E-002    1511.562500002057     
   2.8500000000000022E-002    1523.302083335476     
   2.8500000000000022E-002    1535.041666668895     
   2.8500000000000022E-002    1546.791666668980     
   2.8500000000000022E-002    1558.531250002399     
   2.8500000000000022E-002    1570.270833335818     
   2.8500000000000022E-002    1582.010416669237     
   2.8500000000000022E-002    1593.760416669322     
   2.8500000000000022E-002    1605.500000002741     
   2.8500000000000022E-002    1617.239583336160     
   2.8500000000000022E-002    1628.989583336245     
   2.8500000000000022E-002    1640.729166669664     
   2.8500000000000022E-002    1652.468750003083     
   2.8500000000000022E-002    1664.208333336501     
   2.8500000000000022E-002    1675.958333336587     
   2.8500000000000022E-002    1687.697916670005     
   2.8500000000000022E-002    1699.447916670091     
   2.8500000000000022E-002    1711.187500003510     
   2.8500000000000022E-002    1722.927083336928     
   2.8500000000000022E-002    1734.677083337014     
   2.8500000000000022E-002    1746.416666670433     
   2.8500000000000022E-002    1758.156250003851     
   2.8500000000000022E-002    1769.906250003937     
   2.8500000000000022E-002    1781.645833337356     
   2.8500000000000022E-002    1793.395833337441     
   2.8500000000000022E-002    1805.135416670860     
   2.8500000000000022E-002    1816.875000004279     
   2.8500000000000022E-002    1828.625000004364     
   2.8500000000000022E-002    1840.364583337783     
   2.8500000000000022E-002    1852.114583337868     
   2.8500000000000022E-002    1863.854166671287     
   2.8500000000000022E-002    1875.604166671373     
   2.8500000000000022E-002    1887.343750004791     
   2.8500000000000022E-002    1899.093750004877     
   2.8500000000000022E-002    1910.833333338296     
   2.8500000000000022E-002    1922.583333338381     
   2.8500000000000022E-002    1934.322916671800     
   2.8500000000000022E-002    1946.072916671885     
   2.8500000000000022E-002    1957.812500005304     
   2.8500000000000022E-002    1969.562500005390     
   2.8500000000000022E-002    1981.302083338808     
   2.8500000000000022E-002    1993.052083338894     
   2.8500000000000022E-002    2004.791666672313     
   2.8500000000000022E-002    2016.541666672398     
   2.8500000000000022E-002    2028.281250005817     
   2.8500000000000022E-002    2040.031250005902     
   2.8500000000000022E-002    2051.770833339239     
   2.8500000000000022E-002    2063.520833339068     
   2.8500000000000022E-002    2075.260416672230     
   2.8500000000000022E-002    2087.010416672059     
   2.8500000000000022E-002    2098.750000005222     
   2.8500000000000022E-002    2110.500000005051     
   2.8500000000000022E-002    2122.239583338213     
   2.8500000000000022E-002    2133.989583338042     
   2.8500000000000022E-002    2145.729166671205     
   2.8500000000000022E-002    2157.479166671034     
   2.8500000000000022E-002    2169.218750004196     
   2.8500000000000022E-002    2180.968750004025     
   2.8500000000000022E-002    2192.718750003854     
   2.8500000000000022E-002    2204.458333337017     
   2.8500000000000022E-002    2216.208333336846     
   2.8500000000000022E-002    2227.947916670008     
   2.9000000000000022E-002    1211.895833333210     
   2.9000000000000022E-002    1223.020833333291     
   2.9000000000000022E-002    1234.156250000039     
   2.9000000000000022E-002    1245.291666666787     
   2.9000000000000022E-002    1256.447916666868     
   2.9000000000000022E-002    1267.593750000282     
   2.9000000000000022E-002    1278.750000000363     
   2.9000000000000022E-002    1289.916666667111     
   2.9000000000000022E-002    1301.072916667192     
   2.9000000000000022E-002    1312.239583333940     
   2.9000000000000022E-002    1323.406250000688     
   2.9000000000000022E-002    1334.583333334103     
   2.9000000000000022E-002    1345.750000000851     
   2.9000000000000022E-002    1356.927083334265     
   2.9000000000000022E-002    1368.093750001013     
   2.9000000000000022E-002    1379.270833334428     
   2.9000000000000022E-002    1390.447916667843     
   2.9000000000000022E-002    1401.625000001257     
   2.9000000000000022E-002    1412.812500001339     
   2.9000000000000022E-002    1423.989583334753     
   2.9000000000000022E-002    1435.166666668168     
   2.9000000000000022E-002    1446.354166668249     
   2.9000000000000022E-002    1457.541666668331     
   2.9000000000000022E-002    1468.718750001746     
   2.9000000000000022E-002    1479.906250001827     
   2.9000000000000022E-002    1491.093750001908     
   2.9000000000000022E-002    1502.281250001990     
   2.9000000000000022E-002    1513.458333335404     
   2.9000000000000022E-002    1524.645833335486     
   2.9000000000000022E-002    1535.833333335567     
   2.9000000000000022E-002    1547.020833335649     
   2.9000000000000022E-002    1558.218750002397     
   2.9000000000000022E-002    1569.406250002478     
   2.9000000000000022E-002    1580.593750002560     
   2.9000000000000022E-002    1591.781250002641     
   2.9000000000000022E-002    1602.968750002722     
   2.9000000000000022E-002    1614.166666669470     
   2.9000000000000022E-002    1625.354166669552     
   2.9000000000000022E-002    1636.541666669633     
   2.9000000000000022E-002    1647.739583336381     
   2.9000000000000022E-002    1658.927083336463     
   2.9000000000000022E-002    1670.125000003211     
   2.9000000000000022E-002    1681.312500003292     
   2.9000000000000022E-002    1692.510416670041     
   2.9000000000000022E-002    1703.697916670122     
   2.9000000000000022E-002    1714.895833336870     
   2.9000000000000022E-002    1726.083333336951     
   2.9000000000000022E-002    1737.281250003700     
   2.9000000000000022E-002    1748.479166670448     
   2.9000000000000022E-002    1759.666666670529     
   2.9000000000000022E-002    1770.864583337277     
   2.9000000000000022E-002    1782.062500004025     
   2.9000000000000022E-002    1793.250000004107     
   2.9000000000000022E-002    1804.447916670855     
   2.9000000000000022E-002    1815.645833337603     
   2.9000000000000022E-002    1826.843750004351     
   2.9000000000000022E-002    1838.031250004433     
   2.9000000000000022E-002    1849.229166671181     
   2.9000000000000022E-002    1860.427083337929     
   2.9000000000000022E-002    1871.625000004677     
   2.9000000000000022E-002    1882.822916671425     
   2.9000000000000022E-002    1894.020833338173     
   2.9000000000000022E-002    1905.218750004922     
   2.9000000000000022E-002    1916.406250005003     
   2.9000000000000022E-002    1927.604166671751     
   2.9000000000000022E-002    1938.802083338499     
   2.9000000000000022E-002    1950.000000005247     
   2.9000000000000022E-002    1961.197916671995     
   2.9000000000000022E-002    1972.395833338744     
   2.9000000000000022E-002    1983.593750005492     
   2.9000000000000022E-002    1994.791666672240     
   2.9000000000000022E-002    2005.989583338988     
   2.9000000000000022E-002    2017.187500005736     
   2.9000000000000022E-002    2028.385416672484     
   2.9000000000000022E-002    2039.583333339232     
   2.9000000000000022E-002    2050.781250005920     
   2.9000000000000022E-002    2061.979166672424     
   2.9000000000000022E-002    2073.177083338927     
   2.9000000000000022E-002    2084.385416672098     
   2.9000000000000022E-002    2095.583333338601     
   2.9000000000000022E-002    2106.781250005105     
   2.9000000000000022E-002    2117.979166671609     
   2.9000000000000022E-002    2129.177083338112     
   2.9000000000000022E-002    2140.375000004616     
   2.9000000000000022E-002    2151.572916671120     
   2.9000000000000022E-002    2162.770833337624     
   2.9000000000000022E-002    2173.968750004127     
   2.9000000000000022E-002    2185.177083337298     
   2.9500000000000023E-002    1467.552083335070     
   2.9500000000000023E-002    1478.187500001814     
   2.9500000000000023E-002    1488.822916668558     
   2.9500000000000023E-002    1499.479166668636     
   2.9500000000000023E-002    1510.135416668714     
   2.9500000000000023E-002    1520.791666668791     
   2.9500000000000023E-002    1531.458333335535     
   2.9500000000000023E-002    1542.135416668946     
   2.9500000000000023E-002    1552.802083335691     
   2.9500000000000023E-002    1563.479166669102     
   2.9500000000000023E-002    1574.156250002513     
   2.9500000000000023E-002    1584.833333335924     
   2.9500000000000023E-002    1595.520833336001     
   2.9500000000000023E-002    1606.197916669413     
   2.9500000000000023E-002    1616.885416669490     
   2.9500000000000023E-002    1627.572916669568     
   2.9500000000000023E-002    1638.260416669646     
   2.9500000000000023E-002    1648.947916669724     
   2.9500000000000023E-002    1659.635416669801     
   2.9500000000000023E-002    1670.322916669879     
   2.9500000000000023E-002    1681.020833336624     
   2.9500000000000023E-002    1691.708333336701     
   2.9500000000000023E-002    1702.406250003446     
   2.9500000000000023E-002    1713.093750003524     
   2.9500000000000023E-002    1723.791666670268     
   2.9500000000000023E-002    1734.489583337013     
   2.9500000000000023E-002    1745.187500003757     
   2.9500000000000023E-002    1755.885416670502     
   2.9500000000000023E-002    1766.583333337246     
   2.9500000000000023E-002    1777.281250003991     
   2.9500000000000023E-002    1787.979166670735     
   2.9500000000000023E-002    1798.677083337480     
   2.9500000000000023E-002    1809.375000004224     
   2.9500000000000023E-002    1820.072916670969     
   2.9500000000000023E-002    1830.781250004380     
   2.9500000000000023E-002    1841.479166671124     
   2.9500000000000023E-002    1852.177083337869     
   2.9500000000000023E-002    1862.885416671280     
   2.9500000000000023E-002    1873.583333338025     
   2.9500000000000023E-002    1884.281250004769     
   2.9500000000000023E-002    1894.989583338180     
   2.9500000000000023E-002    1905.687500004925     
   2.9500000000000023E-002    1916.395833338336     
   2.9500000000000023E-002    1927.104166671747     
   2.9500000000000023E-002    1937.802083338492     
   2.9500000000000023E-002    1948.510416671903     
   2.9500000000000023E-002    1959.218750005314     
   2.9500000000000023E-002    1969.916666672059     
   2.9500000000000023E-002    1980.625000005470     
   2.9500000000000023E-002    1991.333333338881     
   2.9500000000000023E-002    2002.041666672293     
   2.9500000000000023E-002    2012.739583339037     
   2.9500000000000023E-002    2023.447916672448     
   2.9500000000000023E-002    2034.156250005860     
   2.9500000000000023E-002    2044.864583339271     
   2.9500000000000023E-002    2055.572916672517     
   2.9500000000000023E-002    2066.281250005694     
   2.9500000000000023E-002    2076.989583338872     
   2.9500000000000023E-002    2087.697916672049     
   2.9500000000000023E-002    2098.406250005227     
   2.9500000000000023E-002    2109.114583338404     
   2.9500000000000023E-002    2119.822916671582     
   2.9500000000000023E-002    2130.531250004759     
   2.9500000000000023E-002    2141.239583337937     
   2.9500000000000023E-002    2151.947916671114     
   2.9500000000000023E-002    2162.656250004292     
   2.9500000000000023E-002    2173.364583337469     
   2.9500000000000023E-002    2184.072916670647     
   3.0000000000000023E-002    1775.781250003980     
   3.0000000000000023E-002    1785.979166670721     
   3.0000000000000023E-002    1796.187500004128     
   3.0000000000000023E-002    1806.406250004203     
   3.0000000000000023E-002    1816.625000004277     
   3.0000000000000023E-002    1826.843750004351     
   3.0000000000000023E-002    1837.072916671092     
   3.0000000000000023E-002    1847.302083337833     
   3.0000000000000023E-002    1857.531250004575     
   3.0000000000000023E-002    1867.770833337982     
   3.0000000000000023E-002    1878.010416671390     
   3.0000000000000023E-002    1888.250000004798     
   3.0000000000000023E-002    1898.489583338206     
   3.0000000000000023E-002    1908.729166671614     
   3.0000000000000023E-002    1918.968750005022     
   3.0000000000000023E-002    1929.218750005096     
   3.0000000000000023E-002    1939.458333338504     
   3.0000000000000023E-002    1949.708333338579     
   3.0000000000000023E-002    1959.958333338653     
   3.0000000000000023E-002    1970.208333338728     
   3.0000000000000023E-002    1980.458333338802     
   3.0000000000000023E-002    1990.708333338877     
   3.0000000000000023E-002    2000.958333338951     
   3.0000000000000023E-002    2011.208333339026     
   3.0000000000000023E-002    2021.458333339101     
   3.0000000000000023E-002    2031.718750005842     
   3.0000000000000023E-002    2041.968750005916     
   3.0000000000000023E-002    2052.229166672565     
   3.0000000000000023E-002    2062.479166672416     
   3.0000000000000023E-002    2072.739583338934     
   3.0000000000000023E-002    2082.989583338785     
   3.0000000000000023E-002    2093.250000005302     
   3.0000000000000023E-002    2103.510416671819     
   3.0000000000000023E-002    2113.770833338337     
   3.0000000000000023E-002    2124.020833338187     
   3.0000000000000023E-002    2134.281250004705     
   3.0000000000000023E-002    2144.541666671222     
   3.0000000000000023E-002    2154.802083337740     
   3.0000000000000023E-002    2165.062500004257     
   3.0000000000000023E-002    2175.322916670774     
   3.0000000000000023E-002    2185.583333337292     
   3.0500000000000024E-002    2151.197916671125     
   3.0500000000000024E-002    2161.000000004316     
   3.0500000000000024E-002    2170.802083337507     
   3.0500000000000024E-002    2180.604166670697     
   3.0500000000000024E-002    2190.416666670555     
   3.0500000000000024E-002    2200.239583337078     
   3.0500000000000024E-002    2210.062500003602     
   3.0500000000000024E-002    2219.885416670126     
   3.0500000000000024E-002    2229.708333336650     
   3.0500000000000024E-002    2239.541666669840     
   3.0500000000000024E-002    2249.375000003030     
   3.0500000000000024E-002    2259.208333336220     
   3.0500000000000024E-002    2269.041666669410     
   3.0500000000000024E-002    2278.875000002601     
   3.0500000000000024E-002    2288.718750002457     
   3.1000000000000024E-002    2675.114583330168     
   3.1000000000000024E-002    2684.541666663364     
   3.1000000000000024E-002    2693.968749996560     
   3.1000000000000024E-002    2703.406249996423     
   3.1000000000000024E-002    2712.843749996286     
   3.1000000000000024E-002    2722.281249996148     
   3.1000000000000024E-002    2731.729166662677     
   3.1000000000000024E-002    2741.177083329207     
   3.1000000000000024E-002    2750.624999995736     
   3.1000000000000024E-002    2760.083333328932     
   3.1500000000000021E-002    3507.927083318049     
   3.1500000000000021E-002    3516.999999984584     
   3.1500000000000021E-002    3526.072916651118     
   3.1500000000000021E-002    3535.145833317653     
   3.1500000000000021E-002    3544.229166650854     
   3.1500000000000021E-002    3553.312499984055     
   3.1500000000000021E-002    3562.395833317256     
   3.1500000000000021E-002    3571.489583317124     
   3.1500000000000021E-002    3580.583333316992     
   3.1500000000000021E-002    3589.677083316859     
   3.2000000000000021E-002    5306.333333344716     
   3.2000000000000021E-002    5315.052083344970     
   3.2000000000000021E-002    5323.770833345224     
   3.2000000000000021E-002    5332.489583345478     
   3.2000000000000021E-002    5341.218750012398     
   3.2000000000000021E-002    5349.947916679319     
   3.2000000000000021E-002    5358.677083346240     
   3.2000000000000021E-002    5367.406250013160     
   3.2000000000000021E-002    5376.145833346748     
   3.2000000000000021E-002    5384.875000013669     
   3.2000000000000021E-002    5393.614583347256     
   3.2000000000000021E-002    5402.343750014177     
   3.2000000000000021E-002    5411.083333347765     
