   2.5000000000000019E-002    2761.156249995583     
   2.5000000000000019E-002    2794.135416661769     
   2.5000000000000019E-002    2826.260416661302     
   2.5000000000000019E-002    2857.718749994177     
   2.5000000000000019E-002    2888.614583327061     
   2.5000000000000019E-002    2919.020833326619     
   2.5000000000000019E-002    2948.989583326183     
   2.5000000000000019E-002    2978.562499992419     
   2.5000000000000019E-002    3007.781249991994     
   2.5000000000000019E-002    3036.666666658240     
   2.5000000000000019E-002    3065.249999991157     
   2.5000000000000019E-002    3093.552083324079     
   2.5000000000000019E-002    3121.593749990338     
   2.5000000000000019E-002    3149.385416656600     
   2.5000000000000019E-002    3176.947916656199     
   2.5000000000000019E-002    3204.291666655801     
   2.5000000000000019E-002    3231.437499988739     
   2.5000000000000019E-002    3258.385416655014     
   2.5000000000000019E-002    3285.145833321291     
   2.5000000000000019E-002    3311.729166654237     
   2.5000000000000019E-002    3338.156249987186     
   2.5000000000000019E-002    3364.427083320137     
   2.5000000000000019E-002    3390.541666653090     
   2.5000000000000019E-002    3416.520833319379     
   2.5000000000000019E-002    3442.364583319003     
   2.5000000000000019E-002    3468.083333318629     
   2.5000000000000019E-002    3493.677083318256     
   2.5000000000000019E-002    3519.145833317886     
   2.5000000000000019E-002    3544.510416650850     
   2.5000000000000019E-002    3569.770833317149     
   2.5000000000000019E-002    3594.927083316783     
   2.5000000000000019E-002    3619.989583316418     
   2.5000000000000019E-002    3644.947916649388     
   2.5000000000000019E-002    3669.822916649026     
   2.5000000000000019E-002    3694.614583315332     
   2.5000000000000019E-002    3719.333333314973     
   2.5000000000000019E-002    3743.958333314614     
   2.5000000000000019E-002    3768.520833314257     
   2.5000000000000019E-002    3793.010416647234     
   2.5000000000000019E-002    3817.427083313545     
   2.5000000000000019E-002    3841.791666646524     
   2.5000000000000019E-002    3866.083333312837     
   2.5000000000000019E-002    3890.312499979151     
   2.5000000000000019E-002    3914.489583312133     
   2.5000000000000019E-002    3938.614583311782     
   2.5000000000000019E-002    3962.687499978098     
   2.5000000000000019E-002    3986.697916644415     
   2.5000000000000019E-002    4010.666666644066     
   2.5000000000000019E-002    4034.593749977052     
   2.5000000000000019E-002    4058.468749976704     
   2.5000000000000019E-002    4082.312499976357     
   2.5000000000000019E-002    4106.104166643118     
   2.5000000000000019E-002    4129.854166643810     
   2.5000000000000019E-002    4153.572916644500     
   2.5000000000000019E-002    4177.249999978522     
   2.5000000000000019E-002    4200.895833312544     
   2.5000000000000019E-002    4224.510416646564     
   2.5000000000000019E-002    4248.093749980584     
   2.5000000000000019E-002    4271.635416647936     
   2.5000000000000019E-002    4295.156249981954     
   2.5000000000000019E-002    4318.645833315971     
   2.5000000000000019E-002    4342.104166649987     
   2.5000000000000019E-002    4365.531249984002     
   2.5000000000000019E-002    4388.947916651350     
   2.5000000000000019E-002    4412.322916652030     
   2.5000000000000019E-002    4435.687499986044     
   2.5000000000000019E-002    4459.020833320056     
   2.5000000000000019E-002    4482.333333320735     
   2.5000000000000019E-002    4505.624999988079     
   2.5000000000000019E-002    4528.906249988757     
   2.5000000000000019E-002    4552.156249989433     
   2.5000000000000019E-002    4575.385416656776     
   2.5000000000000019E-002    4598.604166657452     
   2.5000000000000019E-002    4621.802083324794     
   2.5000000000000019E-002    4644.979166658802     
   2.5000000000000019E-002    4668.145833326143     
   2.5000000000000019E-002    4691.302083326817     
   2.5000000000000019E-002    4714.427083327490     
   2.5000000000000019E-002    4737.552083328163     
   2.5000000000000019E-002    4760.656249995502     
   2.5000000000000019E-002    4783.749999996174     
   2.5000000000000019E-002    4806.822916663512     
   2.5000000000000019E-002    4829.895833330850     
   2.5000000000000019E-002    4852.947916664854     
   2.5000000000000019E-002    4875.989583332192     
   2.5000000000000019E-002    4899.020833332862     
   2.5000000000000019E-002    4922.041666666865     
   2.5000000000000019E-002    4945.041666667535     
   2.5000000000000019E-002    4968.041666668204     
   2.5000000000000019E-002    4991.031250002206     
   2.5000000000000019E-002    5014.010416669542     
   2.5000000000000019E-002    5036.989583336877     
   2.5000000000000019E-002    5059.947916670879     
   2.5000000000000019E-002    5082.906250004880     
   2.5000000000000019E-002    5105.843750005548     
   2.5000000000000019E-002    5128.781250006215     
   2.5000000000000019E-002    5151.718750006883     
   2.5000000000000019E-002    5174.635416674217     
   2.5000000000000019E-002    5197.552083341550     
   2.5000000000000019E-002    5220.458333342217     
   2.5000000000000019E-002    5243.364583342884     
   2.5000000000000019E-002    5266.260416676883     
   2.5000000000000019E-002    5289.156250010883     
   2.5000000000000019E-002    5312.031250011549     
   2.5000000000000019E-002    5334.916666678881     
   2.5000000000000019E-002    5357.791666679547     
   2.5000000000000019E-002    5380.656250013546     
   2.5000000000000019E-002    5403.520833347545     
   2.5000000000000019E-002    5426.375000014877     
   2.5000000000000019E-002    5449.229166682208     
   2.5000000000000019E-002    5472.072916682873     
   2.5000000000000019E-002    5494.916666683538     
   2.5000000000000019E-002    5517.760416684203     
   2.5000000000000019E-002    5540.593750018201     
   2.5000000000000019E-002    5563.427083352199     
   2.5000000000000019E-002    5586.260416686197     
   2.5000000000000019E-002    5609.083333353527     
   2.5000000000000019E-002    5631.906250020858     
   2.5000000000000019E-002    5654.718750021522     
   2.5000000000000019E-002    5677.531250022186     
   2.5000000000000019E-002    5700.343750022850     
   2.5000000000000019E-002    5723.156250023514     
   2.5000000000000019E-002    5745.958333357511     
   2.5000000000000019E-002    5768.760416691508     
   2.5000000000000019E-002    5791.562500025505     
   2.5000000000000019E-002    5814.354166692835     
   2.5000000000000019E-002    5837.145833360165     
   2.5000000000000019E-002    5859.937500027495     
   2.5000000000000019E-002    5882.729166694825     
   2.5000000000000019E-002    5905.510416695488     
   2.5000000000000019E-002    5928.302083362818     
   2.5000000000000019E-002    5951.083333363481     
   2.5000000000000019E-002    5973.864583364144     
   2.5000000000000019E-002    5996.635416698140     
   2.5000000000000019E-002    6019.416666698803     
   2.5000000000000019E-002    6042.187500032799     
   2.5000000000000019E-002    6064.968750033462     
   2.5000000000000019E-002    6087.729166700791     
   2.5000000000000019E-002    6110.500000034787     
   2.5000000000000019E-002    6133.270833368783     
   2.5000000000000019E-002    6156.041666702779     
   2.5000000000000019E-002    6178.802083370108     
   2.5000000000000019E-002    6201.562500037438     
   2.5000000000000019E-002    6224.322916704767     
   2.5000000000000019E-002    6247.083333372096     
   2.5000000000000019E-002    6269.843750039425     
   2.5000000000000019E-002    6292.604166706754     
   2.5000000000000019E-002    6315.354166707416     
   2.5000000000000019E-002    6338.114583374745     
   2.5000000000000019E-002    6360.864583375407     
   2.5000000000000019E-002    6383.625000042736     
   2.5000000000000019E-002    6406.375000043398     
   2.5000000000000019E-002    6429.125000044060     
   2.5000000000000019E-002    6451.875000044723     
   2.5000000000000019E-002    6474.625000045385     
   2.5000000000000019E-002    6497.364583379380     
   2.5000000000000019E-002    6520.114583380042     
   2.5000000000000019E-002    6542.864583380704     
   2.5000000000000019E-002    6565.604166714699     
   2.5000000000000019E-002    6588.354166715361     
   2.5000000000000019E-002    6611.093750049356     
   2.5000000000000019E-002    6633.843750050019     
   2.5000000000000019E-002    6656.583333384014     
   2.5000000000000019E-002    6679.322916718009     
   2.5000000000000019E-002    6702.062500052004     
   2.5000000000000019E-002    6724.802083385999     
   2.5000000000000019E-002    6747.541666719994     
   2.5000000000000019E-002    6770.281250053989     
   2.5000000000000019E-002    6793.020833387985     
   2.5000000000000019E-002    6815.760416721980     
   2.5000000000000019E-002    6838.500000055975     
   2.5000000000000019E-002    6861.229166723303     
   2.5000000000000019E-002    6883.968750057298     
   2.5000000000000019E-002    6906.708333391293     
   2.5000000000000019E-002    6929.437500058621     
   2.5000000000000019E-002    6952.177083392617     
   2.5000000000000019E-002    6974.906250059945     
   2.5000000000000019E-002    6997.645833393940     
   2.5000000000000019E-002    7020.375000061268     
   2.5000000000000019E-002    7043.114583395263     
   2.5000000000000019E-002    7065.843750062591     
   2.5000000000000019E-002    7088.572916729920     
   2.5000000000000019E-002    7111.312500063915     
   2.5000000000000019E-002    7134.041666731243     
   2.5000000000000019E-002    7156.770833398571     
   2.5000000000000019E-002    7179.500000065899     
   2.5000000000000019E-002    7202.229166733227     
   2.5000000000000019E-002    7224.968750067223     
   2.5000000000000019E-002    7247.697916734551     
   2.5000000000000019E-002    7270.427083401879     
   2.5000000000000019E-002    7293.156250069207     
   2.5000000000000019E-002    7315.885416736535     
   2.5000000000000019E-002    7338.614583403863     
   2.5000000000000019E-002    7361.343750071192     
   2.5000000000000019E-002    7384.072916738520     
   2.5000000000000019E-002    7406.802083405848     
   2.5000000000000019E-002    7429.531250073176     
   2.5000000000000019E-002    7452.250000073837     
   2.5000000000000019E-002    7474.979166741165     
   2.5000000000000019E-002    7497.708333408494     
   2.5000000000000019E-002    7520.437500075822     
   2.5000000000000019E-002    7543.166666743150     
   2.5500000000000019E-002    124.0312500000215     
   2.5500000000000019E-002    145.7604166666738     
   2.5500000000000019E-002    167.3958333333208     
   2.5500000000000019E-002    188.9583333333012     
   2.5500000000000019E-002    210.4374999999483     
   2.5500000000000019E-002    231.8541666665955     
   2.5500000000000019E-002    253.1874999999094     
   2.5500000000000019E-002    274.4687499999404     
   2.5500000000000019E-002    295.6770833333123     
   2.5500000000000019E-002    316.8229166666841     
   2.5500000000000019E-002    337.9062500000558     
   2.5500000000000019E-002    358.9375000000941     
   2.5500000000000019E-002    379.9062500001322     
   2.5500000000000019E-002    400.8333333335036     
   2.5500000000000019E-002    421.7083333335416     
   2.5500000000000019E-002    442.5312500002461     
   2.5500000000000019E-002    463.3125000002839     
   2.5500000000000019E-002    484.0520833336550     
   2.5500000000000019E-002    504.7500000003593     
   2.5500000000000019E-002    525.4062500003237     
   2.5500000000000019E-002    546.0208333335820     
   2.5500000000000019E-002    566.6041666668405     
   2.5500000000000019E-002    587.1458333334324     
   2.5500000000000019E-002    607.6562500000244     
   2.5500000000000019E-002    628.1354166666166     
   2.5500000000000019E-002    648.5833333332089     
   2.5500000000000019E-002    669.0104166664679     
   2.5500000000000019E-002    689.3958333330604     
   2.5500000000000019E-002    709.7604166663197     
   2.5500000000000019E-002    730.0937499995790     
   2.5500000000000019E-002    750.4062499995051     
   2.5500000000000019E-002    770.6979166660980     
   2.5500000000000019E-002    790.9583333326909     
   2.5500000000000019E-002    811.1979166659506     
   2.5500000000000019E-002    831.4166666658771     
   2.5500000000000019E-002    851.6145833324703     
   2.5500000000000019E-002    871.8020833323968     
   2.5500000000000019E-002    891.9583333323235     
   2.5500000000000019E-002    912.1041666655835     
   2.5500000000000019E-002    932.2291666655103     
   2.5500000000000019E-002    952.3333333321038     
   2.5500000000000019E-002    972.4270833320307     
   2.5500000000000019E-002    992.4999999986244     
   2.5500000000000019E-002    1012.562499998551     
   2.5500000000000019E-002    1032.604166665239     
   2.5500000000000019E-002    1052.645833332052     
   2.5500000000000019E-002    1072.656249998864     
   2.5500000000000019E-002    1092.666666665676     
   2.5500000000000019E-002    1112.656249999155     
   2.5500000000000019E-002    1132.645833332634     
   2.5500000000000019E-002    1152.614583332779     
   2.5500000000000019E-002    1172.572916666257     
   2.5500000000000019E-002    1192.520833333069     
   2.5500000000000019E-002    1212.458333333214     
   2.5500000000000019E-002    1232.385416666693     
   2.5500000000000019E-002    1252.312500000171     
   2.5500000000000019E-002    1272.218750000316     
   2.5500000000000019E-002    1292.125000000461     
   2.5500000000000019E-002    1312.010416667272     
   2.5500000000000019E-002    1331.895833334083     
   2.5500000000000019E-002    1351.770833334228     
   2.5500000000000019E-002    1371.645833334373     
   2.5500000000000019E-002    1391.510416667850     
   2.5500000000000019E-002    1411.364583334662     
   2.5500000000000019E-002    1431.208333334806     
   2.5500000000000019E-002    1451.052083334950     
   2.5500000000000019E-002    1470.885416668428     
   2.5500000000000019E-002    1490.718750001906     
   2.5500000000000019E-002    1510.541666668717     
   2.5500000000000019E-002    1530.364583335527     
   2.5500000000000019E-002    1550.177083335672     
   2.5500000000000019E-002    1569.979166669149     
   2.5500000000000019E-002    1589.781250002626     
   2.5500000000000019E-002    1609.583333336104     
   2.5500000000000019E-002    1629.375000002914     
   2.5500000000000019E-002    1649.166666669725     
   2.5500000000000019E-002    1668.947916669869     
   2.5500000000000019E-002    1688.729166670013     
   2.5500000000000019E-002    1708.510416670157     
   2.5500000000000019E-002    1728.281250003634     
   2.5500000000000019E-002    1748.052083337111     
   2.5500000000000019E-002    1767.812500003922     
   2.5500000000000019E-002    1787.572916670732     
   2.5500000000000019E-002    1807.333333337543     
   2.5500000000000019E-002    1827.083333337686     
   2.5500000000000019E-002    1846.843750004497     
   2.5500000000000019E-002    1866.593750004640     
   2.5500000000000019E-002    1886.333333338117     
   2.5500000000000019E-002    1906.083333338261     
   2.5500000000000019E-002    1925.822916671738     
   2.5500000000000019E-002    1945.562500005215     
   2.5500000000000019E-002    1965.291666672025     
   2.5500000000000019E-002    1985.031250005502     
   2.5500000000000019E-002    2004.760416672312     
   2.5500000000000019E-002    2024.489583339123     
   2.5500000000000019E-002    2044.218750005933     
   2.5500000000000019E-002    2063.937500005728     
   2.5500000000000019E-002    2083.666666672108     
   2.5500000000000019E-002    2103.385416671821     
   2.5500000000000019E-002    2123.104166671534     
   2.5500000000000019E-002    2142.822916671247     
   2.5500000000000019E-002    2162.531250004294     
   2.5500000000000019E-002    2182.250000004007     
   2.5500000000000019E-002    2201.958333337053     
   2.5500000000000019E-002    2221.666666670100     
   2.5500000000000019E-002    2241.375000003146     
   2.5500000000000019E-002    2261.083333336193     
   2.5500000000000019E-002    2280.791666669239     
   2.5500000000000019E-002    2300.500000002286     
   2.5500000000000019E-002    2320.197916668666     
   2.5500000000000019E-002    2339.906250001713     
   2.5500000000000019E-002    2359.604166668093     
   2.5500000000000019E-002    2379.302083334473     
   2.5500000000000019E-002    2399.000000000853     
   2.5500000000000019E-002    2418.697916667233     
   2.5500000000000019E-002    2438.395833333613     
   2.5500000000000019E-002    2458.093749999993     
   2.5500000000000019E-002    2477.791666666373     
   2.5500000000000019E-002    2497.479166666086     
   2.5500000000000019E-002    2517.177083332466     
   2.5500000000000019E-002    2536.864583332180     
   2.5500000000000019E-002    2556.562499998560     
   2.5500000000000019E-002    2576.249999998273     
   2.5500000000000019E-002    2595.937499997987     
   2.5500000000000019E-002    2615.624999997700     
   2.5500000000000019E-002    2635.322916664080     
   2.5500000000000019E-002    2655.010416663794     
   2.5500000000000019E-002    2674.687499996841     
   2.5500000000000019E-002    2694.374999996554     
   2.5500000000000019E-002    2714.062499996268     
   2.5500000000000019E-002    2733.749999995981     
   2.5500000000000019E-002    2753.437499995695     
   2.5500000000000019E-002    2773.114583328742     
   2.5500000000000019E-002    2792.802083328455     
   2.5500000000000019E-002    2812.479166661502     
   2.5500000000000019E-002    2832.166666661216     
   2.5500000000000019E-002    2851.843749994263     
   2.5500000000000019E-002    2871.531249993976     
   2.5500000000000019E-002    2891.208333327023     
   2.5500000000000019E-002    2910.895833326737     
   2.5500000000000019E-002    2930.572916659784     
   2.5500000000000019E-002    2950.249999992831     
   2.5500000000000019E-002    2969.927083325878     
   2.5500000000000019E-002    2989.604166658925     
   2.5500000000000019E-002    3009.291666658638     
   2.5500000000000019E-002    3028.968749991685     
   2.5500000000000019E-002    3048.645833324732     
   2.5500000000000019E-002    3068.322916657779     
   2.5500000000000019E-002    3087.999999990826     
   2.5500000000000019E-002    3107.677083323873     
   2.5500000000000019E-002    3127.354166656920     
   2.5500000000000019E-002    3147.031249989967     
   2.5500000000000019E-002    3166.708333323014     
   2.5500000000000019E-002    3186.385416656061     
   2.5500000000000019E-002    3206.052083322442     
   2.5500000000000019E-002    3225.729166655489     
   2.5500000000000019E-002    3245.406249988536     
   2.5500000000000019E-002    3265.083333321583     
   2.5500000000000019E-002    3284.760416654630     
   2.5500000000000019E-002    3304.427083321010     
   2.5500000000000019E-002    3324.104166654057     
   2.5500000000000019E-002    3343.781249987104     
   2.5500000000000019E-002    3363.458333320151     
   2.5500000000000019E-002    3383.124999986532     
   2.5500000000000019E-002    3402.802083319579     
   2.5500000000000019E-002    3422.479166652626     
   2.5500000000000019E-002    3442.145833319006     
   2.5500000000000019E-002    3461.822916652053     
   2.5500000000000019E-002    3481.489583318434     
   2.5500000000000019E-002    3501.166666651481     
   2.5500000000000019E-002    3520.833333317861     
   2.5500000000000019E-002    3540.510416650908     
   2.5500000000000019E-002    3560.187499983955     
   2.5500000000000019E-002    3579.854166650336     
   2.6000000000000020E-002    120.9687500000201     
   2.6000000000000020E-002    139.8645833333458     
   2.6000000000000020E-002    158.7083333333287     
   2.6000000000000020E-002    177.5104166666449     
   2.6000000000000020E-002    196.2499999999612     
   2.6000000000000020E-002    214.9583333332775     
   2.6000000000000020E-002    233.6145833332606     
   2.6000000000000020E-002    252.2291666665770     
   2.6000000000000020E-002    270.8124999999338     
   2.6000000000000020E-002    289.3541666666342     
   2.6000000000000020E-002    307.8541666666678     
   2.6000000000000020E-002    326.3229166667014     
   2.6000000000000020E-002    344.7500000000683     
   2.6000000000000020E-002    363.1562500001017     
   2.6000000000000020E-002    381.5312500001352     
   2.6000000000000020E-002    399.8645833335019     
   2.6000000000000020E-002    418.1770833335352     
   2.6000000000000020E-002    436.4687500002351     
   2.6000000000000020E-002    454.7291666669350     
   2.6000000000000020E-002    472.9583333336348     
   2.6000000000000020E-002    491.1770833336680     
   2.6000000000000020E-002    509.3645833337010     
   2.6000000000000020E-002    527.5208333336493     
   2.6000000000000020E-002    545.6666666669166     
   2.6000000000000020E-002    563.7916666668507     
   2.6000000000000020E-002    581.8958333334515     
   2.6000000000000020E-002    599.9895833333857     
   2.6000000000000020E-002    618.0520833333200     
   2.6000000000000020E-002    636.1041666665876     
   2.6000000000000020E-002    654.1458333331886     
   2.6000000000000020E-002    672.1562499997898     
   2.6000000000000020E-002    690.1666666663909     
   2.6000000000000020E-002    708.1562499996588     
   2.6000000000000020E-002    726.1249999995935     
   2.6000000000000020E-002    744.0833333328615     
   2.6000000000000020E-002    762.0312499994628     
   2.6000000000000020E-002    779.9687499993976     
   2.6000000000000020E-002    797.8958333326657     
   2.6000000000000020E-002    815.8020833326005     
   2.6000000000000020E-002    833.7083333325354     
   2.6000000000000020E-002    851.5937499991370     
   2.6000000000000020E-002    869.4791666657386     
   2.6000000000000020E-002    887.3437499990069     
   2.6000000000000020E-002    905.2083333322753     
   2.6000000000000020E-002    923.0624999988770     
   2.6000000000000020E-002    940.8958333321455     
   2.6000000000000020E-002    958.7291666654139     
   2.6000000000000020E-002    976.5624999986824     
   2.6000000000000020E-002    994.3749999986176     
   2.6000000000000020E-002    1012.187499998553     
   2.6000000000000020E-002    1029.989583331887     
   2.6000000000000020E-002    1047.781249998683     
   2.6000000000000020E-002    1065.572916665479     
   2.6000000000000020E-002    1083.354166665608     
   2.6000000000000020E-002    1101.135416665738     
   2.6000000000000020E-002    1118.906249999200     
   2.6000000000000020E-002    1136.666666665996     
   2.6000000000000020E-002    1154.427083332792     
   2.6000000000000020E-002    1172.177083332921     
   2.6000000000000020E-002    1189.927083333050     
   2.6000000000000020E-002    1207.666666666513     
   2.6000000000000020E-002    1225.406249999975     
   2.6000000000000020E-002    1243.145833333438     
   2.6000000000000020E-002    1260.875000000233     
   2.6000000000000020E-002    1278.593750000362     
   2.6000000000000020E-002    1296.322916667158     
   2.6000000000000020E-002    1314.031250000620     
   2.6000000000000020E-002    1331.750000000749     
   2.6000000000000020E-002    1349.458333334211     
   2.6000000000000020E-002    1367.166666667673     
   2.6000000000000020E-002    1384.864583334469     
   2.6000000000000020E-002    1402.562500001264     
   2.6000000000000020E-002    1420.260416668060     
   2.6000000000000020E-002    1437.947916668188     
   2.6000000000000020E-002    1455.645833334984     
   2.6000000000000020E-002    1473.322916668446     
   2.6000000000000020E-002    1491.010416668574     
   2.6000000000000020E-002    1508.697916668703     
   2.6000000000000020E-002    1526.375000002165     
   2.6000000000000020E-002    1544.052083335627     
   2.6000000000000020E-002    1561.718750002422     
   2.6000000000000020E-002    1579.395833335884     
   2.6000000000000020E-002    1597.062500002679     
   2.6000000000000020E-002    1614.729166669475     
   2.6000000000000020E-002    1632.395833336270     
   2.6000000000000020E-002    1650.062500003065     
   2.6000000000000020E-002    1667.718750003193     
   2.6000000000000020E-002    1685.375000003322     
   2.6000000000000020E-002    1703.031250003450     
   2.6000000000000020E-002    1720.687500003579     
   2.6000000000000020E-002    1738.343750003707     
   2.6000000000000020E-002    1756.000000003836     
   2.6000000000000020E-002    1773.645833337298     
   2.6000000000000020E-002    1791.302083337426     
   2.6000000000000020E-002    1808.947916670888     
   2.6000000000000020E-002    1826.593750004349     
   2.6000000000000020E-002    1844.239583337811     
   2.6000000000000020E-002    1861.885416671273     
   2.6000000000000020E-002    1879.531250004735     
   2.6000000000000020E-002    1897.166666671530     
   2.6000000000000020E-002    1914.812500004991     
   2.6000000000000020E-002    1932.447916671786     
   2.6000000000000020E-002    1950.083333338581     
   2.6000000000000020E-002    1967.729166672043     
   2.6000000000000020E-002    1985.364583338838     
   2.6000000000000020E-002    2003.000000005633     
   2.6000000000000020E-002    2020.635416672428     
   2.6000000000000020E-002    2038.260416672556     
   2.6000000000000020E-002    2055.895833339179     
   2.6000000000000020E-002    2073.531250005589     
   2.6000000000000020E-002    2091.156250005332     
   2.6000000000000020E-002    2108.791666671742     
   2.6000000000000020E-002    2126.416666671486     
   2.6000000000000020E-002    2144.052083337896     
   2.6000000000000020E-002    2161.677083337639     
   2.6000000000000020E-002    2179.302083337383     
   2.6000000000000020E-002    2196.937500003793     
   2.6000000000000020E-002    2214.562500003537     
   2.6000000000000020E-002    2232.187500003280     
   2.6000000000000020E-002    2249.812500003024     
   2.6000000000000020E-002    2267.437500002767     
   2.6000000000000020E-002    2285.062500002511     
   2.6000000000000020E-002    2302.687500002254     
   2.6000000000000020E-002    2320.302083335331     
   2.6000000000000020E-002    2337.927083335075     
   2.6000000000000020E-002    2355.552083334818     
   2.6000000000000020E-002    2373.177083334562     
   2.6000000000000020E-002    2390.791666667639     
   2.6000000000000020E-002    2408.416666667382     
   2.6000000000000020E-002    2426.031250000459     
   2.6000000000000020E-002    2443.656250000203     
   2.6000000000000020E-002    2461.270833333280     
   2.6000000000000020E-002    2478.895833333023     
   2.6000000000000020E-002    2496.510416666100     
   2.6000000000000020E-002    2514.135416665844     
   2.6000000000000020E-002    2531.749999998921     
   2.6000000000000020E-002    2549.364583331998     
   2.6000000000000020E-002    2566.989583331741     
   2.6000000000000020E-002    2584.604166664818     
   2.6000000000000020E-002    2602.218749997895     
   2.6000000000000020E-002    2619.833333330972     
   2.6000000000000020E-002    2637.458333330716     
   2.6000000000000020E-002    2655.072916663793     
   2.6000000000000020E-002    2672.687499996870     
   2.6000000000000020E-002    2690.302083329947     
   2.6000000000000020E-002    2707.916666663024     
   2.6000000000000020E-002    2725.531249996101     
   2.6000000000000020E-002    2743.145833329178     
   2.6000000000000020E-002    2760.760416662255     
   2.6000000000000020E-002    2778.374999995332     
   2.6000000000000020E-002    2795.989583328409     
   2.6000000000000020E-002    2813.604166661486     
   2.6000000000000020E-002    2831.218749994563     
   2.6000000000000020E-002    2848.833333327640     
   2.6000000000000020E-002    2866.447916660717     
   2.6000000000000020E-002    2884.062499993794     
   2.6000000000000020E-002    2901.677083326871     
   2.6000000000000020E-002    2919.291666659948     
   2.6000000000000020E-002    2936.906249993025     
   2.6000000000000020E-002    2954.520833326102     
   2.6000000000000020E-002    2972.135416659179     
   2.6000000000000020E-002    2989.739583325590     
   2.6000000000000020E-002    3007.354166658667     
   2.6000000000000020E-002    3024.968749991744     
   2.6000000000000020E-002    3042.583333324821     
   2.6000000000000020E-002    3060.197916657898     
   2.6500000000000020E-002    108.6666666666812     
   2.6500000000000020E-002    125.6562500000222     
   2.6500000000000020E-002    142.6145833333433     
   2.6500000000000020E-002    159.5312499999946     
   2.6500000000000020E-002    176.4270833333126     
   2.6500000000000020E-002    193.2812499999639     
   2.6500000000000020E-002    210.1041666666153     
   2.6500000000000020E-002    226.9062499999333     
   2.6500000000000020E-002    243.6770833332514     
   2.6500000000000020E-002    260.4166666665815     
   2.6500000000000020E-002    277.1354166666119     
   2.6500000000000020E-002    293.8333333333090     
   2.6500000000000020E-002    310.5104166666727     
   2.6500000000000020E-002    327.1562500000363     
   2.6500000000000020E-002    343.7812500000665     
   2.6500000000000020E-002    360.3854166667634     
   2.6500000000000020E-002    376.9687500001269     
   2.6500000000000020E-002    393.5416666668237     
   2.6500000000000020E-002    410.0937500001871     
   2.6500000000000020E-002    426.6250000002172     
   2.6500000000000020E-002    443.1354166669139     
   2.6500000000000020E-002    459.6354166669439     
   2.6500000000000020E-002    476.1250000003072     
   2.6500000000000020E-002    492.5937500003372     
   2.6500000000000020E-002    509.0416666670338     
   2.6500000000000020E-002    525.4895833336567     
   2.6500000000000020E-002    541.9166666669303     
   2.6500000000000020E-002    558.3333333335372     
   2.6500000000000020E-002    574.7291666668109     
   2.6500000000000020E-002    591.1250000000846     
   2.6500000000000020E-002    607.5104166666916     
   2.6500000000000020E-002    623.8749999999654     
   2.6500000000000020E-002    640.2395833332392     
   2.6500000000000020E-002    656.5833333331798     
   2.6500000000000020E-002    672.9270833331203     
   2.6500000000000020E-002    689.2604166663942     
   2.6500000000000020E-002    705.5833333330015     
   2.6500000000000020E-002    721.8958333329422     
   2.6500000000000020E-002    738.1979166662162     
   2.6500000000000020E-002    754.4999999994902     
   2.6500000000000020E-002    770.7812499994310     
   2.6500000000000020E-002    787.0729166660384     
   2.6500000000000020E-002    803.3437499993125     
   2.6500000000000020E-002    819.6145833325867     
   2.6500000000000020E-002    835.8749999991942     
   2.6500000000000020E-002    852.1354166658017     
   2.6500000000000020E-002    868.3854166657426     
   2.6500000000000020E-002    884.6249999990168     
   2.6500000000000020E-002    900.8645833322911     
   2.6500000000000020E-002    917.1041666655653     
   2.6500000000000020E-002    933.3229166655063     
   2.6500000000000020E-002    949.5520833321140     
   2.6500000000000020E-002    965.7708333320550     
   2.6500000000000020E-002    981.9791666653293     
   2.6500000000000020E-002    998.1874999986037     
   2.6500000000000020E-002    1014.395833331878     
   2.6500000000000020E-002    1030.593749998558     
   2.6500000000000020E-002    1046.791666665342     
   2.6500000000000020E-002    1062.989583332127     
   2.6500000000000020E-002    1079.177083332245     
   2.6500000000000020E-002    1095.364583332362     
   2.6500000000000020E-002    1111.552083332480     
   2.6500000000000020E-002    1127.729166665931     
   2.6500000000000020E-002    1143.906249999382     
   2.6500000000000020E-002    1160.072916666167     
   2.6500000000000020E-002    1176.249999999618     
   2.6500000000000020E-002    1192.416666666402     
   2.6500000000000020E-002    1208.572916666519     
   2.6500000000000020E-002    1224.739583333304     
   2.6500000000000020E-002    1240.895833333421     
   2.6500000000000020E-002    1257.052083333539     
   2.6500000000000020E-002    1273.208333333656     
   2.6500000000000020E-002    1289.364583333774     
   2.6500000000000020E-002    1305.510416667225     
   2.6500000000000020E-002    1321.656250000676     
   2.6500000000000020E-002    1337.802083334126     
   2.6500000000000020E-002    1353.947916667577     
   2.6500000000000020E-002    1370.093750001028     
   2.6500000000000020E-002    1386.229166667812     
   2.6500000000000020E-002    1402.364583334596     
   2.6500000000000020E-002    1418.510416668047     
   2.6500000000000020E-002    1434.645833334831     
   2.6500000000000020E-002    1450.770833334948     
   2.6500000000000020E-002    1466.906250001732     
   2.6500000000000020E-002    1483.041666668516     
   2.6500000000000020E-002    1499.166666668634     
   2.6500000000000020E-002    1515.291666668751     
   2.6500000000000020E-002    1531.416666668868     
   2.6500000000000020E-002    1547.541666668986     
   2.6500000000000020E-002    1563.666666669103     
   2.6500000000000020E-002    1579.791666669220     
   2.6500000000000020E-002    1595.916666669338     
   2.6500000000000020E-002    1612.031250002788     
   2.6500000000000020E-002    1628.156250002906     
   2.6500000000000020E-002    1644.270833336356     
   2.6500000000000020E-002    1660.385416669807     
   2.6500000000000020E-002    1676.500000003257     
   2.6500000000000020E-002    1692.614583336708     
   2.6500000000000020E-002    1708.729166670159     
   2.6500000000000020E-002    1724.843750003609     
   2.6500000000000020E-002    1740.958333337060     
   2.6500000000000020E-002    1757.072916670510     
   2.6500000000000020E-002    1773.177083337294     
   2.6500000000000020E-002    1789.291666670745     
   2.6500000000000020E-002    1805.406250004195     
   2.6500000000000020E-002    1821.510416670979     
   2.6500000000000020E-002    1837.614583337763     
   2.6500000000000020E-002    1853.729166671214     
   2.6500000000000020E-002    1869.833333337997     
   2.6500000000000020E-002    1885.937500004781     
   2.6500000000000020E-002    1902.041666671565     
   2.6500000000000020E-002    1918.156250005016     
   2.6500000000000020E-002    1934.260416671799     
   2.6500000000000020E-002    1950.364583338583     
   2.6500000000000020E-002    1966.468750005367     
   2.6500000000000020E-002    1982.572916672151     
   2.6500000000000020E-002    1998.666666672268     
   2.6500000000000020E-002    2014.770833339052     
   2.6500000000000020E-002    2030.875000005836     
   2.6500000000000020E-002    2046.979166672620     
   2.6500000000000020E-002    2063.083333339074     
   2.6500000000000020E-002    2079.177083338840     
   2.6500000000000020E-002    2095.281250005272     
   2.6500000000000020E-002    2111.375000005038     
   2.6500000000000020E-002    2127.479166671470     
   2.6500000000000020E-002    2143.583333337903     
   2.6500000000000020E-002    2159.677083337669     
   2.6500000000000020E-002    2175.781250004101     
   2.6500000000000020E-002    2191.875000003867     
   2.6500000000000020E-002    2207.968750003633     
   2.6500000000000020E-002    2224.072916670065     
   2.6500000000000020E-002    2240.166666669831     
   2.6500000000000020E-002    2256.270833336263     
   2.6500000000000020E-002    2272.364583336029     
   2.6500000000000020E-002    2288.458333335795     
   2.6500000000000020E-002    2304.552083335560     
   2.6500000000000020E-002    2320.656250001993     
   2.6500000000000020E-002    2336.750000001759     
   2.6500000000000020E-002    2352.843750001524     
   2.6500000000000020E-002    2368.937500001290     
   2.6500000000000020E-002    2385.031250001056     
   2.6500000000000020E-002    2401.135416667488     
   2.6500000000000020E-002    2417.229166667254     
   2.6500000000000020E-002    2433.322916667020     
   2.6500000000000020E-002    2449.416666666786     
   2.6500000000000020E-002    2465.510416666551     
   2.6500000000000020E-002    2481.604166666317     
   2.6500000000000020E-002    2497.697916666083     
   2.6500000000000020E-002    2513.791666665849     
   2.6500000000000020E-002    2529.885416665615     
   2.6500000000000020E-002    2545.979166665380     
   2.6500000000000020E-002    2562.072916665146     
   2.6500000000000020E-002    2578.166666664912     
   2.6500000000000020E-002    2594.260416664678     
   2.6500000000000020E-002    2610.354166664444     
   2.6500000000000020E-002    2626.447916664210     
   2.6500000000000020E-002    2642.541666663975     
   2.6500000000000020E-002    2658.635416663741     
   2.6500000000000020E-002    2674.729166663507     
   2.6500000000000020E-002    2690.822916663273     
   2.6500000000000020E-002    2706.916666663039     
   2.6500000000000020E-002    2723.010416662804     
   2.6500000000000020E-002    2739.104166662570     
   2.6500000000000020E-002    2755.187499995669     
   2.6500000000000020E-002    2771.281249995435     
   2.6500000000000020E-002    2787.374999995201     
   2.6500000000000020E-002    2803.468749994967     
   2.7000000000000021E-002    102.5833333333451     
   2.7000000000000021E-002    118.1354166666855     
   2.7000000000000021E-002    133.6666666666848     
   2.7000000000000021E-002    149.1666666666707     
   2.7000000000000021E-002    164.6458333333233     
   2.7000000000000021E-002    180.1041666666426     
   2.7000000000000021E-002    195.5416666666285     
   2.7000000000000021E-002    210.9583333332812     
   2.7000000000000021E-002    226.3541666666005     
   2.7000000000000021E-002    241.7291666665865     
   2.7000000000000021E-002    257.0937499999088     
   2.7000000000000021E-002    272.4374999999367     
   2.7000000000000021E-002    287.7604166666313     
   2.7000000000000021E-002    303.0624999999924     
   2.7000000000000021E-002    318.3645833333536     
   2.7000000000000021E-002    333.6354166667147     
   2.7000000000000021E-002    348.9062500000758     
   2.7000000000000021E-002    364.1562500001036     
   2.7000000000000021E-002    379.3958333334646     
   2.7000000000000021E-002    394.6145833334923     
   2.7000000000000021E-002    409.8333333335200     
   2.7000000000000021E-002    425.0312500002143     
   2.7000000000000021E-002    440.2291666669086     
   2.7000000000000021E-002    455.4062500002696     
   2.7000000000000021E-002    470.5729166669638     
   2.7000000000000021E-002    485.7395833336581     
   2.7000000000000021E-002    500.8854166670189     
   2.7000000000000021E-002    516.0312500003578     
   2.7000000000000021E-002    531.1562500003027     
   2.7000000000000021E-002    546.2812500002477     
   2.7000000000000021E-002    561.4062500001927     
   2.7000000000000021E-002    576.5104166668044     
   2.7000000000000021E-002    591.6145833334161     
   2.7000000000000021E-002    606.7083333333612     
   2.7000000000000021E-002    621.7916666666397     
   2.7000000000000021E-002    636.8749999999181     
   2.7000000000000021E-002    651.9479166665300     
   2.7000000000000021E-002    667.0208333331418     
   2.7000000000000021E-002    682.0833333330870     
   2.7000000000000021E-002    697.1354166663656     
   2.7000000000000021E-002    712.1874999996442     
   2.7000000000000021E-002    727.2291666662561     
   2.7000000000000021E-002    742.2708333328681     
   2.7000000000000021E-002    757.3124999994800     
   2.7000000000000021E-002    772.3437499994253     
   2.7000000000000021E-002    787.3645833327040     
   2.7000000000000021E-002    802.3854166659827     
   2.7000000000000021E-002    817.4062499992614     
   2.7000000000000021E-002    832.4166666658734     
   2.7000000000000021E-002    847.4270833324855     
   2.7000000000000021E-002    862.4374999990976     
   2.7000000000000021E-002    877.4374999990430     
   2.7000000000000021E-002    892.4374999989884     
   2.7000000000000021E-002    907.4374999989338     
   2.7000000000000021E-002    922.4270833322126     
   2.7000000000000021E-002    937.4166666654914     
   2.7000000000000021E-002    952.4062499987702     
   2.7000000000000021E-002    967.3854166653824     
   2.7000000000000021E-002    982.3645833319946     
   2.7000000000000021E-002    997.3437499986068     
   2.7000000000000021E-002    1012.322916665219     
   2.7000000000000021E-002    1027.291666665200     
   2.7000000000000021E-002    1042.270833331976     
   2.7000000000000021E-002    1057.239583332085     
   2.7000000000000021E-002    1072.197916665527     
   2.7000000000000021E-002    1087.166666665636     
   2.7000000000000021E-002    1102.124999999078     
   2.7000000000000021E-002    1117.083333332520     
   2.7000000000000021E-002    1132.041666665963     
   2.7000000000000021E-002    1146.999999999405     
   2.7000000000000021E-002    1161.958333332847     
   2.7000000000000021E-002    1176.906249999622     
   2.7000000000000021E-002    1191.854166666398     
   2.7000000000000021E-002    1206.802083333173     
   2.7000000000000021E-002    1221.749999999949     
   2.7000000000000021E-002    1236.697916666724     
   2.7000000000000021E-002    1251.645833333499     
   2.7000000000000021E-002    1266.593750000275     
   2.7000000000000021E-002    1281.531250000384     
   2.7000000000000021E-002    1296.468750000492     
   2.7000000000000021E-002    1311.406250000601     
   2.7000000000000021E-002    1326.354166667376     
   2.7000000000000021E-002    1341.281250000818     
   2.7000000000000021E-002    1356.218750000927     
   2.7000000000000021E-002    1371.156250001036     
   2.7000000000000021E-002    1386.093750001144     
   2.7000000000000021E-002    1401.020833334586     
   2.7000000000000021E-002    1415.958333334695     
   2.7000000000000021E-002    1430.885416668137     
   2.7000000000000021E-002    1445.812500001579     
   2.7000000000000021E-002    1460.750000001688     
   2.7000000000000021E-002    1475.677083335130     
   2.7000000000000021E-002    1490.604166668571     
   2.7000000000000021E-002    1505.531250002013     
   2.7000000000000021E-002    1520.458333335455     
   2.7000000000000021E-002    1535.375000002231     
   2.7000000000000021E-002    1550.302083335672     
   2.7000000000000021E-002    1565.229166669114     
   2.7000000000000021E-002    1580.145833335890     
   2.7000000000000021E-002    1595.072916669332     
   2.7000000000000021E-002    1609.989583336107     
   2.7000000000000021E-002    1624.916666669549     
   2.7000000000000021E-002    1639.833333336324     
   2.7000000000000021E-002    1654.760416669766     
   2.7000000000000021E-002    1669.677083336541     
   2.7000000000000021E-002    1684.593750003316     
   2.7000000000000021E-002    1699.510416670091     
   2.7000000000000021E-002    1714.427083336867     
   2.7000000000000021E-002    1729.343750003642     
   2.7000000000000021E-002    1744.270833337084     
   2.7000000000000021E-002    1759.187500003859     
   2.7000000000000021E-002    1774.104166670634     
   2.7000000000000021E-002    1789.010416670743     
   2.7000000000000021E-002    1803.927083337518     
   2.7000000000000021E-002    1818.843750004293     
   2.7000000000000021E-002    1833.760416671068     
   2.7000000000000021E-002    1848.677083337843     
   2.7000000000000021E-002    1863.593750004619     
   2.7000000000000021E-002    1878.500000004727     
   2.7000000000000021E-002    1893.416666671502     
   2.7000000000000021E-002    1908.333333338277     
   2.7000000000000021E-002    1923.239583338386     
   2.7000000000000021E-002    1938.156250005161     
   2.7000000000000021E-002    1953.062500005270     
   2.7000000000000021E-002    1967.979166672045     
   2.7000000000000021E-002    1982.895833338820     
   2.7000000000000021E-002    1997.802083338928     
   2.7000000000000021E-002    2012.718750005704     
   2.7000000000000021E-002    2027.625000005812     
   2.7000000000000021E-002    2042.541666672587     
   2.7000000000000021E-002    2057.447916672490     
   2.7000000000000021E-002    2072.354166672273     
   2.7000000000000021E-002    2087.270833338722     
   2.7000000000000021E-002    2102.177083338505     
   2.7000000000000021E-002    2117.083333338288     
   2.7000000000000021E-002    2132.000000004738     
   2.7000000000000021E-002    2146.906250004521     
   2.7000000000000021E-002    2161.812500004304     
   2.7000000000000021E-002    2176.729166670754     
   2.7000000000000021E-002    2191.635416670537     
   2.7000000000000021E-002    2206.541666670320     
   2.7000000000000021E-002    2221.447916670103     
   2.7000000000000021E-002    2236.364583336553     
   2.7000000000000021E-002    2251.270833336336     
   2.7000000000000021E-002    2266.177083336119     
   2.7000000000000021E-002    2281.083333335902     
   2.7000000000000021E-002    2296.000000002351     
   2.7000000000000021E-002    2310.906250002135     
   2.7000000000000021E-002    2325.812500001918     
   2.7000000000000021E-002    2340.718750001701     
   2.7000000000000021E-002    2355.625000001484     
   2.7000000000000021E-002    2370.531250001267     
   2.7000000000000021E-002    2385.437500001050     
   2.7000000000000021E-002    2400.354166667500     
   2.7000000000000021E-002    2415.260416667283     
   2.7000000000000021E-002    2430.166666667066     
   2.7000000000000021E-002    2445.072916666849     
   2.7000000000000021E-002    2459.979166666632     
   2.7000000000000021E-002    2474.885416666415     
   2.7000000000000021E-002    2489.791666666198     
   2.7000000000000021E-002    2504.697916665981     
   2.7000000000000021E-002    2519.604166665764     
   2.7000000000000021E-002    2534.510416665547     
   2.7000000000000021E-002    2549.416666665330     
   2.7500000000000021E-002    101.9479166666781     
   2.7500000000000021E-002    116.2916666666846     
   2.7500000000000021E-002    130.6458333333542     
   2.7500000000000021E-002    144.9895833333412     
   2.7500000000000021E-002    159.3229166666615     
   2.7500000000000021E-002    173.6354166666484     
   2.7500000000000021E-002    187.9479166666354     
   2.7500000000000021E-002    202.2395833332891     
   2.7500000000000021E-002    216.5208333332761     
   2.7500000000000021E-002    230.7916666665965     
   2.7500000000000021E-002    245.0520833332502     
   2.7500000000000021E-002    259.3020833332462     
   2.7500000000000021E-002    273.5416666666054     
   2.7500000000000021E-002    287.7604166666313     
   2.7500000000000021E-002    301.9791666666571     
   2.7500000000000021E-002    316.1875000000163     
   2.7500000000000021E-002    330.3854166667088     
   2.7500000000000021E-002    344.5729166667346     
   2.7500000000000021E-002    358.7500000000937     
   2.7500000000000021E-002    372.9166666667862     
   2.7500000000000021E-002    387.0833333334786     
   2.7500000000000021E-002    401.2395833335044     
   2.7500000000000021E-002    415.3854166668634     
   2.7500000000000021E-002    429.5208333335558     
   2.7500000000000021E-002    443.6562500002482     
   2.7500000000000021E-002    457.7812500002739     
   2.7500000000000021E-002    471.8958333336329     
   2.7500000000000021E-002    486.0104166669919     
   2.7500000000000021E-002    500.1145833336842     
   2.7500000000000021E-002    514.2187500003644     
   2.7500000000000021E-002    528.3125000003131     
   2.7500000000000021E-002    542.4062500002618     
   2.7500000000000021E-002    556.4895833335439     
   2.7500000000000021E-002    570.5625000001594     
   2.7500000000000021E-002    584.6354166667749     
   2.7500000000000021E-002    598.7083333333903     
   2.7500000000000021E-002    612.7708333333392     
   2.7500000000000021E-002    626.8333333332880     
   2.7500000000000021E-002    640.8958333332369     
   2.7500000000000021E-002    654.9479166665191     
   2.7500000000000021E-002    668.9895833331346     
   2.7500000000000021E-002    683.0416666664169     
   2.7500000000000021E-002    697.0729166663658     
   2.7500000000000021E-002    711.1145833329814     
   2.7500000000000021E-002    725.1458333329304     
   2.7500000000000021E-002    739.1770833328793     
   2.7500000000000021E-002    753.2083333328283     
   2.7500000000000021E-002    767.2395833327772     
   2.7500000000000021E-002    781.2604166660595     
   2.7500000000000021E-002    795.2812499993419     
   2.7500000000000021E-002    809.2916666659576     
   2.7500000000000021E-002    823.3020833325733     
   2.7500000000000021E-002    837.3229166658556     
   2.7500000000000021E-002    851.3333333324713     
   2.7500000000000021E-002    865.3333333324204     
   2.7500000000000021E-002    879.3437499990360     
   2.7500000000000021E-002    893.3437499989851     
   2.7500000000000021E-002    907.3437499989342     
   2.7500000000000021E-002    921.3437499988833     
   2.7500000000000021E-002    935.3333333321657     
   2.7500000000000021E-002    949.3333333321148     
   2.7500000000000021E-002    963.3229166653972     
   2.7500000000000021E-002    977.3124999986796     
   2.7500000000000021E-002    991.3020833319621     
   2.7500000000000021E-002    1005.291666665245     
   2.7500000000000021E-002    1019.281249998527     
   2.7500000000000021E-002    1033.270833331911     
   2.7500000000000021E-002    1047.249999998679     
   2.7500000000000021E-002    1061.229166665447     
   2.7500000000000021E-002    1075.208333332216     
   2.7500000000000021E-002    1089.187499998984     
   2.7500000000000021E-002    1103.166666665752     
   2.7500000000000021E-002    1117.145833332521     
   2.7500000000000021E-002    1131.124999999289     
   2.7500000000000021E-002    1145.093749999391     
   2.7500000000000021E-002    1159.072916666159     
   2.7500000000000021E-002    1173.041666666261     
   2.7500000000000021E-002    1187.010416666363     
   2.7500000000000021E-002    1200.989583333131     
   2.7500000000000021E-002    1214.958333333233     
   2.7500000000000021E-002    1228.927083333334     
   2.7500000000000021E-002    1242.895833333436     
   2.7500000000000021E-002    1256.854166666871     
   2.7500000000000021E-002    1270.822916666972     
   2.7500000000000021E-002    1284.791666667074     
   2.7500000000000021E-002    1298.750000000509     
   2.7500000000000021E-002    1312.718750000610     
   2.7500000000000021E-002    1326.677083334045     
   2.7500000000000021E-002    1340.645833334147     
   2.7500000000000021E-002    1354.604166667582     
   2.7500000000000021E-002    1368.572916667684     
   2.7500000000000021E-002    1382.531250001118     
   2.7500000000000021E-002    1396.489583334553     
   2.7500000000000021E-002    1410.447916667988     
   2.7500000000000021E-002    1424.406250001423     
   2.7500000000000021E-002    1438.364583334858     
   2.7500000000000021E-002    1452.322916668293     
   2.7500000000000021E-002    1466.281250001728     
   2.7500000000000021E-002    1480.239583335163     
   2.7500000000000021E-002    1494.197916668598     
   2.7500000000000021E-002    1508.145833335366     
   2.7500000000000021E-002    1522.104166668801     
   2.7500000000000021E-002    1536.062500002236     
   2.7500000000000021E-002    1550.010416669004     
   2.7500000000000021E-002    1563.968750002439     
   2.7500000000000021E-002    1577.927083335873     
   2.7500000000000021E-002    1591.875000002642     
   2.7500000000000021E-002    1605.833333336077     
   2.7500000000000021E-002    1619.781250002845     
   2.7500000000000021E-002    1633.739583336280     
   2.7500000000000021E-002    1647.687500003048     
   2.7500000000000021E-002    1661.635416669816     
   2.7500000000000021E-002    1675.593750003251     
   2.7500000000000021E-002    1689.541666670019     
   2.7500000000000021E-002    1703.489583336787     
   2.7500000000000021E-002    1717.447916670222     
   2.7500000000000021E-002    1731.395833336990     
   2.7500000000000021E-002    1745.343750003758     
   2.7500000000000021E-002    1759.291666670526     
   2.7500000000000021E-002    1773.239583337295     
   2.7500000000000021E-002    1787.197916670729     
   2.7500000000000021E-002    1801.145833337498     
   2.7500000000000021E-002    1815.093750004266     
   2.7500000000000021E-002    1829.041666671034     
   2.7500000000000021E-002    1842.989583337802     
   2.7500000000000021E-002    1856.937500004570     
   2.7500000000000021E-002    1870.885416671338     
   2.7500000000000021E-002    1884.833333338107     
   2.7500000000000021E-002    1898.781250004875     
   2.7500000000000021E-002    1912.729166671643     
   2.7500000000000021E-002    1926.677083338411     
   2.7500000000000021E-002    1940.625000005179     
   2.7500000000000021E-002    1954.572916671947     
   2.7500000000000021E-002    1968.520833338715     
   2.7500000000000021E-002    1982.468750005484     
   2.7500000000000021E-002    1996.416666672252     
   2.7500000000000021E-002    2010.364583339020     
   2.7500000000000021E-002    2024.312500005788     
   2.7500000000000021E-002    2038.250000005889     
   2.7500000000000021E-002    2052.197916672566     
   2.7500000000000021E-002    2066.145833339030     
   2.7500000000000021E-002    2080.093750005493     
   2.7500000000000021E-002    2094.041666671957     
   2.7500000000000021E-002    2107.989583338421     
   2.7500000000000021E-002    2121.927083338218     
   2.7500000000000021E-002    2135.875000004682     
   2.7500000000000021E-002    2149.822916671145     
   2.7500000000000021E-002    2163.770833337609     
   2.7500000000000021E-002    2177.718750004073     
   2.7500000000000021E-002    2191.656250003870     
   2.7500000000000021E-002    2205.604166670334     
   2.7500000000000021E-002    2219.552083336797     
   2.7500000000000021E-002    2233.500000003261     
   2.7500000000000021E-002    2247.437500003058     
   2.7500000000000021E-002    2261.385416669522     
   2.7500000000000021E-002    2275.333333335986     
   2.7500000000000021E-002    2289.281250002449     
   2.7500000000000021E-002    2303.218750002246     
   2.7500000000000021E-002    2317.166666668710     
   2.7500000000000021E-002    2331.114583335174     
   2.7500000000000021E-002    2345.052083334971     
   2.7500000000000021E-002    2359.000000001435     
   2.7500000000000021E-002    2372.947916667898     
   2.7500000000000021E-002    2386.895833334362     
   2.8000000000000021E-002    331.7187500000446     
   2.8000000000000021E-002    344.9479166667353     
   2.8000000000000021E-002    358.1875000000927     
   2.8000000000000021E-002    371.4270833334501     
   2.8000000000000021E-002    384.6770833334742     
   2.8000000000000021E-002    397.9166666668316     
   2.8000000000000021E-002    411.1666666668557     
   2.8000000000000021E-002    424.4062500002132     
   2.8000000000000021E-002    437.6562500002373     
   2.8000000000000021E-002    450.8958333335947     
   2.8000000000000021E-002    464.1354166669521     
   2.8000000000000021E-002    477.3750000003095     
   2.8000000000000021E-002    490.6041666670002     
   2.8000000000000021E-002    503.8333333336910     
   2.8000000000000021E-002    517.0625000003540     
   2.8000000000000021E-002    530.2916666669726     
   2.8000000000000021E-002    543.5208333335911     
   2.8000000000000021E-002    556.7395833335430     
   2.8000000000000021E-002    569.9583333334949     
   2.8000000000000021E-002    583.1770833334468     
   2.8000000000000021E-002    596.3854166667321     
   2.8000000000000021E-002    609.6041666666840     
   2.8000000000000021E-002    622.8124999999693     
   2.8000000000000021E-002    636.0208333332546     
   2.8000000000000021E-002    649.2291666665399     
   2.8000000000000021E-002    662.4270833331585     
   2.8000000000000021E-002    675.6249999997772     
   2.8000000000000021E-002    688.8229166663958     
   2.8000000000000021E-002    702.0208333330145     
   2.8000000000000021E-002    715.2187499996331     
   2.8000000000000021E-002    728.4166666662518     
   2.8000000000000021E-002    741.6041666662038     
   2.8000000000000021E-002    754.7916666661558     
   2.8000000000000021E-002    767.9791666661079     
   2.8000000000000021E-002    781.1666666660599     
   2.8000000000000021E-002    794.3541666660119     
   2.8000000000000021E-002    807.5416666659639     
   2.8000000000000021E-002    820.7187499992493     
   2.8000000000000021E-002    833.8958333325347     
   2.8000000000000021E-002    847.0833333324867     
   2.8000000000000021E-002    860.2604166657721     
   2.8000000000000021E-002    873.4374999990575     
   2.8000000000000021E-002    886.6145833323429     
   2.8000000000000021E-002    899.7812499989617     
   2.8000000000000021E-002    912.9583333322471     
   2.8000000000000021E-002    926.1249999988659     
   2.8000000000000021E-002    939.3020833321513     
   2.8000000000000021E-002    952.4687499987700     
   2.8000000000000021E-002    965.6354166653888     
   2.8000000000000021E-002    978.8020833320076     
   2.8000000000000021E-002    991.9687499986263     
   2.8000000000000021E-002    1005.135416665245     
   2.8000000000000021E-002    1018.302083331864     
   2.8000000000000021E-002    1031.468749998564     
   2.8000000000000021E-002    1044.635416665327     
   2.8000000000000021E-002    1057.791666665422     
   2.8000000000000021E-002    1070.958333332185     
   2.8000000000000021E-002    1084.114583332281     
   2.8000000000000021E-002    1097.281249999043     
   2.8000000000000021E-002    1110.437499999139     
   2.8000000000000021E-002    1123.593749999234     
   2.8000000000000021E-002    1136.760416665997     
   2.8000000000000021E-002    1149.916666666093     
   2.8000000000000021E-002    1163.072916666188     
   2.8000000000000021E-002    1176.229166666284     
   2.8000000000000021E-002    1189.385416666380     
   2.8000000000000021E-002    1202.541666666476     
   2.8000000000000021E-002    1215.697916666571     
   2.8000000000000021E-002    1228.843750000000     
   2.8000000000000021E-002    1242.000000000096     
   2.8000000000000021E-002    1255.156250000192     
   2.8000000000000021E-002    1268.312500000287     
   2.8000000000000021E-002    1281.458333333716     
   2.8000000000000021E-002    1294.614583333812     
   2.8000000000000021E-002    1307.760416667241     
   2.8000000000000021E-002    1320.916666667337     
   2.8000000000000021E-002    1334.072916667433     
   2.8000000000000021E-002    1347.218750000862     
   2.8000000000000021E-002    1360.364583334291     
   2.8000000000000021E-002    1373.520833334386     
   2.8000000000000021E-002    1386.666666667815     
   2.8000000000000021E-002    1399.822916667911     
   2.8000000000000021E-002    1412.968750001340     
   2.8000000000000021E-002    1426.114583334769     
   2.8000000000000021E-002    1439.260416668198     
   2.8000000000000021E-002    1452.416666668294     
   2.8000000000000021E-002    1465.562500001723     
   2.8000000000000021E-002    1478.708333335152     
   2.8000000000000021E-002    1491.854166668581     
   2.8000000000000021E-002    1505.000000002010     
   2.8000000000000021E-002    1518.145833335439     
   2.8000000000000021E-002    1531.291666668867     
   2.8000000000000021E-002    1544.437500002296     
   2.8000000000000021E-002    1557.583333335725     
   2.8000000000000021E-002    1570.729166669154     
   2.8000000000000021E-002    1583.875000002583     
   2.8000000000000021E-002    1597.020833336012     
   2.8000000000000021E-002    1610.166666669441     
   2.8000000000000021E-002    1623.312500002870     
   2.8000000000000021E-002    1636.458333336299     
   2.8000000000000021E-002    1649.604166669728     
   2.8000000000000021E-002    1662.750000003157     
   2.8000000000000021E-002    1675.895833336586     
   2.8000000000000021E-002    1689.041666670015     
   2.8000000000000021E-002    1702.187500003444     
   2.8000000000000021E-002    1715.322916670206     
   2.8000000000000021E-002    1728.468750003635     
   2.8000000000000021E-002    1741.614583337064     
   2.8000000000000021E-002    1754.760416670493     
   2.8000000000000021E-002    1767.906250003922     
   2.8000000000000021E-002    1781.041666670685     
   2.8000000000000021E-002    1794.187500004114     
   2.8000000000000021E-002    1807.333333337543     
   2.8000000000000021E-002    1820.479166670972     
   2.8000000000000021E-002    1833.614583337734     
   2.8000000000000021E-002    1846.760416671163     
   2.8000000000000021E-002    1859.906250004592     
   2.8000000000000021E-002    1873.052083338021     
   2.8000000000000021E-002    1886.187500004783     
   2.8000000000000021E-002    1899.333333338212     
   2.8000000000000021E-002    1912.479166671641     
   2.8000000000000021E-002    1925.614583338403     
   2.8000000000000021E-002    1938.760416671832     
   2.8000000000000021E-002    1951.906250005261     
   2.8000000000000021E-002    1965.041666672023     
   2.8000000000000021E-002    1978.187500005452     
   2.8000000000000021E-002    1991.333333338881     
   2.8000000000000021E-002    2004.468750005644     
   2.8000000000000021E-002    2017.614583339073     
   2.8000000000000021E-002    2030.750000005835     
   2.8000000000000021E-002    2043.895833339264     
   2.8000000000000021E-002    2057.041666672495     
   2.8000000000000021E-002    2070.177083338971     
   2.8000000000000021E-002    2083.322916672113     
   2.8000000000000021E-002    2096.458333338589     
   2.8000000000000021E-002    2109.604166671731     
   2.8000000000000021E-002    2122.750000004873     
   2.8000000000000021E-002    2135.885416671348     
   2.8000000000000021E-002    2149.031250004490     
   2.8000000000000021E-002    2162.166666670966     
   2.8000000000000021E-002    2175.312500004108     
   2.8000000000000021E-002    2188.447916670583     
   2.8000000000000021E-002    2201.593750003725     
   2.8000000000000021E-002    2214.739583336867     
   2.8000000000000021E-002    2227.875000003343     
   2.8500000000000022E-002    561.8541666668577     
   2.8500000000000022E-002    574.2916666668125     
   2.8500000000000022E-002    586.7395833334339     
   2.8500000000000022E-002    599.1875000000553     
   2.8500000000000022E-002    611.6458333333433     
   2.8500000000000022E-002    624.1041666666313     
   2.8500000000000022E-002    636.5729166665859     
   2.8500000000000022E-002    649.0416666665406     
   2.8500000000000022E-002    661.4999999998286     
   2.8500000000000022E-002    673.9687499997832     
   2.8500000000000022E-002    686.4374999997378     
   2.8500000000000022E-002    698.9062499996925     
   2.8500000000000022E-002    711.3749999996471     
   2.8500000000000022E-002    723.8541666662684     
   2.8500000000000022E-002    736.3229166662230     
   2.8500000000000022E-002    748.7916666661777     
   2.8500000000000022E-002    761.2604166661323     
   2.8500000000000022E-002    773.7291666660869     
   2.8500000000000022E-002    786.1979166660416     
   2.8500000000000022E-002    798.6666666659962     
   2.8500000000000022E-002    811.1354166659509     
   2.8500000000000022E-002    823.6041666659055     
   2.8500000000000022E-002    836.0729166658601     
   2.8500000000000022E-002    848.5416666658148     
   2.8500000000000022E-002    861.0104166657694     
   2.8500000000000022E-002    873.4791666657241     
   2.8500000000000022E-002    885.9479166656787     
   2.8500000000000022E-002    898.4166666656333     
   2.8500000000000022E-002    910.8749999989213     
   2.8500000000000022E-002    923.3437499988760     
   2.8500000000000022E-002    935.8124999988306     
   2.8500000000000022E-002    948.2708333321186     
   2.8500000000000022E-002    960.7395833320733     
   2.8500000000000022E-002    973.2083333320279     
   2.8500000000000022E-002    985.6666666653159     
   2.8500000000000022E-002    998.1354166652706     
   2.8500000000000022E-002    1010.593749998559     
   2.8500000000000022E-002    1023.062499998513     
   2.8500000000000022E-002    1035.520833331927     
   2.8500000000000022E-002    1047.989583332018     
   2.8500000000000022E-002    1060.447916665442     
   2.8500000000000022E-002    1072.916666665532     
   2.8500000000000022E-002    1085.374999998956     
   2.8500000000000022E-002    1097.833333332380     
   2.8500000000000022E-002    1110.302083332471     
   2.8500000000000022E-002    1122.760416665895     
   2.8500000000000022E-002    1135.218749999319     
   2.8500000000000022E-002    1147.687499999410     
   2.8500000000000022E-002    1160.145833332834     
   2.8500000000000022E-002    1172.604166666258     
   2.8500000000000022E-002    1185.062499999682     
   2.8500000000000022E-002    1197.520833333106     
   2.8500000000000022E-002    1209.979166666530     
   2.8500000000000022E-002    1222.447916666620     
   2.8500000000000022E-002    1234.906250000044     
   2.8500000000000022E-002    1247.364583333468     
   2.8500000000000022E-002    1259.822916666892     
   2.8500000000000022E-002    1272.281250000316     
   2.8500000000000022E-002    1284.739583333740     
   2.8500000000000022E-002    1297.197916667164     
   2.8500000000000022E-002    1309.656250000588     
   2.8500000000000022E-002    1322.114583334012     
   2.8500000000000022E-002    1334.572916667436     
   2.8500000000000022E-002    1347.031250000860     
   2.8500000000000022E-002    1359.489583334284     
   2.8500000000000022E-002    1371.947916667708     
   2.8500000000000022E-002    1384.406250001132     
   2.8500000000000022E-002    1396.864583334556     
   2.8500000000000022E-002    1409.312500001313     
   2.8500000000000022E-002    1421.770833334737     
   2.8500000000000022E-002    1434.229166668161     
   2.8500000000000022E-002    1446.687500001585     
   2.8500000000000022E-002    1459.145833335009     
   2.8500000000000022E-002    1471.604166668433     
   2.8500000000000022E-002    1484.062500001857     
   2.8500000000000022E-002    1496.510416668614     
   2.8500000000000022E-002    1508.968750002038     
   2.8500000000000022E-002    1521.427083335462     
   2.8500000000000022E-002    1533.885416668886     
   2.8500000000000022E-002    1546.343750002310     
   2.8500000000000022E-002    1558.791666669068     
   2.8500000000000022E-002    1571.250000002492     
   2.8500000000000022E-002    1583.708333335916     
   2.8500000000000022E-002    1596.166666669340     
   2.8500000000000022E-002    1608.625000002763     
   2.8500000000000022E-002    1621.072916669521     
   2.8500000000000022E-002    1633.531250002945     
   2.8500000000000022E-002    1645.989583336369     
   2.8500000000000022E-002    1658.447916669793     
   2.8500000000000022E-002    1670.895833336550     
   2.8500000000000022E-002    1683.354166669974     
   2.8500000000000022E-002    1695.812500003398     
   2.8500000000000022E-002    1708.260416670155     
   2.8500000000000022E-002    1720.718750003579     
   2.8500000000000022E-002    1733.177083337003     
   2.8500000000000022E-002    1745.625000003760     
   2.8500000000000022E-002    1758.083333337184     
   2.8500000000000022E-002    1770.541666670608     
   2.8500000000000022E-002    1783.000000004032     
   2.8500000000000022E-002    1795.447916670789     
   2.8500000000000022E-002    1807.906250004213     
   2.8500000000000022E-002    1820.364583337637     
   2.8500000000000022E-002    1832.812500004395     
   2.8500000000000022E-002    1845.270833337819     
   2.8500000000000022E-002    1857.729166671243     
   2.8500000000000022E-002    1870.177083338000     
   2.8500000000000022E-002    1882.635416671424     
   2.8500000000000022E-002    1895.083333338181     
   2.8500000000000022E-002    1907.541666671605     
   2.8500000000000022E-002    1920.000000005029     
   2.8500000000000022E-002    1932.447916671786     
   2.8500000000000022E-002    1944.906250005210     
   2.8500000000000022E-002    1957.364583338634     
   2.8500000000000022E-002    1969.812500005391     
   2.8500000000000022E-002    1982.270833338815     
   2.8500000000000022E-002    1994.729166672239     
   2.8500000000000022E-002    2007.177083338997     
   2.8500000000000022E-002    2019.635416672421     
   2.8500000000000022E-002    2032.083333339178     
   2.8500000000000022E-002    2044.541666672602     
   2.8500000000000022E-002    2057.000000005829     
   2.8500000000000022E-002    2069.447916672315     
   2.8500000000000022E-002    2081.906250005467     
   2.8500000000000022E-002    2094.364583338619     
   2.8500000000000022E-002    2106.812500005105     
   2.8500000000000022E-002    2119.270833338257     
   2.8500000000000022E-002    2131.718750004742     
   2.9000000000000022E-002    755.5416666661531     
   2.9000000000000022E-002    767.3333333327769     
   2.9000000000000022E-002    779.1458333327339     
   2.9000000000000022E-002    790.9583333326909     
   2.9000000000000022E-002    802.7812499993146     
   2.9000000000000022E-002    814.6041666659382     
   2.9000000000000022E-002    826.4374999992285     
   2.9000000000000022E-002    838.2604166658522     
   2.9000000000000022E-002    850.1041666658091     
   2.9000000000000022E-002    861.9374999990994     
   2.9000000000000022E-002    873.7812499990563     
   2.9000000000000022E-002    885.6145833323466     
   2.9000000000000022E-002    897.4583333323035     
   2.9000000000000022E-002    909.3020833322604     
   2.9000000000000022E-002    921.1458333322173     
   2.9000000000000022E-002    932.9895833321742     
   2.9000000000000022E-002    944.8437499987978     
   2.9000000000000022E-002    956.6874999987547     
   2.9000000000000022E-002    968.5312499987116     
   2.9000000000000022E-002    980.3854166653351     
   2.9000000000000022E-002    992.2291666652920     
   2.9000000000000022E-002    1004.083333331916     
   2.9000000000000022E-002    1015.927083331872     
   2.9000000000000022E-002    1027.781249998537     
   2.9000000000000022E-002    1039.635416665290     
   2.9000000000000022E-002    1051.479166665376     
   2.9000000000000022E-002    1063.333333332129     
   2.9000000000000022E-002    1075.187499998882     
   2.9000000000000022E-002    1087.031249998968     
   2.9000000000000022E-002    1098.885416665721     
   2.9000000000000022E-002    1110.739583332474     
   2.9000000000000022E-002    1122.593749999227     
   2.9000000000000022E-002    1134.447916665980     
   2.9000000000000022E-002    1146.302083332733     
   2.9000000000000022E-002    1158.145833332819     
   2.9000000000000022E-002    1169.999999999572     
   2.9000000000000022E-002    1181.854166666325     
   2.9000000000000022E-002    1193.708333333078     
   2.9000000000000022E-002    1205.562499999831     
   2.9000000000000022E-002    1217.416666666584     
   2.9000000000000022E-002    1229.270833333337     
   2.9000000000000022E-002    1241.125000000090     
   2.9000000000000022E-002    1252.979166666843     
   2.9000000000000022E-002    1264.833333333595     
   2.9000000000000022E-002    1276.687500000348     
   2.9000000000000022E-002    1288.541666667101     
   2.9000000000000022E-002    1300.395833333854     
   2.9000000000000022E-002    1312.250000000607     
   2.9000000000000022E-002    1324.104166667360     
   2.9000000000000022E-002    1335.958333334113     
   2.9000000000000022E-002    1347.812500000866     
   2.9000000000000022E-002    1359.666666667619     
   2.9000000000000022E-002    1371.520833334372     
   2.9000000000000022E-002    1383.375000001125     
   2.9000000000000022E-002    1395.229166667878     
   2.9000000000000022E-002    1407.083333334630     
   2.9000000000000022E-002    1418.937500001383     
   2.9000000000000022E-002    1430.802083334803     
   2.9000000000000022E-002    1442.656250001556     
   2.9000000000000022E-002    1454.510416668309     
   2.9000000000000022E-002    1466.364583335062     
   2.9000000000000022E-002    1478.218750001815     
   2.9000000000000022E-002    1490.072916668568     
   2.9000000000000022E-002    1501.927083335321     
   2.9000000000000022E-002    1513.781250002073     
   2.9000000000000022E-002    1525.635416668826     
   2.9000000000000022E-002    1537.489583335579     
   2.9000000000000022E-002    1549.354166668999     
   2.9000000000000022E-002    1561.208333335752     
   2.9000000000000022E-002    1573.062500002505     
   2.9000000000000022E-002    1584.916666669258     
   2.9000000000000022E-002    1596.770833336011     
   2.9000000000000022E-002    1608.625000002763     
   2.9000000000000022E-002    1620.479166669516     
   2.9000000000000022E-002    1632.333333336269     
   2.9000000000000022E-002    1644.197916669689     
   2.9000000000000022E-002    1656.052083336442     
   2.9000000000000022E-002    1667.906250003195     
   2.9000000000000022E-002    1679.760416669948     
   2.9000000000000022E-002    1691.614583336701     
   2.9000000000000022E-002    1703.468750003454     
   2.9000000000000022E-002    1715.322916670206     
   2.9000000000000022E-002    1727.187500003626     
   2.9000000000000022E-002    1739.041666670379     
   2.9000000000000022E-002    1750.895833337132     
   2.9000000000000022E-002    1762.750000003885     
   2.9000000000000022E-002    1774.604166670638     
   2.9000000000000022E-002    1786.458333337391     
   2.9000000000000022E-002    1798.322916670810     
   2.9000000000000022E-002    1810.177083337563     
   2.9000000000000022E-002    1822.031250004316     
   2.9000000000000022E-002    1833.885416671069     
   2.9000000000000022E-002    1845.739583337822     
   2.9000000000000022E-002    1857.593750004575     
   2.9000000000000022E-002    1869.458333337995     
   2.9000000000000022E-002    1881.312500004748     
   2.9000000000000022E-002    1893.166666671500     
   2.9000000000000022E-002    1905.020833338253     
   2.9000000000000022E-002    1916.875000005006     
   2.9000000000000022E-002    1928.739583338426     
   2.9000000000000022E-002    1940.593750005179     
   2.9000000000000022E-002    1952.447916671932     
   2.9000000000000022E-002    1964.302083338685     
   2.9000000000000022E-002    1976.156250005438     
   2.9000000000000022E-002    1988.010416672191     
   2.9000000000000022E-002    1999.875000005610     
   2.9000000000000022E-002    2011.729166672363     
   2.9000000000000022E-002    2023.583333339116     
   2.9000000000000022E-002    2035.437500005869     
   2.9000000000000022E-002    2047.291666672622     
   2.9000000000000022E-002    2059.156250005798     
   2.9000000000000022E-002    2071.010416672292     
   2.9000000000000022E-002    2082.864583338786     
   2.9500000000000023E-002    939.9374999988156     
   2.9500000000000023E-002    951.1874999987747     
   2.9500000000000023E-002    962.4479166654004     
   2.9500000000000023E-002    973.7187499986927     
   2.9500000000000023E-002    984.9895833319850     
   2.9500000000000023E-002    996.2708333319440     
   2.9500000000000023E-002    1007.562499998570     
   2.9500000000000023E-002    1018.854166665195     
   2.9500000000000023E-002    1030.145833331888     
   2.9500000000000023E-002    1041.437499998637     
   2.9500000000000023E-002    1052.739583332052     
   2.9500000000000023E-002    1064.041666665468     
   2.9500000000000023E-002    1075.343749998883     
   2.9500000000000023E-002    1086.645833332299     
   2.9500000000000023E-002    1097.947916665715     
   2.9500000000000023E-002    1109.249999999130     
   2.9500000000000023E-002    1120.562499999212     
   2.9500000000000023E-002    1131.864583332628     
   2.9500000000000023E-002    1143.177083332710     
   2.9500000000000023E-002    1154.489583332793     
   2.9500000000000023E-002    1165.802083332875     
   2.9500000000000023E-002    1177.114583332957     
   2.9500000000000023E-002    1188.427083333039     
   2.9500000000000023E-002    1199.739583333122     
   2.9500000000000023E-002    1211.052083333204     
   2.9500000000000023E-002    1222.364583333286     
   2.9500000000000023E-002    1233.677083333369     
   2.9500000000000023E-002    1245.000000000118     
   2.9500000000000023E-002    1256.312500000200     
   2.9500000000000023E-002    1267.625000000282     
   2.9500000000000023E-002    1278.947916667031     
   2.9500000000000023E-002    1290.260416667114     
   2.9500000000000023E-002    1301.583333333863     
   2.9500000000000023E-002    1312.895833333945     
   2.9500000000000023E-002    1324.218750000694     
   2.9500000000000023E-002    1335.541666667443     
   2.9500000000000023E-002    1346.854166667526     
   2.9500000000000023E-002    1358.177083334275     
   2.9500000000000023E-002    1369.500000001024     
   2.9500000000000023E-002    1380.812500001106     
   2.9500000000000023E-002    1392.135416667855     
   2.9500000000000023E-002    1403.458333334604     
   2.9500000000000023E-002    1414.781250001353     
   2.9500000000000023E-002    1426.104166668102     
   2.9500000000000023E-002    1437.427083334851     
   2.9500000000000023E-002    1448.750000001600     
   2.9500000000000023E-002    1460.062500001683     
   2.9500000000000023E-002    1471.385416668432     
   2.9500000000000023E-002    1482.708333335181     
   2.9500000000000023E-002    1494.031250001930     
   2.9500000000000023E-002    1505.354166668679     
   2.9500000000000023E-002    1516.677083335428     
   2.9500000000000023E-002    1528.000000002177     
   2.9500000000000023E-002    1539.333333335593     
   2.9500000000000023E-002    1550.656250002342     
   2.9500000000000023E-002    1561.979166669091     
   2.9500000000000023E-002    1573.302083335840     
   2.9500000000000023E-002    1584.625000002589     
   2.9500000000000023E-002    1595.947916669338     
   2.9500000000000023E-002    1607.270833336087     
   2.9500000000000023E-002    1618.593750002836     
   2.9500000000000023E-002    1629.927083336252     
   2.9500000000000023E-002    1641.250000003001     
   2.9500000000000023E-002    1652.572916669750     
   2.9500000000000023E-002    1663.895833336499     
   2.9500000000000023E-002    1675.218750003248     
   2.9500000000000023E-002    1686.552083336664     
   2.9500000000000023E-002    1697.875000003413     
   2.9500000000000023E-002    1709.197916670162     
   2.9500000000000023E-002    1720.520833336911     
   2.9500000000000023E-002    1731.854166670327     
   2.9500000000000023E-002    1743.177083337076     
   2.9500000000000023E-002    1754.500000003825     
   2.9500000000000023E-002    1765.833333337241     
   2.9500000000000023E-002    1777.156250003990     
   2.9500000000000023E-002    1788.479166670739     
   2.9500000000000023E-002    1799.812500004155     
   2.9500000000000023E-002    1811.135416670904     
   2.9500000000000023E-002    1822.458333337653     
   2.9500000000000023E-002    1833.791666671068     
   2.9500000000000023E-002    1845.114583337818     
   2.9500000000000023E-002    1856.437500004567     
   2.9500000000000023E-002    1867.770833337982     
   2.9500000000000023E-002    1879.093750004731     
   2.9500000000000023E-002    1890.416666671480     
   2.9500000000000023E-002    1901.750000004896     
   2.9500000000000023E-002    1913.072916671645     
   2.9500000000000023E-002    1924.406250005061     
   2.9500000000000023E-002    1935.729166671810     
   2.9500000000000023E-002    1947.052083338559     
   2.9500000000000023E-002    1958.385416671975     
   2.9500000000000023E-002    1969.708333338724     
   2.9500000000000023E-002    1981.041666672140     
   2.9500000000000023E-002    1992.364583338889     
   2.9500000000000023E-002    2003.687500005638     
   2.9500000000000023E-002    2015.020833339054     
   2.9500000000000023E-002    2026.343750005803     
   3.0000000000000023E-002    1135.124999999318     
   3.0000000000000023E-002    1145.895833332730     
   3.0000000000000023E-002    1156.687499999475     
   3.0000000000000023E-002    1167.479166666220     
   3.0000000000000023E-002    1178.281249999632     
   3.0000000000000023E-002    1189.093749999711     
   3.0000000000000023E-002    1199.906249999790     
   3.0000000000000023E-002    1210.718749999868     
   3.0000000000000023E-002    1221.531249999947     
   3.0000000000000023E-002    1232.354166666692     
   3.0000000000000023E-002    1243.177083333438     
   3.0000000000000023E-002    1254.000000000183     
   3.0000000000000023E-002    1264.822916666929     
   3.0000000000000023E-002    1275.645833333674     
   3.0000000000000023E-002    1286.479166667086     
   3.0000000000000023E-002    1297.302083333832     
   3.0000000000000023E-002    1308.135416667244     
   3.0000000000000023E-002    1318.968750000656     
   3.0000000000000023E-002    1329.802083334068     
   3.0000000000000023E-002    1340.635416667480     
   3.0000000000000023E-002    1351.468750000892     
   3.0000000000000023E-002    1362.302083334305     
   3.0000000000000023E-002    1373.145833334383     
   3.0000000000000023E-002    1383.979166667796     
   3.0000000000000023E-002    1394.822916667875     
   3.0000000000000023E-002    1405.656250001287     
   3.0000000000000023E-002    1416.500000001366     
   3.0000000000000023E-002    1427.343750001445     
   3.0000000000000023E-002    1438.177083334857     
   3.0000000000000023E-002    1449.020833334936     
   3.0000000000000023E-002    1459.864583335014     
   3.0000000000000023E-002    1470.708333335093     
   3.0000000000000023E-002    1481.552083335172     
   3.0000000000000023E-002    1492.395833335251     
   3.0000000000000023E-002    1503.239583335330     
   3.0000000000000023E-002    1514.083333335409     
   3.0000000000000023E-002    1524.927083335488     
   3.0000000000000023E-002    1535.770833335567     
   3.0000000000000023E-002    1546.614583335646     
   3.0000000000000023E-002    1557.458333335725     
   3.0000000000000023E-002    1568.312500002470     
   3.0000000000000023E-002    1579.156250002549     
   3.0000000000000023E-002    1590.000000002628     
   3.0000000000000023E-002    1600.854166669374     
   3.0000000000000023E-002    1611.697916669453     
   3.0000000000000023E-002    1622.541666669531     
   3.0000000000000023E-002    1633.395833336277     
   3.0000000000000023E-002    1644.239583336356     
   3.0000000000000023E-002    1655.093750003102     
   3.0000000000000023E-002    1665.937500003181     
   3.0000000000000023E-002    1676.791666669926     
   3.0000000000000023E-002    1687.635416670005     
   3.0000000000000023E-002    1698.489583336751     
   3.0000000000000023E-002    1709.333333336830     
   3.0000000000000023E-002    1720.187500003575     
   3.0000000000000023E-002    1731.041666670321     
   3.0000000000000023E-002    1741.885416670400     
   3.0000000000000023E-002    1752.739583337145     
   3.0000000000000023E-002    1763.593750003891     
   3.0000000000000023E-002    1774.437500003970     
   3.0000000000000023E-002    1785.291666670716     
   3.0000000000000023E-002    1796.145833337461     
   3.0000000000000023E-002    1807.000000004207     
   3.0000000000000023E-002    1817.843750004286     
   3.0000000000000023E-002    1828.697916671031     
   3.0000000000000023E-002    1839.552083337777     
   3.0000000000000023E-002    1850.406250004523     
   3.0000000000000023E-002    1861.260416671268     
   3.0000000000000023E-002    1872.104166671347     
   3.0000000000000023E-002    1882.958333338093     
   3.0000000000000023E-002    1893.812500004839     
   3.0000000000000023E-002    1904.666666671584     
   3.0000000000000023E-002    1915.520833338330     
   3.0000000000000023E-002    1926.375000005075     
   3.0000000000000023E-002    1937.229166671821     
   3.0000000000000023E-002    1948.083333338567     
   3.0000000000000023E-002    1958.937500005312     
   3.0000000000000023E-002    1969.791666672058     
   3.0500000000000024E-002    1336.177083334115     
   3.0500000000000024E-002    1346.520833334190     
   3.0500000000000024E-002    1356.885416667599     
   3.0500000000000024E-002    1367.250000001007     
   3.0500000000000024E-002    1377.625000001083     
   3.0500000000000024E-002    1388.000000001158     
   3.0500000000000024E-002    1398.385416667900     
   3.0500000000000024E-002    1408.770833334643     
   3.0500000000000024E-002    1419.156250001385     
   3.0500000000000024E-002    1429.541666668127     
   3.0500000000000024E-002    1439.937500001536     
   3.0500000000000024E-002    1450.333333334945     
   3.0500000000000024E-002    1460.729166668354     
   3.0500000000000024E-002    1471.125000001763     
   3.0500000000000024E-002    1481.520833335172     
   3.0500000000000024E-002    1491.927083335248     
   3.0500000000000024E-002    1502.322916668657     
   3.0500000000000024E-002    1512.729166668732     
   3.0500000000000024E-002    1523.135416668808     
   3.0500000000000024E-002    1533.541666668884     
   3.0500000000000024E-002    1543.947916668960     
   3.0500000000000024E-002    1554.354166669035     
   3.0500000000000024E-002    1564.760416669111     
   3.0500000000000024E-002    1575.166666669187     
   3.0500000000000024E-002    1585.583333335929     
   3.0500000000000024E-002    1595.989583336005     
   3.0500000000000024E-002    1606.406250002747     
   3.0500000000000024E-002    1616.812500002823     
   3.0500000000000024E-002    1627.229166669566     
   3.0500000000000024E-002    1637.635416669641     
   3.0500000000000024E-002    1648.052083336384     
   3.0500000000000024E-002    1658.468750003126     
   3.0500000000000024E-002    1668.885416669869     
   3.0500000000000024E-002    1679.302083336611     
   3.0500000000000024E-002    1689.718750003354     
   3.0500000000000024E-002    1700.135416670096     
   3.0500000000000024E-002    1710.541666670172     
   3.0500000000000024E-002    1720.968750003581     
   3.0500000000000024E-002    1731.385416670323     
   3.0500000000000024E-002    1741.802083337066     
   3.0500000000000024E-002    1752.218750003808     
   3.0500000000000024E-002    1762.635416670551     
   3.0500000000000024E-002    1773.052083337293     
   3.0500000000000024E-002    1783.468750004036     
   3.0500000000000024E-002    1793.895833337445     
   3.0500000000000024E-002    1804.312500004187     
   3.0500000000000024E-002    1814.729166670930     
   3.0500000000000024E-002    1825.156250004339     
   3.0500000000000024E-002    1835.572916671081     
   3.0500000000000024E-002    1846.000000004491     
   3.0500000000000024E-002    1856.416666671233     
   3.0500000000000024E-002    1866.843750004642     
   3.0500000000000024E-002    1877.260416671385     
   3.0500000000000024E-002    1887.687500004794     
   3.0500000000000024E-002    1898.104166671536     
   3.0500000000000024E-002    1908.531250004946     
   3.0500000000000024E-002    1918.947916671688     
   3.0500000000000024E-002    1929.375000005097     
   3.0500000000000024E-002    1939.791666671840     
   3.0500000000000024E-002    1950.218750005249     
   3.0500000000000024E-002    1960.645833338658     
   3.0500000000000024E-002    1971.062500005401     
   3.1000000000000024E-002    1558.156250002396     
   3.1000000000000024E-002    1568.114583335802     
   3.1000000000000024E-002    1578.072916669208     
   3.1000000000000024E-002    1588.052083335947     
   3.1000000000000024E-002    1598.031250002686     
   3.1000000000000024E-002    1608.020833336092     
   3.1000000000000024E-002    1618.010416669498     
   3.1000000000000024E-002    1628.000000002904     
   3.1000000000000024E-002    1638.000000002977     
   3.1000000000000024E-002    1648.000000003050     
   3.1000000000000024E-002    1658.000000003123     
   3.1000000000000024E-002    1668.000000003196     
   3.1000000000000024E-002    1678.010416669935     
   3.1000000000000024E-002    1688.020833336675     
   3.1000000000000024E-002    1698.031250003414     
   3.1000000000000024E-002    1708.041666670154     
   3.1000000000000024E-002    1718.052083336893     
   3.1000000000000024E-002    1728.062500003633     
   3.1000000000000024E-002    1738.072916670372     
   3.1000000000000024E-002    1748.093750003778     
   3.1000000000000024E-002    1758.104166670518     
   3.1000000000000024E-002    1768.125000003924     
   3.1000000000000024E-002    1778.135416670664     
   3.1000000000000024E-002    1788.156250004070     
   3.1000000000000024E-002    1798.177083337476     
   3.1000000000000024E-002    1808.197916670882     
   3.1000000000000024E-002    1818.218750004288     
   3.1000000000000024E-002    1828.239583337695     
   3.1000000000000024E-002    1838.260416671101     
   3.1000000000000024E-002    1848.281250004507     
   3.1000000000000024E-002    1858.302083337913     
   3.1000000000000024E-002    1868.333333337986     
   3.1000000000000024E-002    1878.354166671393     
   3.1000000000000024E-002    1888.375000004799     
   3.1000000000000024E-002    1898.406250004872     
   3.1000000000000024E-002    1908.427083338278     
   3.1000000000000024E-002    1918.458333338351     
   3.1000000000000024E-002    1928.479166671757     
   3.1000000000000024E-002    1938.510416671830     
   3.1000000000000024E-002    1948.531250005237     
   3.1000000000000024E-002    1958.562500005310     
   3.1000000000000024E-002    1968.593750005383     
   3.1000000000000024E-002    1978.614583338789     
   3.1500000000000021E-002    1828.739583337698     
   3.1500000000000021E-002    1838.354166671102     
   3.1500000000000021E-002    1847.968750004505     
   3.1500000000000021E-002    1857.583333337908     
   3.1500000000000021E-002    1867.208333337978     
   3.1500000000000021E-002    1876.843750004715     
   3.1500000000000021E-002    1886.479166671452     
   3.1500000000000021E-002    1896.114583338189     
   3.1500000000000021E-002    1905.760416671592     
   3.1500000000000021E-002    1915.395833338329     
   3.1500000000000021E-002    1925.041666671732     
   3.1500000000000021E-002    1934.687500005136     
   3.1500000000000021E-002    1944.333333338539     
   3.1500000000000021E-002    1953.989583338610     
   3.1500000000000021E-002    1963.635416672013     
   3.1500000000000021E-002    1973.291666672083     
   3.1500000000000021E-002    1982.947916672154     
   3.1500000000000021E-002    1992.593750005557     
   3.1500000000000021E-002    2002.250000005627     
   3.1500000000000021E-002    2011.906250005698     
   3.1500000000000021E-002    2021.562500005768     
   3.1500000000000021E-002    2031.229166672505     
   3.2000000000000021E-002    2149.250000004487     
   3.2000000000000021E-002    2158.520833337685     
   3.2000000000000021E-002    2167.802083337550     
   3.2000000000000021E-002    2177.083333337415     
   3.2000000000000021E-002    2186.375000003947     
   3.2000000000000021E-002    2195.677083337145     
   3.2000000000000021E-002    2204.979166670343     
   3.2000000000000021E-002    2214.281250003541     
   3.2000000000000021E-002    2223.593750003405     
   3.2000000000000021E-002    2232.895833336603     
   3.2500000000000022E-002    2576.416666664938     
   3.2500000000000022E-002    2585.374999998141     
   3.2500000000000022E-002    2594.354166664677     
   3.2500000000000022E-002    2603.333333331213     
   3.2500000000000022E-002    2612.322916664415     
   3.2500000000000022E-002    2621.312499997618     
   3.2500000000000022E-002    2630.302083330820     
   3.2500000000000022E-002    2639.291666664023     
   3.2500000000000022E-002    2648.291666663892     
   3.3000000000000022E-002    3180.135416656152     
   3.3000000000000022E-002    3188.812499989359     
   3.3000000000000022E-002    3197.489583322566     
   3.3000000000000022E-002    3206.177083322440     
   3.3000000000000022E-002    3214.864583322314     
   3.3000000000000022E-002    3223.562499988854     
   3.3000000000000022E-002    3232.249999988727     
   3.3000000000000022E-002    3240.947916655267     
   3.3000000000000022E-002    3249.645833321807     
   3.3000000000000022E-002    3258.343749988348     
   3.3000000000000022E-002    3267.052083321554     
   3.3000000000000022E-002    3275.749999988094     
   3.3500000000000023E-002    4183.208333312029     
   3.3500000000000023E-002    4191.593749978940     
   3.3500000000000023E-002    4199.989583312517     
   3.3500000000000023E-002    4208.385416646095     
   3.3500000000000023E-002    4216.791666646340     
   3.3500000000000023E-002    4225.187499979917     
   3.3500000000000023E-002    4233.593749980162     
   3.3500000000000023E-002    4241.999999980407     
   3.3500000000000023E-002    4250.416666647318     
   3.3500000000000023E-002    4258.822916647563     
   3.3500000000000023E-002    4267.239583314475     
   3.4000000000000023E-002    6563.489583381304     
   3.4000000000000023E-002    6571.583333381540     
   3.4000000000000023E-002    6579.677083381775     
   3.4000000000000023E-002    6587.781250048678     
   3.4000000000000023E-002    6595.885416715581     
   3.4000000000000023E-002    6604.000000049150     
   3.4000000000000023E-002    6612.104166716053     
   3.4000000000000023E-002    6620.218750049622     
   3.4000000000000023E-002    6628.333333383192     
   3.4000000000000023E-002    6636.437500050094     
   3.4000000000000023E-002    6644.552083383664     
   3.4000000000000023E-002    6652.666666717233     
   3.4000000000000023E-002    6660.781250050803     
