   2.5000000000000019E-002    2333.989583335132     
   2.5000000000000019E-002    2365.197916668011     
   2.5000000000000019E-002    2395.427083334238     
   2.5000000000000019E-002    2424.843750000477     
   2.5000000000000019E-002    2453.572916666725     
   2.5000000000000019E-002    2481.677083332983     
   2.5000000000000019E-002    2509.218749999249     
   2.5000000000000019E-002    2536.260416665522     
   2.5000000000000019E-002    2562.843749998468     
   2.5000000000000019E-002    2588.999999998088     
   2.5000000000000019E-002    2614.760416664380     
   2.5000000000000019E-002    2640.156249997343     
   2.5000000000000019E-002    2665.197916663646     
   2.5000000000000019E-002    2689.916666663286     
   2.5000000000000019E-002    2714.343749996264     
   2.5000000000000019E-002    2738.489583329246     
   2.5000000000000019E-002    2762.374999995565     
   2.5000000000000019E-002    2786.010416661888     
   2.5000000000000019E-002    2809.416666661547     
   2.5000000000000019E-002    2832.604166661210     
   2.5000000000000019E-002    2855.593749994208     
   2.5000000000000019E-002    2878.385416660543     
   2.5000000000000019E-002    2900.999999993548     
   2.5000000000000019E-002    2923.437499993221     
   2.5000000000000019E-002    2945.708333326230     
   2.5000000000000019E-002    2967.833333325908     
   2.5000000000000019E-002    2989.802083325589     
   2.5000000000000019E-002    3011.645833325271     
   2.5000000000000019E-002    3033.354166658288     
   2.5000000000000019E-002    3054.927083324641     
   2.5000000000000019E-002    3076.395833324329     
   2.5000000000000019E-002    3097.739583324018     
   2.5000000000000019E-002    3118.989583323709     
   2.5000000000000019E-002    3140.124999990068     
   2.5000000000000019E-002    3161.166666656428     
   2.5000000000000019E-002    3182.124999989457     
   2.5000000000000019E-002    3202.979166655820     
   2.5000000000000019E-002    3223.760416655517     
   2.5000000000000019E-002    3244.458333321883     
   2.5000000000000019E-002    3265.083333321583     
   2.5000000000000019E-002    3285.624999987951     
   2.5000000000000019E-002    3306.104166654319     
   2.5000000000000019E-002    3326.510416654022     
   2.5000000000000019E-002    3346.854166653726     
   2.5000000000000019E-002    3367.145833320098     
   2.5000000000000019E-002    3387.364583319803     
   2.5000000000000019E-002    3407.531249986177     
   2.5000000000000019E-002    3427.645833319217     
   2.5000000000000019E-002    3447.708333318925     
   2.5000000000000019E-002    3467.718749985301     
   2.5000000000000019E-002    3487.687499985010     
   2.5000000000000019E-002    3507.604166651387     
   2.5000000000000019E-002    3527.479166651098     
   2.5000000000000019E-002    3547.312499984143     
   2.5000000000000019E-002    3567.093749983855     
   2.5000000000000019E-002    3586.854166650234     
   2.5000000000000019E-002    3606.562499983280     
   2.5000000000000019E-002    3626.239583316327     
   2.5000000000000019E-002    3645.885416649375     
   2.5000000000000019E-002    3665.489583315756     
   2.5000000000000019E-002    3685.072916648804     
   2.5000000000000019E-002    3704.614583315187     
   2.5000000000000019E-002    3724.124999981570     
   2.5000000000000019E-002    3743.614583314619     
   2.5000000000000019E-002    3763.072916647669     
   2.5000000000000019E-002    3782.510416647387     
   2.5000000000000019E-002    3801.916666647104     
   2.5000000000000019E-002    3821.302083313489     
   2.5000000000000019E-002    3840.656249979874     
   2.5000000000000019E-002    3859.989583312926     
   2.5000000000000019E-002    3879.302083312645     
   2.5000000000000019E-002    3898.593749979031     
   2.5000000000000019E-002    3917.864583312084     
   2.5000000000000019E-002    3937.114583311803     
   2.5000000000000019E-002    3956.343749978190     
   2.5000000000000019E-002    3975.562499977911     
   2.5000000000000019E-002    3994.760416644298     
   2.5000000000000019E-002    4013.937499977352     
   2.5000000000000019E-002    4033.093749977073     
   2.5000000000000019E-002    4052.239583310128     
   2.5000000000000019E-002    4071.374999976516     
   2.5000000000000019E-002    4090.489583309572     
   2.5000000000000019E-002    4109.583333309886     
   2.5000000000000019E-002    4128.677083310442     
   2.5000000000000019E-002    4147.749999977664     
   2.5000000000000019E-002    4166.812499978219     
   2.5000000000000019E-002    4185.854166645439     
   2.5000000000000019E-002    4204.885416645993     
   2.5000000000000019E-002    4223.916666646547     
   2.5000000000000019E-002    4242.927083313767     
   2.5000000000000019E-002    4261.927083314320     
   2.5000000000000019E-002    4280.916666648206     
   2.5000000000000019E-002    4299.895833315425     
   2.5000000000000019E-002    4318.874999982644     
   2.5000000000000019E-002    4337.833333316529     
   2.5000000000000019E-002    4356.781249983747     
   2.5000000000000019E-002    4375.729166650965     
   2.5000000000000019E-002    4394.656249984850     
   2.5000000000000019E-002    4413.583333318734     
   2.5000000000000019E-002    4432.499999985951     
   2.5000000000000019E-002    4451.416666653168     
   2.5000000000000019E-002    4470.322916653718     
   2.5000000000000019E-002    4489.208333320935     
   2.5000000000000019E-002    4508.104166654818     
   2.5000000000000019E-002    4526.979166655367     
   2.5000000000000019E-002    4545.854166655917     
   2.5000000000000019E-002    4564.729166656466     
   2.5000000000000019E-002    4583.593749990348     
   2.5000000000000019E-002    4602.447916657564     
   2.5000000000000019E-002    4621.302083324779     
   2.5000000000000019E-002    4640.145833325328     
   2.5000000000000019E-002    4658.979166659209     
   2.5000000000000019E-002    4677.812499993091     
   2.5000000000000019E-002    4696.645833326972     
   2.5000000000000019E-002    4715.468749994187     
   2.5000000000000019E-002    4734.291666661401     
   2.5000000000000019E-002    4753.104166661949     
   2.5000000000000019E-002    4771.916666662496     
   2.5000000000000019E-002    4790.729166663044     
   2.5000000000000019E-002    4809.531249996924     
   2.5000000000000019E-002    4828.322916664138     
   2.5000000000000019E-002    4847.124999998018     
   2.5000000000000019E-002    4865.906249998565     
   2.5000000000000019E-002    4884.697916665778     
   2.5000000000000019E-002    4903.479166666325     
   2.5000000000000019E-002    4922.260416666872     
   2.5000000000000019E-002    4941.041666667418     
   2.5000000000000019E-002    4959.812500001298     
   2.5000000000000019E-002    4978.583333335177     
   2.5000000000000019E-002    4997.354166669057     
   2.5000000000000019E-002    5016.114583336270     
   2.5000000000000019E-002    5034.875000003482     
   2.5000000000000019E-002    5053.635416670695     
   2.5000000000000019E-002    5072.395833337908     
   2.5000000000000019E-002    5091.156250005120     
   2.5000000000000019E-002    5109.906250005666     
   2.5000000000000019E-002    5128.656250006212     
   2.5000000000000019E-002    5147.395833340091     
   2.5000000000000019E-002    5166.145833340636     
   2.5000000000000019E-002    5184.885416674515     
   2.5000000000000019E-002    5203.625000008394     
   2.5000000000000019E-002    5222.364583342272     
   2.5000000000000019E-002    5241.104166676151     
   2.5000000000000019E-002    5259.843750010030     
   2.5000000000000019E-002    5278.572916677242     
   2.5000000000000019E-002    5297.302083344453     
   2.5000000000000019E-002    5316.031250011665     
   2.5000000000000019E-002    5334.760416678877     
   2.5000000000000019E-002    5353.489583346089     
   2.5000000000000019E-002    5372.218750013300     
   2.5000000000000019E-002    5390.937500013845     
   2.5000000000000019E-002    5409.656250014390     
   2.5000000000000019E-002    5428.375000014935     
   2.5000000000000019E-002    5447.093750015480     
   2.5000000000000019E-002    5465.812500016024     
   2.5000000000000019E-002    5484.531250016569     
   2.5000000000000019E-002    5503.250000017114     
   2.5000000000000019E-002    5521.958333350992     
   2.5000000000000019E-002    5540.677083351537     
   2.5000000000000019E-002    5559.385416685414     
   2.5000000000000019E-002    5578.093750019292     
   2.5000000000000019E-002    5596.812500019837     
   2.5000000000000019E-002    5615.520833353715     
   2.5000000000000019E-002    5634.229166687593     
   2.5000000000000019E-002    5652.927083354803     
   2.5000000000000019E-002    5671.635416688681     
   2.5000000000000019E-002    5690.343750022559     
   2.5000000000000019E-002    5709.041666689770     
   2.5000000000000019E-002    5727.750000023648     
   2.5000000000000019E-002    5746.447916690859     
   2.5000000000000019E-002    5765.156250024736     
   2.5000000000000019E-002    5783.854166691947     
   2.5000000000000019E-002    5802.552083359158     
   2.5000000000000019E-002    5821.250000026369     
   2.5000000000000019E-002    5839.947916693580     
   2.5000000000000019E-002    5858.645833360791     
   2.5000000000000019E-002    5877.343750028002     
   2.5000000000000019E-002    5896.041666695212     
   2.5000000000000019E-002    5914.739583362423     
   2.5000000000000019E-002    5933.437500029634     
   2.5000000000000019E-002    5952.135416696845     
   2.5000000000000019E-002    5970.822916697389     
   2.5000000000000019E-002    5989.520833364600     
   2.5000000000000019E-002    6008.218750031810     
   2.5000000000000019E-002    6026.906250032354     
   2.5000000000000019E-002    6045.604166699565     
   2.5000000000000019E-002    6064.291666700109     
   2.5000000000000019E-002    6082.979166700653     
   2.5000000000000019E-002    6101.677083367864     
   2.5000000000000019E-002    6120.364583368408     
   2.5000000000000019E-002    6139.052083368952     
   2.5000000000000019E-002    6157.739583369495     
   2.5000000000000019E-002    6176.437500036706     
   2.5000000000000019E-002    6195.125000037250     
   2.5000000000000019E-002    6213.812500037794     
   2.5000000000000019E-002    6232.500000038338     
   2.5000000000000019E-002    6251.187500038882     
   2.5000000000000019E-002    6269.875000039426     
   2.5000000000000019E-002    6288.562500039970     
   2.5000000000000019E-002    6307.250000040513     
   2.5000000000000019E-002    6325.937500041057     
   2.5000000000000019E-002    6344.625000041601     
   2.5000000000000019E-002    6363.312500042145     
   2.5000000000000019E-002    6382.000000042689     
   2.5000000000000019E-002    6400.677083376566     
   2.5000000000000019E-002    6419.364583377110     
   2.5000000000000019E-002    6438.052083377654     
   2.5000000000000019E-002    6456.739583378197     
   2.5000000000000019E-002    6475.416666712074     
   2.5000000000000019E-002    6494.104166712618     
   2.5000000000000019E-002    6512.791666713162     
   2.5000000000000019E-002    6531.479166713706     
   2.5000000000000019E-002    6550.156250047583     
   2.5000000000000019E-002    6568.843750048127     
   2.5000000000000019E-002    6587.520833382004     
   2.5000000000000019E-002    6606.208333382548     
   2.5000000000000019E-002    6624.895833383091     
   2.5000000000000019E-002    6643.572916716968     
   2.5000000000000019E-002    6662.260416717512     
   2.5500000000000019E-002    123.6875000000213     
   2.5500000000000019E-002    141.6354166666775     
   2.5500000000000019E-002    159.5416666666613     
   2.5500000000000019E-002    177.3958333333117     
   2.5500000000000019E-002    195.2187499999621     
   2.5500000000000019E-002    212.9999999999460     
   2.5500000000000019E-002    230.7395833332632     
   2.5500000000000019E-002    248.4479166665804     
   2.5500000000000019E-002    266.1249999999253     
   2.5500000000000019E-002    283.7604166666240     
   2.5500000000000019E-002    301.3749999999894     
   2.5500000000000019E-002    318.9479166666880     
   2.5500000000000019E-002    336.4895833333866     
   2.5500000000000019E-002    354.0104166667518     
   2.5500000000000019E-002    371.5000000001169     
   2.5500000000000019E-002    388.9687500001487     
   2.5500000000000019E-002    406.4062500001804     
   2.5500000000000019E-002    423.8229166668788     
   2.5500000000000019E-002    441.2187500002437     
   2.5500000000000019E-002    458.5833333336087     
   2.5500000000000019E-002    475.9270833336402     
   2.5500000000000019E-002    493.2604166670051     
   2.5500000000000019E-002    510.5625000003699     
   2.5500000000000019E-002    527.8437500003148     
   2.5500000000000019E-002    545.1145833335853     
   2.5500000000000019E-002    562.3645833335225     
   2.5500000000000019E-002    579.5937500001265     
   2.5500000000000019E-002    596.8125000000639     
   2.5500000000000019E-002    614.0104166666680     
   2.5500000000000019E-002    631.1979166666055     
   2.5500000000000019E-002    648.3645833332097     
   2.5500000000000019E-002    665.5208333331473     
   2.5500000000000019E-002    682.6562499997516     
   2.5500000000000019E-002    699.7812499996893     
   2.5500000000000019E-002    716.8958333329604     
   2.5500000000000019E-002    733.9999999995648     
   2.5500000000000019E-002    751.0833333328360     
   2.5500000000000019E-002    768.1666666661072     
   2.5500000000000019E-002    785.2291666660451     
   2.5500000000000019E-002    802.2812499993164     
   2.5500000000000019E-002    819.3229166659211     
   2.5500000000000019E-002    836.3645833325257     
   2.5500000000000019E-002    853.3854166657972     
   2.5500000000000019E-002    870.3958333324019     
   2.5500000000000019E-002    887.4062499990067     
   2.5500000000000019E-002    904.4062499989449     
   2.5500000000000019E-002    921.3854166655498     
   2.5500000000000019E-002    938.3645833321547     
   2.5500000000000019E-002    955.3437499987596     
   2.5500000000000019E-002    972.3020833320312     
   2.5500000000000019E-002    989.2604166653028     
   2.5500000000000019E-002    1006.208333331908     
   2.5500000000000019E-002    1023.156249998513     
   2.5500000000000019E-002    1040.083333331960     
   2.5500000000000019E-002    1057.020833332083     
   2.5500000000000019E-002    1073.937499998873     
   2.5500000000000019E-002    1090.854166665663     
   2.5500000000000019E-002    1107.770833332453     
   2.5500000000000019E-002    1124.677083332576     
   2.5500000000000019E-002    1141.572916666032     
   2.5500000000000019E-002    1158.468749999488     
   2.5500000000000019E-002    1175.354166666278     
   2.5500000000000019E-002    1192.239583333067     
   2.5500000000000019E-002    1209.124999999857     
   2.5500000000000019E-002    1225.989583333313     
   2.5500000000000019E-002    1242.864583333436     
   2.5500000000000019E-002    1259.729166666892     
   2.5500000000000019E-002    1276.593750000348     
   2.5500000000000019E-002    1293.447916667137     
   2.5500000000000019E-002    1310.302083333926     
   2.5500000000000019E-002    1327.156250000716     
   2.5500000000000019E-002    1344.000000000838     
   2.5500000000000019E-002    1360.843750000961     
   2.5500000000000019E-002    1377.687500001083     
   2.5500000000000019E-002    1394.520833334539     
   2.5500000000000019E-002    1411.354166667995     
   2.5500000000000019E-002    1428.177083334784     
   2.5500000000000019E-002    1445.010416668240     
   2.5500000000000019E-002    1461.833333335029     
   2.5500000000000019E-002    1478.656250001818     
   2.5500000000000019E-002    1495.468750001940     
   2.5500000000000019E-002    1512.291666668729     
   2.5500000000000019E-002    1529.104166668852     
   2.5500000000000019E-002    1545.906250002307     
   2.5500000000000019E-002    1562.718750002429     
   2.5500000000000019E-002    1579.520833335885     
   2.5500000000000019E-002    1596.322916669341     
   2.5500000000000019E-002    1613.125000002796     
   2.5500000000000019E-002    1629.927083336252     
   2.5500000000000019E-002    1646.729166669707     
   2.5500000000000019E-002    1663.520833336496     
   2.5500000000000019E-002    1680.312500003285     
   2.5500000000000019E-002    1697.104166670074     
   2.5500000000000019E-002    1713.895833336863     
   2.5500000000000019E-002    1730.687500003652     
   2.5500000000000019E-002    1747.468750003774     
   2.5500000000000019E-002    1764.260416670563     
   2.5500000000000019E-002    1781.041666670685     
   2.5500000000000019E-002    1797.822916670807     
   2.5500000000000019E-002    1814.604166670929     
   2.5500000000000019E-002    1831.375000004384     
   2.5500000000000019E-002    1848.156250004506     
   2.5500000000000019E-002    1864.937500004628     
   2.5500000000000019E-002    1881.708333338084     
   2.5500000000000019E-002    1898.479166671539     
   2.5500000000000019E-002    1915.250000004994     
   2.5500000000000019E-002    1932.020833338450     
   2.5500000000000019E-002    1948.791666671905     
   2.5500000000000019E-002    1965.562500005361     
   2.5500000000000019E-002    1982.333333338816     
   2.5500000000000019E-002    1999.104166672271     
   2.5500000000000019E-002    2015.864583339060     
   2.5500000000000019E-002    2032.625000005849     
   2.5500000000000019E-002    2049.395833339273     
   2.5500000000000019E-002    2066.156250005696     
   2.5500000000000019E-002    2082.916666672119     
   2.5500000000000019E-002    2099.677083338542     
   2.5500000000000019E-002    2116.437500004964     
   2.5500000000000019E-002    2133.197916671387     
   2.5500000000000019E-002    2149.958333337810     
   2.5500000000000019E-002    2166.718750004233     
   2.5500000000000019E-002    2183.479166670656     
   2.5500000000000019E-002    2200.229166670412     
   2.5500000000000019E-002    2216.989583336835     
   2.5500000000000019E-002    2233.750000003257     
   2.5500000000000019E-002    2250.500000003014     
   2.5500000000000019E-002    2267.250000002770     
   2.5500000000000019E-002    2284.010416669193     
   2.5500000000000019E-002    2300.760416668949     
   2.5500000000000019E-002    2317.510416668705     
   2.5500000000000019E-002    2334.270833335128     
   2.5500000000000019E-002    2351.020833334884     
   2.5500000000000019E-002    2367.770833334640     
   2.5500000000000019E-002    2384.520833334397     
   2.5500000000000019E-002    2401.270833334153     
   2.5500000000000019E-002    2418.020833333909     
   2.5500000000000019E-002    2434.770833333665     
   2.5500000000000019E-002    2451.520833333422     
   2.5500000000000019E-002    2468.260416666511     
   2.5500000000000019E-002    2485.010416666268     
   2.5500000000000019E-002    2501.760416666024     
   2.5500000000000019E-002    2518.510416665780     
   2.5500000000000019E-002    2535.249999998870     
   2.5500000000000019E-002    2551.999999998626     
   2.5500000000000019E-002    2568.749999998382     
   2.5500000000000019E-002    2585.489583331472     
   2.5500000000000019E-002    2602.239583331228     
   2.5500000000000019E-002    2618.979166664318     
   2.5500000000000019E-002    2635.729166664074     
   2.5500000000000019E-002    2652.468749997164     
   2.5500000000000019E-002    2669.218749996920     
   2.5500000000000019E-002    2685.958333330010     
   2.5500000000000019E-002    2702.708333329766     
   2.5500000000000019E-002    2719.447916662856     
   2.5500000000000019E-002    2736.187499995946     
   2.5500000000000019E-002    2752.937499995702     
   2.5500000000000019E-002    2769.677083328792     
   2.5500000000000019E-002    2786.416666661882     
   2.5500000000000019E-002    2803.166666661638     
   2.5500000000000019E-002    2819.906249994728     
   2.5500000000000019E-002    2836.645833327817     
   2.5500000000000019E-002    2853.385416660907     
   2.5500000000000019E-002    2870.124999993997     
   2.5500000000000019E-002    2886.874999993753     
   2.5500000000000019E-002    2903.614583326843     
   2.5500000000000019E-002    2920.354166659933     
   2.5500000000000019E-002    2937.093749993022     
   2.5500000000000019E-002    2953.833333326112     
   2.5500000000000019E-002    2970.572916659202     
   2.5500000000000019E-002    2987.312499992292     
   2.5500000000000019E-002    3004.052083325381     
   2.5500000000000019E-002    3020.791666658471     
   2.5500000000000019E-002    3037.531249991561     
   2.5500000000000019E-002    3054.270833324651     
   2.5500000000000019E-002    3071.010416657740     
   2.5500000000000019E-002    3087.749999990830     
   2.5500000000000019E-002    3104.489583323920     
   2.5500000000000019E-002    3121.229166657010     
   2.5500000000000019E-002    3137.968749990099     
   2.5500000000000019E-002    3154.708333323189     
   2.5500000000000019E-002    3171.447916656279     
   2.5500000000000019E-002    3188.187499989368     
   2.5500000000000019E-002    3204.927083322458     
   2.5500000000000019E-002    3221.666666655548     
   2.5500000000000019E-002    3238.406249988638     
   2.5500000000000019E-002    3255.145833321727     
   2.5500000000000019E-002    3271.885416654817     
   2.6000000000000020E-002    106.5833333333469     
   2.6000000000000020E-002    122.7291666666875     
   2.6000000000000020E-002    138.8437500000134     
   2.6000000000000020E-002    154.9374999999988     
   2.6000000000000020E-002    170.9999999999842     
   2.6000000000000020E-002    187.0312499999696     
   2.6000000000000020E-002    203.0416666666217     
   2.6000000000000020E-002    219.0208333332738     
   2.6000000000000020E-002    234.9791666665926     
   2.6000000000000020E-002    250.9166666665782     
   2.6000000000000020E-002    266.8333333332599     
   2.6000000000000020E-002    282.7187499999554     
   2.6000000000000020E-002    298.5937499999843     
   2.6000000000000020E-002    314.4479166666798     
   2.6000000000000020E-002    330.2708333333753     
   2.6000000000000020E-002    346.0937500000707     
   2.6000000000000020E-002    361.8854166667661     
   2.6000000000000020E-002    377.6666666667948     
   2.6000000000000020E-002    393.4270833334901     
   2.6000000000000020E-002    409.1770833335188     
   2.6000000000000020E-002    424.9062500002141     
   2.6000000000000020E-002    440.6250000002427     
   2.6000000000000020E-002    456.3229166669379     
   2.6000000000000020E-002    472.0208333336331     
   2.6000000000000020E-002    487.6979166669950     
   2.6000000000000020E-002    503.3541666670234     
   2.6000000000000020E-002    519.0104166670136     
   2.6000000000000020E-002    534.6458333336234     
   2.6000000000000020E-002    550.2812500002332     
   2.6000000000000020E-002    565.8958333335097     
   2.6000000000000020E-002    581.5000000001196     
   2.6000000000000020E-002    597.1041666667295     
   2.6000000000000020E-002    612.6875000000061     
   2.6000000000000020E-002    628.2604166666162     
   2.6000000000000020E-002    643.8333333332262     
   2.6000000000000020E-002    659.3958333331695     
   2.6000000000000020E-002    674.9479166664463     
   2.6000000000000020E-002    690.4895833330564     
   2.6000000000000020E-002    706.0208333329999     
   2.6000000000000020E-002    721.5520833329434     
   2.6000000000000020E-002    737.0729166662203     
   2.6000000000000020E-002    752.5833333328305     
   2.6000000000000020E-002    768.0937499994408     
   2.6000000000000020E-002    783.5937499993844     
   2.6000000000000020E-002    799.0833333326614     
   2.6000000000000020E-002    814.5729166659384     
   2.6000000000000020E-002    830.0520833325487     
   2.6000000000000020E-002    845.5312499991591     
   2.6000000000000020E-002    860.9999999991028     
   2.6000000000000020E-002    876.4583333323799     
   2.6000000000000020E-002    891.9166666656570     
   2.6000000000000020E-002    907.3749999989341     
   2.6000000000000020E-002    922.8229166655445     
   2.6000000000000020E-002    938.2708333321550     
   2.6000000000000020E-002    953.7083333320988     
   2.6000000000000020E-002    969.1458333320427     
   2.6000000000000020E-002    984.5729166653199     
   2.6000000000000020E-002    999.9999999985971     
   2.6000000000000020E-002    1015.427083331874     
   2.6000000000000020E-002    1030.843749998560     
   2.6000000000000020E-002    1046.260416665338     
   2.6000000000000020E-002    1061.677083332117     
   2.6000000000000020E-002    1077.083333332229     
   2.6000000000000020E-002    1092.489583332341     
   2.6000000000000020E-002    1107.885416665787     
   2.6000000000000020E-002    1123.281249999232     
   2.6000000000000020E-002    1138.677083332678     
   2.6000000000000020E-002    1154.072916666123     
   2.6000000000000020E-002    1169.468749999568     
   2.6000000000000020E-002    1184.854166666347     
   2.6000000000000020E-002    1200.239583333125     
   2.6000000000000020E-002    1215.614583333237     
   2.6000000000000020E-002    1231.000000000016     
   2.6000000000000020E-002    1246.375000000128     
   2.6000000000000020E-002    1261.750000000240     
   2.6000000000000020E-002    1277.125000000352     
   2.6000000000000020E-002    1292.489583333797     
   2.6000000000000020E-002    1307.854166667242     
   2.6000000000000020E-002    1323.218750000687     
   2.6000000000000020E-002    1338.583333334132     
   2.6000000000000020E-002    1353.947916667577     
   2.6000000000000020E-002    1369.312500001022     
   2.6000000000000020E-002    1384.666666667801     
   2.6000000000000020E-002    1400.020833334579     
   2.6000000000000020E-002    1415.375000001357     
   2.6000000000000020E-002    1430.729166668136     
   2.6000000000000020E-002    1446.083333334914     
   2.6000000000000020E-002    1461.437500001693     
   2.6000000000000020E-002    1476.781250001804     
   2.6000000000000020E-002    1492.135416668583     
   2.6000000000000020E-002    1507.479166668694     
   2.6000000000000020E-002    1522.822916668806     
   2.6000000000000020E-002    1538.166666668918     
   2.6000000000000020E-002    1553.510416669029     
   2.6000000000000020E-002    1568.843750002474     
   2.6000000000000020E-002    1584.187500002586     
   2.6000000000000020E-002    1599.520833336031     
   2.6000000000000020E-002    1614.864583336142     
   2.6000000000000020E-002    1630.197916669587     
   2.6000000000000020E-002    1645.531250003032     
   2.6000000000000020E-002    1660.864583336477     
   2.6000000000000020E-002    1676.197916669922     
   2.6000000000000020E-002    1691.531250003367     
   2.6000000000000020E-002    1706.864583336812     
   2.6000000000000020E-002    1722.197916670257     
   2.6000000000000020E-002    1737.520833337035     
   2.6000000000000020E-002    1752.854166670480     
   2.6000000000000020E-002    1768.177083337258     
   2.6000000000000020E-002    1783.510416670703     
   2.6000000000000020E-002    1798.833333337481     
   2.6000000000000020E-002    1814.156250004259     
   2.6000000000000020E-002    1829.489583337704     
   2.6000000000000020E-002    1844.812500004482     
   2.6000000000000020E-002    1860.135416671260     
   2.6000000000000020E-002    1875.458333338038     
   2.6000000000000020E-002    1890.781250004816     
   2.6000000000000020E-002    1906.104166671595     
   2.6000000000000020E-002    1921.427083338373     
   2.6000000000000020E-002    1936.739583338484     
   2.6000000000000020E-002    1952.062500005262     
   2.6000000000000020E-002    1967.385416672040     
   2.6000000000000020E-002    1982.697916672152     
   2.6000000000000020E-002    1998.020833338930     
   2.6000000000000020E-002    2013.333333339041     
   2.6000000000000020E-002    2028.656250005820     
   2.6000000000000020E-002    2043.968750005931     
   2.6000000000000020E-002    2059.291666672463     
   2.6000000000000020E-002    2074.604166672240     
   2.6000000000000020E-002    2089.927083338684     
   2.6000000000000020E-002    2105.239583338461     
   2.6000000000000020E-002    2120.552083338238     
   2.6000000000000020E-002    2135.864583338015     
   2.6000000000000020E-002    2151.187500004459     
   2.6000000000000020E-002    2166.500000004236     
   2.6000000000000020E-002    2181.812500004013     
   2.6000000000000020E-002    2197.125000003790     
   2.6000000000000020E-002    2212.437500003567     
   2.6000000000000020E-002    2227.750000003345     
   2.6000000000000020E-002    2243.062500003122     
   2.6000000000000020E-002    2258.375000002899     
   2.6000000000000020E-002    2273.687500002676     
   2.6000000000000020E-002    2289.000000002453     
   2.6000000000000020E-002    2304.312500002231     
   2.6000000000000020E-002    2319.625000002008     
   2.6000000000000020E-002    2334.927083335118     
   2.6000000000000020E-002    2350.239583334896     
   2.6000000000000020E-002    2365.552083334673     
   2.6000000000000020E-002    2380.864583334450     
   2.6000000000000020E-002    2396.177083334227     
   2.6000000000000020E-002    2411.479166667338     
   2.6000000000000020E-002    2426.791666667115     
   2.6000000000000020E-002    2442.104166666892     
   2.6000000000000020E-002    2457.406250000003     
   2.6000000000000020E-002    2472.718749999780     
   2.6000000000000020E-002    2488.031249999557     
   2.6000000000000020E-002    2503.333333332668     
   2.6000000000000020E-002    2518.645833332445     
   2.6000000000000020E-002    2533.958333332222     
   2.6000000000000020E-002    2549.260416665333     
   2.6000000000000020E-002    2564.572916665110     
   2.6000000000000020E-002    2579.874999998221     
   2.6000000000000020E-002    2595.187499997998     
   2.6000000000000020E-002    2610.489583331108     
   2.6000000000000020E-002    2625.802083330886     
   2.6000000000000020E-002    2641.104166663996     
   2.6000000000000020E-002    2656.416666663773     
   2.6000000000000020E-002    2671.718749996884     
   2.6000000000000020E-002    2687.031249996661     
   2.6000000000000020E-002    2702.333333329772     
   2.6000000000000020E-002    2717.645833329549     
   2.6000000000000020E-002    2732.947916662660     
   2.6000000000000020E-002    2748.260416662437     
   2.6000000000000020E-002    2763.562499995548     
   2.6000000000000020E-002    2778.864583328658     
   2.6000000000000020E-002    2794.177083328435     
   2.6000000000000020E-002    2809.479166661546     
   2.6000000000000020E-002    2824.791666661323     
   2.6000000000000020E-002    2840.093749994434     
   2.6000000000000020E-002    2855.395833327545     
   2.6000000000000020E-002    2870.708333327322     
   2.6000000000000020E-002    2886.010416660432     
   2.6000000000000020E-002    2901.312499993543     
   2.6000000000000020E-002    2916.624999993320     
   2.6500000000000020E-002    137.1041666666817     
   2.6500000000000020E-002    151.7708333333350     
   2.6500000000000020E-002    166.4270833333217     
   2.6500000000000020E-002    181.0833333333083     
   2.6500000000000020E-002    195.7187499999617     
   2.6500000000000020E-002    210.3437499999484     
   2.6500000000000020E-002    224.9583333332684     
   2.6500000000000020E-002    239.5520833332552     
   2.6500000000000020E-002    254.1458333332419     
   2.6500000000000020E-002    268.7187499999300     
   2.6500000000000020E-002    283.2812499999565     
   2.6500000000000020E-002    297.8229166666496     
   2.6500000000000020E-002    312.3645833333427     
   2.6500000000000020E-002    326.8958333333691     
   2.6500000000000020E-002    341.4062500000622     
   2.6500000000000020E-002    355.9166666667552     
   2.6500000000000020E-002    370.4062500001149     
   2.6500000000000020E-002    384.8854166668079     
   2.6500000000000020E-002    399.3645833335009     
   2.6500000000000020E-002    413.8333333335273     
   2.6500000000000020E-002    428.2812500002202     
   2.6500000000000020E-002    442.7291666669132     
   2.6500000000000020E-002    457.1666666669394     
   2.6500000000000020E-002    471.6041666669657     
   2.6500000000000020E-002    486.0208333336586     
   2.6500000000000020E-002    500.4375000003515     
   2.6500000000000020E-002    514.8437500003621     
   2.6500000000000020E-002    529.2395833336431     
   2.6500000000000020E-002    543.6354166669240     
   2.6500000000000020E-002    558.0208333335383     
   2.6500000000000020E-002    572.3958333334861     
   2.6500000000000020E-002    586.7708333334338     
   2.6500000000000020E-002    601.1354166667148     
   2.6500000000000020E-002    615.4999999999959     
   2.6500000000000020E-002    629.8541666666104     
   2.6500000000000020E-002    644.1979166665582     
   2.6500000000000020E-002    658.5416666665060     
   2.6500000000000020E-002    672.8854166664538     
   2.6500000000000020E-002    687.2187499997350     
   2.6500000000000020E-002    701.5416666663496     
   2.6500000000000020E-002    715.8749999996307     
   2.6500000000000020E-002    730.1874999995787     
   2.6500000000000020E-002    744.5104166661932     
   2.6500000000000020E-002    758.8229166661412     
   2.6500000000000020E-002    773.1249999994225     
   2.6500000000000020E-002    787.4270833327038     
   2.6500000000000020E-002    801.7291666659851     
   2.6500000000000020E-002    816.0208333325998     
   2.6500000000000020E-002    830.3124999992144     
   2.6500000000000020E-002    844.6041666658291     
   2.6500000000000020E-002    858.8854166657771     
   2.6500000000000020E-002    873.1770833323918     
   2.6500000000000020E-002    887.4479166656732     
   2.6500000000000020E-002    901.7291666656213     
   2.6500000000000020E-002    915.9999999989027     
   2.6500000000000020E-002    930.2708333321841     
   2.6500000000000020E-002    944.5416666654655     
   2.6500000000000020E-002    958.8020833320803     
   2.6500000000000020E-002    973.0624999986951     
   2.6500000000000020E-002    987.3229166653099     
   2.6500000000000020E-002    1001.583333331925     
   2.6500000000000020E-002    1015.843749998539     
   2.6500000000000020E-002    1030.093749998554     
   2.6500000000000020E-002    1044.343749998658     
   2.6500000000000020E-002    1058.593749998761     
   2.6500000000000020E-002    1072.843749998865     
   2.6500000000000020E-002    1087.083333332302     
   2.6500000000000020E-002    1101.333333332406     
   2.6500000000000020E-002    1115.572916665843     
   2.6500000000000020E-002    1129.812499999280     
   2.6500000000000020E-002    1144.041666666050     
   2.6500000000000020E-002    1158.281249999487     
   2.6500000000000020E-002    1172.520833332924     
   2.6500000000000020E-002    1186.749999999694     
   2.6500000000000020E-002    1200.979166666464     
   2.6500000000000020E-002    1215.208333333234     
   2.6500000000000020E-002    1229.437500000005     
   2.6500000000000020E-002    1243.666666666775     
   2.6500000000000020E-002    1257.895833333545     
   2.6500000000000020E-002    1272.114583333648     
   2.6500000000000020E-002    1286.343750000419     
   2.6500000000000020E-002    1300.562500000522     
   2.6500000000000020E-002    1314.781250000626     
   2.6500000000000020E-002    1329.000000000729     
   2.6500000000000020E-002    1343.218750000832     
   2.6500000000000020E-002    1357.437500000936     
   2.6500000000000020E-002    1371.656250001039     
   2.6500000000000020E-002    1385.875000001143     
   2.6500000000000020E-002    1400.083333334579     
   2.6500000000000020E-002    1414.302083334683     
   2.6500000000000020E-002    1428.510416668120     
   2.6500000000000020E-002    1442.729166668223     
   2.6500000000000020E-002    1456.937500001660     
   2.6500000000000020E-002    1471.145833335097     
   2.6500000000000020E-002    1485.354166668533     
   2.6500000000000020E-002    1499.562500001970     
   2.6500000000000020E-002    1513.770833335407     
   2.6500000000000020E-002    1527.979166668843     
   2.6500000000000020E-002    1542.187500002280     
   2.6500000000000020E-002    1556.395833335717     
   2.6500000000000020E-002    1570.593750002487     
   2.6500000000000020E-002    1584.802083335923     
   2.6500000000000020E-002    1599.010416669360     
   2.6500000000000020E-002    1613.208333336130     
   2.6500000000000020E-002    1627.416666669567     
   2.6500000000000020E-002    1641.614583336337     
   2.6500000000000020E-002    1655.812500003107     
   2.6500000000000020E-002    1670.020833336544     
   2.6500000000000020E-002    1684.218750003314     
   2.6500000000000020E-002    1698.416666670083     
   2.6500000000000020E-002    1712.614583336853     
   2.6500000000000020E-002    1726.812500003623     
   2.6500000000000020E-002    1741.010416670393     
   2.6500000000000020E-002    1755.208333337163     
   2.6500000000000020E-002    1769.406250003933     
   2.6500000000000020E-002    1783.604166670703     
   2.6500000000000020E-002    1797.802083337473     
   2.6500000000000020E-002    1812.000000004243     
   2.6500000000000020E-002    1826.197916671013     
   2.6500000000000020E-002    1840.395833337783     
   2.6500000000000020E-002    1854.593750004553     
   2.6500000000000020E-002    1868.781250004656     
   2.6500000000000020E-002    1882.979166671426     
   2.6500000000000020E-002    1897.177083338196     
   2.6500000000000020E-002    1911.364583338300     
   2.6500000000000020E-002    1925.562500005070     
   2.6500000000000020E-002    1939.760416671839     
   2.6500000000000020E-002    1953.947916671943     
   2.6500000000000020E-002    1968.145833338713     
   2.6500000000000020E-002    1982.333333338816     
   2.6500000000000020E-002    1996.531250005586     
   2.6500000000000020E-002    2010.718750005689     
   2.6500000000000020E-002    2024.916666672459     
   2.6500000000000020E-002    2039.104166672562     
   2.6500000000000020E-002    2053.302083339217     
   2.6500000000000020E-002    2067.489583339010     
   2.6500000000000020E-002    2081.677083338804     
   2.6500000000000020E-002    2095.875000005264     
   2.6500000000000020E-002    2110.062500005057     
   2.6500000000000020E-002    2124.250000004851     
   2.6500000000000020E-002    2138.447916671311     
   2.6500000000000020E-002    2152.635416671104     
   2.6500000000000020E-002    2166.822916670898     
   2.6500000000000020E-002    2181.010416670691     
   2.6500000000000020E-002    2195.208333337152     
   2.6500000000000020E-002    2209.395833336945     
   2.6500000000000020E-002    2223.583333336739     
   2.6500000000000020E-002    2237.770833336532     
   2.6500000000000020E-002    2251.958333336326     
   2.6500000000000020E-002    2266.156250002786     
   2.6500000000000020E-002    2280.343750002579     
   2.6500000000000020E-002    2294.531250002373     
   2.6500000000000020E-002    2308.718750002166     
   2.6500000000000020E-002    2322.906250001960     
   2.6500000000000020E-002    2337.093750001754     
   2.6500000000000020E-002    2351.281250001547     
   2.6500000000000020E-002    2365.468750001341     
   2.6500000000000020E-002    2379.656250001134     
   2.6500000000000020E-002    2393.843750000928     
   2.6500000000000020E-002    2408.031250000721     
   2.6500000000000020E-002    2422.229166667181     
   2.6500000000000020E-002    2436.416666666975     
   2.6500000000000020E-002    2450.604166666768     
   2.6500000000000020E-002    2464.791666666562     
   2.6500000000000020E-002    2478.979166666355     
   2.6500000000000020E-002    2493.166666666149     
   2.6500000000000020E-002    2507.354166665943     
   2.6500000000000020E-002    2521.531249999070     
   2.6500000000000020E-002    2535.718749998863     
   2.6500000000000020E-002    2549.906249998657     
   2.6500000000000020E-002    2564.093749998450     
   2.6500000000000020E-002    2578.281249998244     
   2.6500000000000020E-002    2592.468749998037     
   2.6500000000000020E-002    2606.656249997831     
   2.6500000000000020E-002    2620.843749997624     
   2.6500000000000020E-002    2635.031249997418     
   2.6500000000000020E-002    2649.218749997211     
   2.7000000000000021E-002    514.4270833336969     
   2.7000000000000021E-002    527.7604166669818     
   2.7000000000000021E-002    541.1145833335999     
   2.7000000000000021E-002    554.4687500002179     
   2.7000000000000021E-002    567.8229166668360     
   2.7000000000000021E-002    581.1875000001207     
   2.7000000000000021E-002    594.5416666667388     
   2.7000000000000021E-002    607.9062500000235     
   2.7000000000000021E-002    621.2604166666416     
   2.7000000000000021E-002    634.6145833332597     
   2.7000000000000021E-002    647.9687499998778     
   2.7000000000000021E-002    661.3229166664959     
   2.7000000000000021E-002    674.6770833331140     
   2.7000000000000021E-002    688.0312499997320     
   2.7000000000000021E-002    701.3854166663501     
   2.7000000000000021E-002    714.7291666663016     
   2.7000000000000021E-002    728.0729166662530     
   2.7000000000000021E-002    741.4166666662045     
   2.7000000000000021E-002    754.7604166661559     
   2.7000000000000021E-002    768.1041666661074     
   2.7000000000000021E-002    781.4374999993922     
   2.7000000000000021E-002    794.7708333326771     
   2.7000000000000021E-002    808.1145833326285     
   2.7000000000000021E-002    821.4479166659133     
   2.7000000000000021E-002    834.7812499991982     
   2.7000000000000021E-002    848.1041666658164     
   2.7000000000000021E-002    861.4374999991012     
   2.7000000000000021E-002    874.7604166657194     
   2.7000000000000021E-002    888.0833333323376     
   2.7000000000000021E-002    901.4166666656224     
   2.7000000000000021E-002    914.7395833322406     
   2.7000000000000021E-002    928.0520833321922     
   2.7000000000000021E-002    941.3749999988104     
   2.7000000000000021E-002    954.6979166654286     
   2.7000000000000021E-002    968.0104166653801     
   2.7000000000000021E-002    981.3333333319983     
   2.7000000000000021E-002    994.6458333319499     
   2.7000000000000021E-002    1007.958333331901     
   2.7000000000000021E-002    1021.270833331853     
   2.7000000000000021E-002    1034.583333331920     
   2.7000000000000021E-002    1047.885416665350     
   2.7000000000000021E-002    1061.197916665447     
   2.7000000000000021E-002    1074.510416665544     
   2.7000000000000021E-002    1087.812499998974     
   2.7000000000000021E-002    1101.124999999071     
   2.7000000000000021E-002    1114.427083332501     
   2.7000000000000021E-002    1127.729166665931     
   2.7000000000000021E-002    1141.031249999361     
   2.7000000000000021E-002    1154.333333332791     
   2.7000000000000021E-002    1167.635416666222     
   2.7000000000000021E-002    1180.937499999652     
   2.7000000000000021E-002    1194.239583333082     
   2.7000000000000021E-002    1207.541666666512     
   2.7000000000000021E-002    1220.833333333275     
   2.7000000000000021E-002    1234.135416666705     
   2.7000000000000021E-002    1247.427083333469     
   2.7000000000000021E-002    1260.729166666899     
   2.7000000000000021E-002    1274.020833333662     
   2.7000000000000021E-002    1287.322916667092     
   2.7000000000000021E-002    1300.614583333856     
   2.7000000000000021E-002    1313.906250000619     
   2.7000000000000021E-002    1327.197916667383     
   2.7000000000000021E-002    1340.489583334146     
   2.7000000000000021E-002    1353.781250000909     
   2.7000000000000021E-002    1367.072916667673     
   2.7000000000000021E-002    1380.364583334436     
   2.7000000000000021E-002    1393.656250001199     
   2.7000000000000021E-002    1406.947916667963     
   2.7000000000000021E-002    1420.239583334726     
   2.7000000000000021E-002    1433.531250001490     
   2.7000000000000021E-002    1446.822916668253     
   2.7000000000000021E-002    1460.104166668350     
   2.7000000000000021E-002    1473.395833335113     
   2.7000000000000021E-002    1486.677083335210     
   2.7000000000000021E-002    1499.968750001973     
   2.7000000000000021E-002    1513.260416668736     
   2.7000000000000021E-002    1526.541666668833     
   2.7000000000000021E-002    1539.833333335596     
   2.7000000000000021E-002    1553.114583335693     
   2.7000000000000021E-002    1566.395833335790     
   2.7000000000000021E-002    1579.687500002553     
   2.7000000000000021E-002    1592.968750002650     
   2.7000000000000021E-002    1606.250000002746     
   2.7000000000000021E-002    1619.541666669510     
   2.7000000000000021E-002    1632.822916669606     
   2.7000000000000021E-002    1646.104166669703     
   2.7000000000000021E-002    1659.385416669799     
   2.7000000000000021E-002    1672.677083336563     
   2.7000000000000021E-002    1685.958333336660     
   2.7000000000000021E-002    1699.239583336756     
   2.7000000000000021E-002    1712.520833336853     
   2.7000000000000021E-002    1725.802083336949     
   2.7000000000000021E-002    1739.083333337046     
   2.7000000000000021E-002    1752.364583337143     
   2.7000000000000021E-002    1765.645833337239     
   2.7000000000000021E-002    1778.927083337336     
   2.7000000000000021E-002    1792.208333337433     
   2.7000000000000021E-002    1805.489583337529     
   2.7000000000000021E-002    1818.770833337626     
   2.7000000000000021E-002    1832.052083337722     
   2.7000000000000021E-002    1845.333333337819     
   2.7000000000000021E-002    1858.614583337916     
   2.7000000000000021E-002    1871.895833338012     
   2.7000000000000021E-002    1885.177083338109     
   2.7000000000000021E-002    1898.458333338206     
   2.7000000000000021E-002    1911.729166671636     
   2.7000000000000021E-002    1925.010416671732     
   2.7000000000000021E-002    1938.291666671829     
   2.7000000000000021E-002    1951.572916671925     
   2.7000000000000021E-002    1964.854166672022     
   2.7000000000000021E-002    1978.125000005452     
   2.7000000000000021E-002    1991.406250005549     
   2.7000000000000021E-002    2004.687500005645     
   2.7000000000000021E-002    2017.968750005742     
   2.7000000000000021E-002    2031.239583339172     
   2.7000000000000021E-002    2044.520833339268     
   2.7000000000000021E-002    2057.802083339151     
   2.7000000000000021E-002    2071.072916672291     
   2.7000000000000021E-002    2084.354166672098     
   2.7000000000000021E-002    2097.635416671905     
   2.7000000000000021E-002    2110.906250005045     
   2.7000000000000021E-002    2124.187500004852     
   2.7000000000000021E-002    2137.468750004658     
   2.7000000000000021E-002    2150.739583337799     
   2.7000000000000021E-002    2164.020833337605     
   2.7000000000000021E-002    2177.302083337412     
   2.7000000000000021E-002    2190.572916670552     
   2.7000000000000021E-002    2203.854166670359     
   2.7000000000000021E-002    2217.135416670166     
   2.7000000000000021E-002    2230.406250003306     
   2.7000000000000021E-002    2243.687500003113     
   2.7000000000000021E-002    2256.958333336253     
   2.7000000000000021E-002    2270.239583336060     
   2.7000000000000021E-002    2283.510416669200     
   2.7000000000000021E-002    2296.791666669007     
   2.7000000000000021E-002    2310.072916668813     
   2.7000000000000021E-002    2323.343750001954     
   2.7000000000000021E-002    2336.625000001760     
   2.7000000000000021E-002    2349.895833334901     
   2.7000000000000021E-002    2363.177083334707     
   2.7000000000000021E-002    2376.447916667847     
   2.7000000000000021E-002    2389.729166667654     
   2.7000000000000021E-002    2403.000000000794     
   2.7000000000000021E-002    2416.281250000601     
   2.7000000000000021E-002    2429.552083333741     
   2.7000000000000021E-002    2442.833333333548     
   2.7000000000000021E-002    2456.104166666688     
   2.7000000000000021E-002    2469.385416666495     
   2.7000000000000021E-002    2482.656249999635     
   2.7000000000000021E-002    2495.937499999442     
   2.7500000000000021E-002    801.0104166659877     
   2.7500000000000021E-002    813.4895833326090     
   2.7500000000000021E-002    825.9687499992302     
   2.7500000000000021E-002    838.4687499991848     
   2.7500000000000021E-002    850.9583333324726     
   2.7500000000000021E-002    863.4687499990938     
   2.7500000000000021E-002    875.9687499990483     
   2.7500000000000021E-002    888.4791666656695     
   2.7500000000000021E-002    900.9895833322906     
   2.7500000000000021E-002    913.4999999989118     
   2.7500000000000021E-002    926.0208333321996     
   2.7500000000000021E-002    938.5312499988207     
   2.7500000000000021E-002    951.0520833321085     
   2.7500000000000021E-002    963.5624999987297     
   2.7500000000000021E-002    976.0833333320174     
   2.7500000000000021E-002    988.5937499986386     
   2.7500000000000021E-002    1001.114583331926     
   2.7500000000000021E-002    1013.635416665214     
   2.7500000000000021E-002    1026.156249998525     
   2.7500000000000021E-002    1038.666666665283     
   2.7500000000000021E-002    1051.187499998708     
   2.7500000000000021E-002    1063.708333332132     
   2.7500000000000021E-002    1076.229166665556     
   2.7500000000000021E-002    1088.739583332314     
   2.7500000000000021E-002    1101.260416665739     
   2.7500000000000021E-002    1113.781249999163     
   2.7500000000000021E-002    1126.302083332587     
   2.7500000000000021E-002    1138.822916666012     
   2.7500000000000021E-002    1151.333333332770     
   2.7500000000000021E-002    1163.854166666194     
   2.7500000000000021E-002    1176.374999999618     
   2.7500000000000021E-002    1188.895833333043     
   2.7500000000000021E-002    1201.406249999801     
   2.7500000000000021E-002    1213.927083333225     
   2.7500000000000021E-002    1226.447916666649     
   2.7500000000000021E-002    1238.958333333407     
   2.7500000000000021E-002    1251.479166666832     
   2.7500000000000021E-002    1264.000000000256     
   2.7500000000000021E-002    1276.510416667014     
   2.7500000000000021E-002    1289.031250000438     
   2.7500000000000021E-002    1301.552083333863     
   2.7500000000000021E-002    1314.062500000620     
   2.7500000000000021E-002    1326.583333334045     
   2.7500000000000021E-002    1339.093750000802     
   2.7500000000000021E-002    1351.614583334227     
   2.7500000000000021E-002    1364.135416667651     
   2.7500000000000021E-002    1376.645833334409     
   2.7500000000000021E-002    1389.166666667833     
   2.7500000000000021E-002    1401.677083334591     
   2.7500000000000021E-002    1414.197916668016     
   2.7500000000000021E-002    1426.708333334773     
   2.7500000000000021E-002    1439.229166668198     
   2.7500000000000021E-002    1451.739583334955     
   2.7500000000000021E-002    1464.260416668380     
   2.7500000000000021E-002    1476.770833335137     
   2.7500000000000021E-002    1489.291666668562     
   2.7500000000000021E-002    1501.802083335320     
   2.7500000000000021E-002    1514.322916668744     
   2.7500000000000021E-002    1526.833333335502     
   2.7500000000000021E-002    1539.343750002259     
   2.7500000000000021E-002    1551.864583335684     
   2.7500000000000021E-002    1564.375000002442     
   2.7500000000000021E-002    1576.895833335866     
   2.7500000000000021E-002    1589.406250002624     
   2.7500000000000021E-002    1601.916666669381     
   2.7500000000000021E-002    1614.437500002806     
   2.7500000000000021E-002    1626.947916669563     
   2.7500000000000021E-002    1639.458333336321     
   2.7500000000000021E-002    1651.979166669746     
   2.7500000000000021E-002    1664.489583336503     
   2.7500000000000021E-002    1677.010416669928     
   2.7500000000000021E-002    1689.520833336685     
   2.7500000000000021E-002    1702.031250003443     
   2.7500000000000021E-002    1714.541666670201     
   2.7500000000000021E-002    1727.062500003625     
   2.7500000000000021E-002    1739.572916670383     
   2.7500000000000021E-002    1752.083333337141     
   2.7500000000000021E-002    1764.604166670565     
   2.7500000000000021E-002    1777.114583337323     
   2.7500000000000021E-002    1789.625000004080     
   2.7500000000000021E-002    1802.145833337505     
   2.7500000000000021E-002    1814.656250004263     
   2.7500000000000021E-002    1827.166666671020     
   2.7500000000000021E-002    1839.677083337778     
   2.7500000000000021E-002    1852.197916671202     
   2.7500000000000021E-002    1864.708333337960     
   2.7500000000000021E-002    1877.218750004718     
   2.7500000000000021E-002    1889.729166671475     
   2.7500000000000021E-002    1902.250000004900     
   2.7500000000000021E-002    1914.760416671658     
   2.7500000000000021E-002    1927.270833338415     
   2.7500000000000021E-002    1939.781250005173     
   2.7500000000000021E-002    1952.291666671931     
   2.7500000000000021E-002    1964.812500005355     
   2.7500000000000021E-002    1977.322916672113     
   2.7500000000000021E-002    1989.833333338870     
   2.7500000000000021E-002    2002.343750005628     
   2.7500000000000021E-002    2014.864583339053     
   2.7500000000000021E-002    2027.375000005810     
   2.7500000000000021E-002    2039.885416672568     
   2.7500000000000021E-002    2052.395833339230     
   2.7500000000000021E-002    2064.906250005714     
   2.7500000000000021E-002    2077.427083338865     
   2.7500000000000021E-002    2089.937500005350     
   2.7500000000000021E-002    2102.447916671835     
   2.7500000000000021E-002    2114.958333338319     
   2.7500000000000021E-002    2127.468750004804     
   2.7500000000000021E-002    2139.989583337955     
   2.7500000000000021E-002    2152.500000004440     
   2.7500000000000021E-002    2165.010416670924     
   2.7500000000000021E-002    2177.520833337409     
   2.7500000000000021E-002    2190.031250003894     
   2.7500000000000021E-002    2202.541666670378     
   2.7500000000000021E-002    2215.062500003529     
   2.7500000000000021E-002    2227.572916670014     
   2.7500000000000021E-002    2240.083333336499     
   2.7500000000000021E-002    2252.593750002983     
   2.7500000000000021E-002    2265.104166669468     
   2.7500000000000021E-002    2277.614583335952     
   2.7500000000000021E-002    2290.135416669104     
   2.7500000000000021E-002    2302.645833335588     
   2.7500000000000021E-002    2315.156250002073     
   2.7500000000000021E-002    2327.666666668557     
   2.7500000000000021E-002    2340.177083335042     
   2.7500000000000021E-002    2352.687500001527     
   2.7500000000000021E-002    2365.208333334678     
   2.7500000000000021E-002    2377.718750001162     
   2.7500000000000021E-002    2390.229166667647     
   2.8000000000000021E-002    1065.447916665478     
   2.8000000000000021E-002    1077.239583332230     
   2.8000000000000021E-002    1089.041666665650     
   2.8000000000000021E-002    1100.843749999069     
   2.8000000000000021E-002    1112.656249999155     
   2.8000000000000021E-002    1124.468749999241     
   2.8000000000000021E-002    1136.291666665993     
   2.8000000000000021E-002    1148.114583332746     
   2.8000000000000021E-002    1159.937499999499     
   2.8000000000000021E-002    1171.770833332918     
   2.8000000000000021E-002    1183.604166666338     
   2.8000000000000021E-002    1195.437499999757     
   2.8000000000000021E-002    1207.270833333177     
   2.8000000000000021E-002    1219.104166666596     
   2.8000000000000021E-002    1230.937500000015     
   2.8000000000000021E-002    1242.781250000102     
   2.8000000000000021E-002    1254.625000000188     
   2.8000000000000021E-002    1266.458333333607     
   2.8000000000000021E-002    1278.302083333693     
   2.8000000000000021E-002    1290.145833333780     
   2.8000000000000021E-002    1301.989583333866     
   2.8000000000000021E-002    1313.833333333952     
   2.8000000000000021E-002    1325.677083334038     
   2.8000000000000021E-002    1337.520833334124     
   2.8000000000000021E-002    1349.364583334210     
   2.8000000000000021E-002    1361.208333334297     
   2.8000000000000021E-002    1373.052083334383     
   2.8000000000000021E-002    1384.895833334469     
   2.8000000000000021E-002    1396.750000001222     
   2.8000000000000021E-002    1408.593750001308     
   2.8000000000000021E-002    1420.437500001394     
   2.8000000000000021E-002    1432.291666668147     
   2.8000000000000021E-002    1444.135416668233     
   2.8000000000000021E-002    1455.979166668320     
   2.8000000000000021E-002    1467.833333335072     
   2.8000000000000021E-002    1479.677083335159     
   2.8000000000000021E-002    1491.531250001912     
   2.8000000000000021E-002    1503.375000001998     
   2.8000000000000021E-002    1515.229166668751     
   2.8000000000000021E-002    1527.083333335504     
   2.8000000000000021E-002    1538.927083335590     
   2.8000000000000021E-002    1550.781250002343     
   2.8000000000000021E-002    1562.625000002429     
   2.8000000000000021E-002    1574.479166669182     
   2.8000000000000021E-002    1586.333333335935     
   2.8000000000000021E-002    1598.177083336021     
   2.8000000000000021E-002    1610.031250002774     
   2.8000000000000021E-002    1621.885416669527     
   2.8000000000000021E-002    1633.739583336280     
   2.8000000000000021E-002    1645.583333336366     
   2.8000000000000021E-002    1657.437500003119     
   2.8000000000000021E-002    1669.291666669872     
   2.8000000000000021E-002    1681.145833336624     
   2.8000000000000021E-002    1692.989583336711     
   2.8000000000000021E-002    1704.843750003464     
   2.8000000000000021E-002    1716.697916670217     
   2.8000000000000021E-002    1728.552083336969     
   2.8000000000000021E-002    1740.406250003722     
   2.8000000000000021E-002    1752.250000003809     
   2.8000000000000021E-002    1764.104166670561     
   2.8000000000000021E-002    1775.958333337314     
   2.8000000000000021E-002    1787.812500004067     
   2.8000000000000021E-002    1799.666666670820     
   2.8000000000000021E-002    1811.520833337573     
   2.8000000000000021E-002    1823.375000004326     
   2.8000000000000021E-002    1835.218750004412     
   2.8000000000000021E-002    1847.072916671165     
   2.8000000000000021E-002    1858.927083337918     
   2.8000000000000021E-002    1870.781250004671     
   2.8000000000000021E-002    1882.635416671424     
   2.8000000000000021E-002    1894.489583338177     
   2.8000000000000021E-002    1906.343750004930     
   2.8000000000000021E-002    1918.197916671683     
   2.8000000000000021E-002    1930.052083338436     
   2.8000000000000021E-002    1941.906250005188     
   2.8000000000000021E-002    1953.760416671941     
   2.8000000000000021E-002    1965.614583338694     
   2.8000000000000021E-002    1977.468750005447     
   2.8000000000000021E-002    1989.322916672200     
   2.8000000000000021E-002    2001.177083338953     
   2.8000000000000021E-002    2013.031250005706     
   2.8000000000000021E-002    2024.885416672459     
   2.8000000000000021E-002    2036.739583339212     
   2.8000000000000021E-002    2048.593750005952     
   2.8000000000000021E-002    2060.447916672446     
   2.8000000000000021E-002    2072.302083338940     
   2.8000000000000021E-002    2084.156250005434     
   2.8000000000000021E-002    2096.010416671928     
   2.8000000000000021E-002    2107.864583338423     
   2.8000000000000021E-002    2119.718750004917     
   2.8000000000000021E-002    2131.572916671411     
   2.8000000000000021E-002    2143.427083337905     
   2.8000000000000021E-002    2155.281250004399     
   2.8000000000000021E-002    2167.135416670893     
   2.8000000000000021E-002    2178.989583337388     
   2.8000000000000021E-002    2190.843750003882     
   2.8000000000000021E-002    2202.697916670376     
   2.8000000000000021E-002    2214.552083336870     
   2.8000000000000021E-002    2226.406250003364     
   2.8000000000000021E-002    2238.260416669858     
   2.8000000000000021E-002    2250.114583336353     
   2.8000000000000021E-002    2261.968750002847     
   2.8000000000000021E-002    2273.822916669341     
   2.8000000000000021E-002    2285.677083335835     
   2.8000000000000021E-002    2297.531250002329     
   2.8000000000000021E-002    2309.385416668823     
   2.8000000000000021E-002    2321.239583335318     
   2.8000000000000021E-002    2333.104166668478     
   2.8500000000000022E-002    1335.656250000777     
   2.8500000000000022E-002    1346.854166667526     
   2.8500000000000022E-002    1358.062500000940     
   2.8500000000000022E-002    1369.281250001022     
   2.8500000000000022E-002    1380.510416667770     
   2.8500000000000022E-002    1391.739583334519     
   2.8500000000000022E-002    1402.979166667934     
   2.8500000000000022E-002    1414.208333334682     
   2.8500000000000022E-002    1425.458333334764     
   2.8500000000000022E-002    1436.697916668179     
   2.8500000000000022E-002    1447.947916668261     
   2.8500000000000022E-002    1459.187500001676     
   2.8500000000000022E-002    1470.437500001758     
   2.8500000000000022E-002    1481.697916668507     
   2.8500000000000022E-002    1492.947916668589     
   2.8500000000000022E-002    1504.197916668670     
   2.8500000000000022E-002    1515.458333335419     
   2.8500000000000022E-002    1526.708333335501     
   2.8500000000000022E-002    1537.968750002249     
   2.8500000000000022E-002    1549.229166668998     
   2.8500000000000022E-002    1560.489583335747     
   2.8500000000000022E-002    1571.750000002495     
   2.8500000000000022E-002    1583.010416669244     
   2.8500000000000022E-002    1594.270833335992     
   2.8500000000000022E-002    1605.531250002741     
   2.8500000000000022E-002    1616.802083336156     
   2.8500000000000022E-002    1628.062500002905     
   2.8500000000000022E-002    1639.322916669654     
   2.8500000000000022E-002    1650.593750003069     
   2.8500000000000022E-002    1661.854166669817     
   2.8500000000000022E-002    1673.125000003233     
   2.8500000000000022E-002    1684.395833336648     
   2.8500000000000022E-002    1695.656250003397     
   2.8500000000000022E-002    1706.927083336812     
   2.8500000000000022E-002    1718.197916670227     
   2.8500000000000022E-002    1729.458333336976     
   2.8500000000000022E-002    1740.729166670391     
   2.8500000000000022E-002    1752.000000003807     
   2.8500000000000022E-002    1763.270833337222     
   2.8500000000000022E-002    1774.541666670637     
   2.8500000000000022E-002    1785.812500004053     
   2.8500000000000022E-002    1797.083333337468     
   2.8500000000000022E-002    1808.354166670883     
   2.8500000000000022E-002    1819.625000004299     
   2.8500000000000022E-002    1830.895833337714     
   2.8500000000000022E-002    1842.166666671129     
   2.8500000000000022E-002    1853.437500004545     
   2.8500000000000022E-002    1864.708333337960     
   2.8500000000000022E-002    1875.979166671375     
   2.8500000000000022E-002    1887.260416671458     
   2.8500000000000022E-002    1898.531250004873     
   2.8500000000000022E-002    1909.802083338288     
   2.8500000000000022E-002    1921.072916671704     
   2.8500000000000022E-002    1932.343750005119     
   2.8500000000000022E-002    1943.625000005201     
   2.8500000000000022E-002    1954.895833338616     
   2.8500000000000022E-002    1966.166666672032     
   2.8500000000000022E-002    1977.447916672114     
   2.8500000000000022E-002    1988.718750005529     
   2.8500000000000022E-002    1999.989583338944     
   2.8500000000000022E-002    2011.270833339026     
   2.8500000000000022E-002    2022.541666672442     
   2.8500000000000022E-002    2033.822916672524     
   2.8500000000000022E-002    2045.093750005939     
   2.8500000000000022E-002    2056.364583339172     
   2.8500000000000022E-002    2067.645833339008     
   2.8500000000000022E-002    2078.916666672177     
   2.8500000000000022E-002    2090.197916672013     
   2.8500000000000022E-002    2101.468750005182     
   2.8500000000000022E-002    2112.750000005018     
   2.8500000000000022E-002    2124.020833338187     
   2.8500000000000022E-002    2135.302083338023     
   2.8500000000000022E-002    2146.572916671193     
   2.8500000000000022E-002    2157.854166671028     
   2.8500000000000022E-002    2169.135416670864     
   2.8500000000000022E-002    2180.406250004034     
   2.8500000000000022E-002    2191.687500003869     
   2.8500000000000022E-002    2202.958333337039     
   2.8500000000000022E-002    2214.239583336875     
   2.8500000000000022E-002    2225.520833336710     
   2.8500000000000022E-002    2236.791666669880     
   2.8500000000000022E-002    2248.072916669716     
   2.8500000000000022E-002    2259.343750002885     
   2.8500000000000022E-002    2270.625000002721     
   2.8500000000000022E-002    2281.906250002557     
   2.9000000000000022E-002    1641.395833336335     
   2.9000000000000022E-002    1652.083333336413     
   2.9000000000000022E-002    1662.770833336491     
   2.9000000000000022E-002    1673.479166669902     
   2.9000000000000022E-002    1684.187500003313     
   2.9000000000000022E-002    1694.895833336725     
   2.9000000000000022E-002    1705.614583336803     
   2.9000000000000022E-002    1716.333333336881     
   2.9000000000000022E-002    1727.062500003625     
   2.9000000000000022E-002    1737.791666670370     
   2.9000000000000022E-002    1748.520833337115     
   2.9000000000000022E-002    1759.250000003859     
   2.9000000000000022E-002    1769.989583337271     
   2.9000000000000022E-002    1780.718750004016     
   2.9000000000000022E-002    1791.458333337427     
   2.9000000000000022E-002    1802.197916670839     
   2.9000000000000022E-002    1812.937500004250     
   2.9000000000000022E-002    1823.677083337662     
   2.9000000000000022E-002    1834.416666671073     
   2.9000000000000022E-002    1845.156250004484     
   2.9000000000000022E-002    1855.906250004563     
   2.9000000000000022E-002    1866.645833337974     
   2.9000000000000022E-002    1877.395833338052     
   2.9000000000000022E-002    1888.135416671464     
   2.9000000000000022E-002    1898.885416671542     
   2.9000000000000022E-002    1909.635416671620     
   2.9000000000000022E-002    1920.385416671699     
   2.9000000000000022E-002    1931.135416671777     
   2.9000000000000022E-002    1941.885416671855     
   2.9000000000000022E-002    1952.635416671933     
   2.9000000000000022E-002    1963.385416672011     
   2.9000000000000022E-002    1974.135416672090     
   2.9000000000000022E-002    1984.885416672168     
   2.9000000000000022E-002    1995.635416672246     
   2.9000000000000022E-002    2006.385416672324     
   2.9000000000000022E-002    2017.145833339069     
   2.9000000000000022E-002    2027.895833339147     
   2.9000000000000022E-002    2038.645833339226     
   2.9000000000000022E-002    2049.406250005940     
   2.9000000000000022E-002    2060.156250005783     
   2.9000000000000022E-002    2070.916666672294     
   2.9000000000000022E-002    2081.666666672137     
   2.9000000000000022E-002    2092.427083338647     
   2.9000000000000022E-002    2103.177083338491     
   2.9000000000000022E-002    2113.937500005001     
   2.9000000000000022E-002    2124.697916671511     
   2.9000000000000022E-002    2135.447916671355     
   2.9000000000000022E-002    2146.208333337865     
   2.9000000000000022E-002    2156.968750004375     
   2.9000000000000022E-002    2167.718750004218     
   2.9000000000000022E-002    2178.479166670728     
   2.9000000000000022E-002    2189.239583337238     
   2.9000000000000022E-002    2200.000000003748     
   2.9000000000000022E-002    2210.760416670259     
   2.9000000000000022E-002    2221.520833336769     
   2.9000000000000022E-002    2232.270833336612     
   2.9000000000000022E-002    2243.031250003122     
   2.9000000000000022E-002    2253.791666669632     
   2.9000000000000022E-002    2264.552083336142     
   2.9000000000000022E-002    2275.312500002653     
   2.9000000000000022E-002    2286.072916669163     
   2.9500000000000023E-002    2027.604166672479     
   2.9500000000000023E-002    2037.822916672553     
   2.9500000000000023E-002    2048.052083339293     
   2.9500000000000023E-002    2058.291666672477     
   2.9500000000000023E-002    2068.541666672328     
   2.9500000000000023E-002    2078.791666672179     
   2.9500000000000023E-002    2089.041666672030     
   2.9500000000000023E-002    2099.302083338547     
   2.9500000000000023E-002    2109.562500005065     
   2.9500000000000023E-002    2119.822916671582     
   2.9500000000000023E-002    2130.093750004766     
   2.9500000000000023E-002    2140.354166671283     
   2.9500000000000023E-002    2150.625000004467     
   2.9500000000000023E-002    2160.895833337651     
   2.9500000000000023E-002    2171.166666670835     
   2.9500000000000023E-002    2181.437500004019     
   2.9500000000000023E-002    2191.718750003869     
   2.9500000000000023E-002    2201.989583337053     
   2.9500000000000023E-002    2212.270833336903     
   2.9500000000000023E-002    2222.541666670087     
   2.9500000000000023E-002    2232.822916669938     
   2.9500000000000023E-002    2243.104166669788     
   2.9500000000000023E-002    2253.375000002972     
   2.9500000000000023E-002    2263.656250002822     
   2.9500000000000023E-002    2273.937500002673     
   2.9500000000000023E-002    2284.218750002523     
   2.9500000000000023E-002    2294.500000002373     
   2.9500000000000023E-002    2304.791666668890     
   2.9500000000000023E-002    2315.072916668741     
   2.9500000000000023E-002    2325.354166668591     
   2.9500000000000023E-002    2335.635416668441     
   2.9500000000000023E-002    2345.927083334958     
   2.9500000000000023E-002    2356.208333334809     
   2.9500000000000023E-002    2366.500000001326     
   2.9500000000000023E-002    2376.781250001176     
   2.9500000000000023E-002    2387.072916667693     
   3.0000000000000023E-002    2562.322916665143     
   3.0000000000000023E-002    2572.124999998333     
   3.0000000000000023E-002    2581.937499998191     
   3.0000000000000023E-002    2591.760416664714     
   3.0000000000000023E-002    2601.572916664571     
   3.0000000000000023E-002    2611.406249997762     
   3.0000000000000023E-002    2621.229166664285     
   3.0000000000000023E-002    2631.062499997476     
   3.0000000000000023E-002    2640.895833330666     
   3.0000000000000023E-002    2650.729166663856     
   3.0500000000000024E-002    3426.145833319239     
   3.0500000000000024E-002    3435.552083319102     
   3.0500000000000024E-002    3444.968749985632     
   3.0500000000000024E-002    3454.385416652161     
   3.0500000000000024E-002    3463.802083318691     
   3.0500000000000024E-002    3473.229166651887     
   3.0500000000000024E-002    3482.656249985083     
   3.0500000000000024E-002    3492.083333318280     
   3.0500000000000024E-002    3501.510416651476     
   3.0500000000000024E-002    3510.937499984672     
   3.0500000000000024E-002    3520.374999984534     
   3.0500000000000024E-002    3529.802083317731     
   3.0500000000000024E-002    3539.239583317593     
   3.1000000000000024E-002    5405.979166680950     
   3.1000000000000024E-002    5414.979166681212     
   3.1000000000000024E-002    5423.989583348141     
   3.1000000000000024E-002    5433.010416681736     
   3.1000000000000024E-002    5442.020833348665     
   3.1000000000000024E-002    5451.041666682261     
   3.1000000000000024E-002    5460.062500015857     
   3.1000000000000024E-002    5469.083333349453     
   3.1000000000000024E-002    5478.114583349716     
   3.1000000000000024E-002    5487.135416683312     
   3.1000000000000024E-002    5496.166666683574     
   3.1000000000000024E-002    5505.187500017170     
   3.1000000000000024E-002    5514.218750017433     
