   4.7000000000000035E-002    795.4999999993415     
   4.7000000000000035E-002    814.6199999993241     
   4.7000000000000035E-002    832.9933333326408     
   4.7000000000000035E-002    850.7333333326246     
   4.7000000000000035E-002    867.8999999992757     
   4.7000000000000035E-002    884.5599999992605     
   4.7000000000000035E-002    900.7866666659124     
   4.7000000000000035E-002    916.6133333325647     
   4.7000000000000035E-002    932.0799999992173     
   4.7000000000000035E-002    947.2133333325369     
   4.7000000000000035E-002    962.0199999991901     
   4.7000000000000035E-002    976.5399999991769     
   4.7000000000000035E-002    990.8066666658306     
   4.7000000000000035E-002    1004.826666665818     
   4.7000000000000035E-002    1018.626666665805     
   4.7000000000000035E-002    1032.219999999126     
   4.7000000000000035E-002    1045.626666665781     
   4.7000000000000035E-002    1058.846666665769     
   4.7000000000000035E-002    1071.906666665757     
   4.7000000000000035E-002    1084.806666665745     
   4.7000000000000035E-002    1097.566666665733     
   4.7000000000000035E-002    1110.193333332389     
   4.7000000000000035E-002    1122.686666665711     
   4.7000000000000035E-002    1135.066666665699     
   4.7000000000000035E-002    1147.339999999022     
   4.7000000000000035E-002    1159.513333332344     
   4.7000000000000035E-002    1171.586666665666     
   4.7000000000000035E-002    1183.579999998989     
   4.7000000000000035E-002    1195.513333332311     
   4.7000000000000035E-002    1207.406666665634     
   4.7000000000000035E-002    1930.013333331643     
   4.7000000000000035E-002    1939.593333331634     
   4.7000000000000035E-002    1949.219999998292     
   4.7000000000000035E-002    1958.859999998283     
   4.7000000000000035E-002    1968.506666664941     
   4.7000000000000035E-002    1978.153333331599     
   4.7000000000000035E-002    1987.799999998257     
   4.7000000000000035E-002    1997.446666664915     
   4.7000000000000035E-002    2007.093333331573     
   4.7000000000000035E-002    2016.733333331564     
   4.7000000000000035E-002    2026.373333331555     
   4.7000000000000035E-002    2036.006666664880     
   4.7000000000000035E-002    2045.639999998205     
   4.7000000000000035E-002    2055.273333331529     
   4.7000000000000035E-002    2064.899999998187     
   4.7000000000000035E-002    2074.526666664845     
   4.7000000000000035E-002    2084.146666664836     
   4.7000000000000035E-002    2093.759999998161     
   4.7000000000000035E-002    2103.379999998152     
   4.7000000000000035E-002    2112.986666664810     
   4.7000000000000035E-002    2122.599999998135     
   4.7000000000000035E-002    2132.199999998126     
   4.7000000000000035E-002    2141.806666664784     
   4.7000000000000035E-002    2151.406666664775     
   4.7000000000000035E-002    2160.999999998100     
   4.7000000000000035E-002    2170.593333331424     
   4.7000000000000035E-002    2180.186666664749     
   4.7000000000000035E-002    2189.773333331407     
   4.7000000000000035E-002    2199.359999998065     
   4.7000000000000035E-002    2208.946666664723     
   4.7000000000000035E-002    2218.526666664714     
   4.7000000000000035E-002    2228.106666664705     
   4.7000000000000035E-002    2237.679999998030     
   4.7000000000000035E-002    2247.253333331354     
   4.7000000000000035E-002    2256.826666664679     
   4.7000000000000035E-002    2266.393333331337     
   4.7000000000000035E-002    2275.966666664662     
   4.7000000000000035E-002    2285.526666664653     
   4.7000000000000035E-002    2295.093333331311     
   4.7000000000000035E-002    2304.653333331302     
   4.7000000000000035E-002    2314.213333331294     
   4.7000000000000035E-002    2323.766666664618     
   4.7000000000000035E-002    2333.326666664610     
   4.7000000000000035E-002    2342.879999997934     
   4.7000000000000035E-002    2352.433333331259     
   4.7000000000000035E-002    2361.979999997917     
   4.7000000000000035E-002    2371.526666664575     
   4.7000000000000035E-002    2381.073333331233     
   4.7000000000000035E-002    2390.619999997891     
   4.7000000000000035E-002    2400.166666664549     
   4.7000000000000035E-002    2409.706666664540     
   4.7000000000000035E-002    2419.246666664531     
   4.7000000000000035E-002    2428.786666664523     
   4.7000000000000035E-002    2438.326666664514     
   4.7000000000000035E-002    2447.859999997839     
   4.7000000000000035E-002    2457.399999997830     
   4.7000000000000035E-002    2466.933333331155     
   4.7000000000000035E-002    2476.466666664479     
   4.7000000000000035E-002    2485.993333331137     
   4.7000000000000035E-002    2495.526666664462     
   4.7000000000000035E-002    2505.053333331120     
   4.7000000000000035E-002    2514.586666664445     
   4.7000000000000035E-002    2524.113333331103     
   4.7000000000000035E-002    2533.639999997761     
   4.7000000000000035E-002    2543.159999997752     
   4.7000000000000035E-002    2552.686666664410     
   4.7000000000000035E-002    2562.206666664401     
   4.7000000000000035E-002    2571.733333331059     
   4.7000000000000035E-002    2581.253333331051     
   4.7000000000000035E-002    2590.773333331042     
   4.7000000000000035E-002    2600.293333331033     
   4.7000000000000035E-002    2609.806666664358     
   4.7000000000000035E-002    2619.326666664349     
   4.7000000000000035E-002    2628.839999997674     
   4.7000000000000035E-002    2638.359999997665     
   4.7000000000000035E-002    2647.873333330990     
   4.7000000000000035E-002    2657.386666664315     
   4.7000000000000035E-002    2666.899999997639     
   4.7000000000000035E-002    2676.413333330964     
   4.7000000000000035E-002    2685.926666664289     
   4.7000000000000035E-002    2695.439999997614     
   4.7000000000000035E-002    2704.946666664272     
   4.7000000000000035E-002    2714.459999997596     
   4.7000000000000035E-002    2723.966666664254     
   4.7000000000000035E-002    2733.479999997579     
   4.7000000000000035E-002    2742.986666664237     
   4.7000000000000035E-002    2752.493333330895     
   4.7000000000000035E-002    2761.999999997553     
   4.7000000000000035E-002    2771.506666664211     
   4.7000000000000035E-002    2781.013333330869     
   4.7000000000000035E-002    2790.519999997527     
   4.7000000000000035E-002    2800.019999997518     
   4.7000000000000035E-002    2809.526666664176     
   4.7000000000000035E-002    2819.033333330834     
   4.7000000000000035E-002    2828.533333330826     
   4.7000000000000035E-002    2838.039999997484     
   4.7000000000000035E-002    2847.539999997475     
   4.7000000000000035E-002    2857.039999997467     
   4.7000000000000035E-002    2866.546666664125     
   4.7000000000000035E-002    2876.046666664116     
   4.7000000000000035E-002    2885.546666664107     
   4.7000000000000035E-002    2895.046666664099     
   4.7000000000000035E-002    2904.546666664090     
   4.7000000000000035E-002    2914.046666664081     
   4.7000000000000035E-002    2923.546666664073     
   4.7000000000000035E-002    2933.046666664064     
   4.7000000000000035E-002    2942.539999997389     
   4.7000000000000035E-002    2952.039999997380     
   4.7000000000000035E-002    2961.539999997372     
   4.7000000000000035E-002    2971.039999997363     
   4.7000000000000035E-002    2980.533333330688     
   4.7000000000000035E-002    2990.033333330679     
   4.7000000000000035E-002    2999.526666664004     
   4.7000000000000035E-002    3009.026666663995     
   4.7000000000000035E-002    3018.519999997320     
   4.7000000000000035E-002    3028.013333330644     
   4.7000000000000035E-002    3037.513333330636     
   4.7000000000000035E-002    3047.006666663960     
   4.7000000000000035E-002    3056.499999997285     
   4.7000000000000035E-002    3065.999999997277     
   4.7000000000000035E-002    3075.493333330601     
   4.7000000000000035E-002    3084.986666663926     
   4.7000000000000035E-002    3094.479999997251     
   4.7000000000000035E-002    3103.973333330575     
   4.7000000000000035E-002    3113.466666663900     
   4.7000000000000035E-002    3122.959999997225     
   4.7000000000000035E-002    3132.453333330549     
   4.7000000000000035E-002    3141.946666663874     
   4.7000000000000035E-002    3151.439999997199     
   4.7000000000000035E-002    3160.933333330524     
   4.7000000000000035E-002    3170.426666663848     
   4.7000000000000035E-002    3179.919999997173     
   4.7000000000000035E-002    3189.406666663831     
   4.7000000000000035E-002    3198.899999997156     
   4.7000000000000035E-002    3208.393333330480     
   4.7000000000000035E-002    3217.886666663805     
   4.7000000000000035E-002    3227.373333330463     
   4.7000000000000035E-002    3236.866666663788     
   4.7000000000000035E-002    3246.359999997112     
   4.7000000000000035E-002    3255.846666663771     
   4.7000000000000035E-002    3265.339999997095     
   4.7000000000000035E-002    3274.826666663753     
   4.7000000000000035E-002    3284.319999997078     
   4.7000000000000035E-002    3293.813333330403     
   4.7000000000000035E-002    3303.299999997061     
   4.7000000000000035E-002    3312.793333330385     
   4.7000000000000035E-002    3322.279999997043     
   4.7000000000000035E-002    3331.773333330368     
   4.7000000000000035E-002    3341.259999997026     
   4.7000000000000035E-002    3350.746666663684     
   4.7000000000000035E-002    3360.239999997009     
   4.7000000000000035E-002    3369.726666663667     
   4.7000000000000035E-002    3379.219999996992     
   4.7000000000000035E-002    3388.706666663650     
   4.7000000000000035E-002    3398.193333330308     
   4.7000000000000035E-002    3407.686666663632     
   4.7000000000000035E-002    3417.173333330290     
   4.7000000000000035E-002    3426.659999996948     
   4.7000000000000035E-002    3436.153333330273     
   4.7000000000000035E-002    3445.639999996931     
   4.7000000000000035E-002    3455.126666663589     
   4.7000000000000035E-002    3464.619999996914     
   4.7000000000000035E-002    3474.106666663572     
   4.7000000000000035E-002    3483.593333330230     
   4.7000000000000035E-002    3493.079999996888     
   4.7000000000000035E-002    3502.566666663546     
   4.7000000000000035E-002    3512.059999996871     
   4.7000000000000035E-002    3521.546666663529     
   4.7000000000000035E-002    3531.033333330187     
   4.7000000000000035E-002    3540.519999996845     
   4.7000000000000035E-002    3550.006666663503     
   4.7000000000000035E-002    3559.493333330161     
   4.7000000000000035E-002    3568.986666663486     
   4.7000000000000035E-002    3578.473333330144     
   4.7000000000000035E-002    3587.959999996802     
   4.7000000000000035E-002    3597.446666663460     
   4.7000000000000035E-002    3606.933333330118     
   4.7000000000000035E-002    3616.419999996776     
   4.7000000000000035E-002    3625.906666663434     
   4.7000000000000035E-002    3635.393333330092     
   4.7000000000000035E-002    3644.879999996750     
   4.7000000000000035E-002    3654.366666663408     
   4.7000000000000035E-002    3663.853333330066     
   4.7000000000000035E-002    3673.339999996724     
   4.7000000000000035E-002    3682.833333330049     
   4.7000000000000035E-002    3692.319999996707     
   4.7000000000000035E-002    3701.806666663365     
   4.7000000000000035E-002    3711.293333330023     
   4.7000000000000035E-002    3720.779999996681     
   4.7000000000000035E-002    3730.266666663339     
   4.7500000000000035E-002    342.3066666664203     
   4.7500000000000035E-002    351.4399999997453     
   4.7500000000000035E-002    360.5733333330704     
   4.7500000000000035E-002    369.7199999997287     
   4.7500000000000035E-002    378.8599999997204     
   4.7500000000000035E-002    388.0066666663787     
   4.7500000000000035E-002    397.1599999997038     
   4.7500000000000035E-002    406.3066666663621     
   4.7500000000000035E-002    415.4533333330205     
   4.7500000000000035E-002    424.5999999996788     
   4.7500000000000035E-002    433.7533333330038     
   4.7500000000000035E-002    442.8999999996622     
   4.7500000000000035E-002    452.0466666663205     
   4.7500000000000035E-002    461.1933333329789     
   4.7500000000000035E-002    470.3399999996372     
   4.7500000000000035E-002    479.4799999996289     
   4.7500000000000035E-002    488.6266666662872     
   4.7500000000000035E-002    497.7733333329456     
   4.7500000000000035E-002    506.9133333329373     
   4.7500000000000035E-002    516.0599999995957     
   4.7500000000000035E-002    525.1999999995874     
   4.7500000000000035E-002    534.3399999995790     
   4.7500000000000035E-002    543.4799999995707     
   4.7500000000000035E-002    552.6199999995624     
   4.7500000000000035E-002    561.7533333328875     
   4.7500000000000035E-002    570.8933333328791     
   4.7500000000000035E-002    580.0333333328708     
   4.7500000000000035E-002    589.1666666661959     
   4.7500000000000035E-002    598.2999999995209     
   4.7500000000000035E-002    607.4333333328459     
   4.7500000000000035E-002    616.5666666661709     
   4.7500000000000035E-002    625.6999999994960     
   4.7500000000000035E-002    634.8333333328210     
   4.7500000000000035E-002    643.9666666661460     
   4.7500000000000035E-002    653.0999999994710     
   4.7500000000000035E-002    662.2266666661294     
   4.7500000000000035E-002    671.3599999994544     
   4.7500000000000035E-002    680.4866666661128     
   4.7500000000000035E-002    689.6133333327712     
   4.7500000000000035E-002    698.7399999994295     
   4.7500000000000035E-002    707.8666666660879     
   4.7500000000000035E-002    716.9933333327463     
   4.7500000000000035E-002    726.1199999994046     
   4.7500000000000035E-002    735.2466666660630     
   4.7500000000000035E-002    744.3666666660547     
   4.7500000000000035E-002    753.4933333327131     
   4.7500000000000035E-002    762.6199999993714     
   4.7500000000000035E-002    771.7399999993631     
   4.7500000000000035E-002    780.8599999993548     
   4.7500000000000035E-002    789.9866666660132     
   4.7500000000000035E-002    799.1066666660049     
   4.7500000000000035E-002    808.2266666659966     
   4.7500000000000035E-002    817.3466666659883     
   4.7500000000000035E-002    826.4666666659800     
   4.7500000000000035E-002    835.5866666659717     
   4.7500000000000035E-002    844.7066666659634     
   4.7500000000000035E-002    853.8266666659551     
   4.7500000000000035E-002    862.9399999992802     
   4.7500000000000035E-002    872.0599999992719     
   4.7500000000000035E-002    881.1799999992636     
   4.7500000000000035E-002    890.2933333325886     
   4.7500000000000035E-002    899.4133333325804     
   4.7500000000000035E-002    908.5266666659054     
   4.7500000000000035E-002    917.6399999992304     
   4.7500000000000035E-002    926.7599999992221     
   4.7500000000000035E-002    935.8733333325472     
   4.7500000000000035E-002    944.9866666658722     
   4.7500000000000035E-002    954.0999999991973     
   4.7500000000000035E-002    963.2199999991890     
   4.7500000000000035E-002    972.3333333325140     
   4.7500000000000035E-002    981.4466666658391     
   4.7500000000000035E-002    990.5599999991641     
   4.7500000000000035E-002    999.6733333324892     
   4.7500000000000035E-002    1008.779999999148     
   4.7500000000000035E-002    1017.893333332473     
   4.7500000000000035E-002    1027.006666665798     
   4.7500000000000035E-002    1036.119999999123     
   4.7500000000000035E-002    1045.233333332448     
   4.7500000000000035E-002    1054.339999999106     
   4.7500000000000035E-002    1063.453333332431     
   4.7500000000000035E-002    1072.566666665756     
   4.7500000000000035E-002    1081.673333332415     
   4.7500000000000035E-002    1090.786666665740     
   4.7500000000000035E-002    1099.893333332398     
   4.7500000000000035E-002    1109.006666665723     
   4.7500000000000035E-002    1118.113333332381     
   4.7500000000000035E-002    1127.226666665706     
   4.7500000000000035E-002    1136.333333332365     
   4.7500000000000035E-002    1145.446666665690     
   4.7500000000000035E-002    1154.553333332348     
   4.7500000000000035E-002    1163.659999999007     
   4.7500000000000035E-002    1172.773333332332     
   4.7500000000000035E-002    1181.879999998990     
   4.7500000000000035E-002    1190.986666665648     
   4.7500000000000035E-002    1200.093333332307     
   4.7500000000000035E-002    1209.206666665632     
   4.7500000000000035E-002    1218.313333332290     
   4.7500000000000035E-002    1227.419999998949     
   4.7500000000000035E-002    1236.526666665607     
   4.7500000000000035E-002    1245.633333332265     
   4.7500000000000035E-002    1254.739999998924     
   4.7500000000000035E-002    1263.846666665582     
   4.7500000000000035E-002    1272.953333332241     
   4.7500000000000035E-002    1282.059999998899     
   4.7500000000000035E-002    1291.166666665557     
   4.7500000000000035E-002    1300.273333332216     
   4.7500000000000035E-002    1309.379999998874     
   4.7500000000000035E-002    1318.486666665533     
   4.7500000000000035E-002    1327.593333332191     
   4.7500000000000035E-002    1336.699999998849     
   4.7500000000000035E-002    1345.806666665508     
   4.7500000000000035E-002    1354.913333332166     
   4.7500000000000035E-002    1364.019999998824     
   4.7500000000000035E-002    1373.126666665483     
   4.7500000000000035E-002    1382.226666665475     
   4.7500000000000035E-002    1391.333333332133     
   4.7500000000000035E-002    1400.439999998791     
   4.7500000000000035E-002    1409.546666665450     
   4.7500000000000035E-002    1418.653333332108     
   4.7500000000000035E-002    1427.753333332100     
   4.7500000000000035E-002    1436.859999998758     
   4.7500000000000035E-002    1445.966666665417     
   4.7500000000000035E-002    1455.073333332075     
   4.7500000000000035E-002    1464.173333332067     
   4.7500000000000035E-002    1473.279999998725     
   4.7500000000000035E-002    1482.386666665383     
   4.7500000000000035E-002    1491.486666665375     
   4.7500000000000035E-002    1500.593333332034     
   4.7500000000000035E-002    1509.699999998692     
   4.7500000000000035E-002    1518.799999998684     
   4.7500000000000035E-002    1527.906666665342     
   4.7500000000000035E-002    1537.013333332000     
   4.7500000000000035E-002    1546.113333331992     
   4.7500000000000035E-002    1555.219999998651     
   4.7500000000000035E-002    1564.326666665309     
   4.7500000000000035E-002    1573.426666665301     
   4.7500000000000035E-002    1582.533333331959     
   4.7500000000000035E-002    1591.633333331951     
   4.7500000000000035E-002    1600.739999998609     
   4.7500000000000035E-002    1609.839999998601     
   4.7500000000000035E-002    1618.946666665259     
   4.7500000000000035E-002    1628.053333331918     
   4.7500000000000035E-002    1637.153333331909     
   4.7500000000000035E-002    1646.259999998568     
   4.7500000000000035E-002    1655.359999998559     
   4.7500000000000035E-002    1664.466666665218     
   4.7500000000000035E-002    1673.566666665210     
   4.7500000000000035E-002    1682.673333331868     
   4.7500000000000035E-002    1691.773333331860     
   4.7500000000000035E-002    1700.879999998518     
   4.7500000000000035E-002    1709.979999998510     
   4.7500000000000035E-002    1719.086666665168     
   4.7500000000000035E-002    1728.186666665160     
   4.7500000000000035E-002    1737.293333331818     
   4.7500000000000035E-002    1746.393333331810     
   4.7500000000000035E-002    1755.499999998468     
   4.7500000000000035E-002    1764.599999998460     
   4.7500000000000035E-002    1773.699999998452     
   4.7500000000000035E-002    1782.806666665110     
   4.7500000000000035E-002    1791.906666665102     
   4.7500000000000035E-002    1801.013333331760     
   4.7500000000000035E-002    1810.113333331752     
   4.7500000000000035E-002    1819.219999998410     
   4.7500000000000035E-002    1828.319999998402     
   4.7500000000000035E-002    1837.419999998394     
   4.7500000000000035E-002    1846.526666665052     
   4.7500000000000035E-002    1855.626666665044     
   4.7500000000000035E-002    1864.733333331702     
   4.7500000000000035E-002    1873.833333331694     
   4.7500000000000035E-002    1882.933333331686     
   4.7500000000000035E-002    1892.039999998344     
   4.7500000000000035E-002    1901.139999998336     
   4.7500000000000035E-002    1910.246666664994     
   4.7500000000000035E-002    1919.346666664986     
   4.7500000000000035E-002    1928.446666664978     
   4.7500000000000035E-002    1937.553333331636     
   4.7500000000000035E-002    1946.653333331628     
   4.7500000000000035E-002    1955.759999998286     
   4.7500000000000035E-002    1964.859999998278     
   4.7500000000000035E-002    1973.959999998270     
   4.7500000000000035E-002    1983.066666664928     
   4.7500000000000035E-002    1992.166666664920     
   4.8000000000000036E-002    518.4199999995935     
   4.8000000000000036E-002    527.1666666662522     
   4.8000000000000036E-002    535.9199999995776     
   4.8000000000000036E-002    544.6799999995696     
   4.8000000000000036E-002    553.4399999995617     
   4.8000000000000036E-002    562.1999999995537     
   4.8000000000000036E-002    570.9666666662124     
   4.8000000000000036E-002    579.7333333328711     
   4.8000000000000036E-002    588.4999999995298     
   4.8000000000000036E-002    597.2666666661885     
   4.8000000000000036E-002    606.0399999995138     
   4.8000000000000036E-002    614.8066666661725     
   4.8000000000000036E-002    623.5799999994979     
   4.8000000000000036E-002    632.3466666661566     
   4.8000000000000036E-002    641.1199999994819     
   4.8000000000000036E-002    649.8933333328073     
   4.8000000000000036E-002    658.6599999994660     
   4.8000000000000036E-002    667.4333333327913     
   4.8000000000000036E-002    676.2066666661167     
   4.8000000000000036E-002    684.9799999994420     
   4.8000000000000036E-002    693.7466666661007     
   4.8000000000000036E-002    702.5199999994261     
   4.8000000000000036E-002    711.2933333327514     
   4.8000000000000036E-002    720.0666666660768     
   4.8000000000000036E-002    728.8333333327355     
   4.8000000000000036E-002    737.6066666660608     
   4.8000000000000036E-002    746.3799999993862     
   4.8000000000000036E-002    755.1466666660449     
   4.8000000000000036E-002    763.9199999993702     
   4.8000000000000036E-002    772.6933333326956     
   4.8000000000000036E-002    781.4599999993543     
   4.8000000000000036E-002    790.2333333326796     
   4.8000000000000036E-002    798.9999999993383     
   4.8000000000000036E-002    807.7733333326637     
   4.8000000000000036E-002    816.5399999993224     
   4.8000000000000036E-002    825.3133333326477     
   4.8000000000000036E-002    834.0799999993064     
   4.8000000000000036E-002    842.8533333326318     
   4.8000000000000036E-002    851.6199999992905     
   4.8000000000000036E-002    860.3866666659492     
   4.8000000000000036E-002    869.1599999992745     
   4.8000000000000036E-002    877.9266666659332     
   4.8000000000000036E-002    886.6933333325919     
   4.8000000000000036E-002    895.4666666659173     
   4.8000000000000036E-002    904.2333333325760     
   4.8000000000000036E-002    912.9999999992347     
   4.8000000000000036E-002    921.7666666658934     
   4.8000000000000036E-002    930.5399999992187     
   4.8000000000000036E-002    939.3066666658774     
   4.8000000000000036E-002    948.0733333325361     
   4.8000000000000036E-002    956.8399999991948     
   4.8000000000000036E-002    965.6066666658535     
   4.8000000000000036E-002    974.3733333325122     
   4.8000000000000036E-002    983.1399999991709     
   4.8000000000000036E-002    991.9066666658296     
   4.8000000000000036E-002    1000.673333332488     
   4.8000000000000036E-002    1009.439999999147     
   4.8000000000000036E-002    1018.206666665806     
   4.8000000000000036E-002    1026.973333332464     
   4.8000000000000036E-002    1035.739999999123     
   4.8000000000000036E-002    1044.506666665782     
   4.8000000000000036E-002    1053.273333332440     
   4.8000000000000036E-002    1062.039999999099     
   4.8000000000000036E-002    1070.806666665758     
   4.8000000000000036E-002    1079.573333332416     
   4.8000000000000036E-002    1088.339999999075     
   4.8000000000000036E-002    1097.099999999067     
   4.8000000000000036E-002    1105.866666665726     
   4.8000000000000036E-002    1114.633333332385     
   4.8000000000000036E-002    1123.399999999043     
   4.8000000000000036E-002    1132.166666665702     
   4.8000000000000036E-002    1140.926666665694     
   4.8000000000000036E-002    1149.693333332353     
   4.8000000000000036E-002    1158.459999999011     
   4.8000000000000036E-002    1167.226666665670     
   4.8000000000000036E-002    1175.986666665662     
   4.8000000000000036E-002    1184.753333332321     
   4.8000000000000036E-002    1193.519999998980     
   4.8000000000000036E-002    1202.279999998972     
   4.8000000000000036E-002    1211.046666665630     
   4.8000000000000036E-002    1219.813333332289     
   4.8000000000000036E-002    1228.573333332281     
   4.8000000000000036E-002    1237.339999998940     
   4.8000000000000036E-002    1246.106666665598     
   4.8000000000000036E-002    1254.866666665590     
   4.8000000000000036E-002    1263.633333332249     
   4.8000000000000036E-002    1272.399999998908     
   4.8000000000000036E-002    1281.159999998900     
   4.8000000000000036E-002    1289.926666665559     
   4.8000000000000036E-002    1298.686666665551     
   4.8000000000000036E-002    1307.453333332209     
   4.8000000000000036E-002    1316.213333332201     
   4.8000000000000036E-002    1324.979999998860     
   4.8000000000000036E-002    1333.739999998852     
   4.8000000000000036E-002    1342.506666665511     
   4.8000000000000036E-002    1351.273333332169     
   4.8000000000000036E-002    1360.033333332161     
   4.8000000000000036E-002    1368.799999998820     
   4.8000000000000036E-002    1377.559999998812     
   4.8000000000000036E-002    1386.326666665471     
   4.8000000000000036E-002    1395.086666665463     
   4.8000000000000036E-002    1403.846666665455     
   4.8000000000000036E-002    1412.613333332114     
   4.8000000000000036E-002    1421.373333332106     
   4.8000000000000036E-002    1430.139999998764     
   4.8000000000000036E-002    1438.899999998756     
   4.8000000000000036E-002    1447.666666665415     
   4.8000000000000036E-002    1456.426666665407     
   4.8000000000000036E-002    1465.193333332066     
   4.8000000000000036E-002    1473.953333332058     
   4.8000000000000036E-002    1482.719999998717     
   4.8000000000000036E-002    1491.479999998709     
   4.8000000000000036E-002    1500.239999998701     
   4.8000000000000036E-002    1509.006666665359     
   4.8000000000000036E-002    1517.766666665351     
   4.8000000000000036E-002    1526.533333332010     
   4.8000000000000036E-002    1535.293333332002     
   4.8000000000000036E-002    1544.053333331994     
   4.8000000000000036E-002    1552.819999998653     
   4.8000000000000036E-002    1561.579999998645     
   4.8000000000000036E-002    1570.339999998637     
   4.8000000000000036E-002    1579.106666665296     
   4.8000000000000036E-002    1587.866666665288     
   4.8000000000000036E-002    1596.633333331946     
   4.8000000000000036E-002    1605.393333331938     
   4.8000000000000036E-002    1614.153333331930     
   4.8000000000000036E-002    1622.919999998589     
   4.8000000000000036E-002    1631.679999998581     
   4.8000000000000036E-002    1640.439999998573     
   4.8000000000000036E-002    1649.206666665232     
   4.8000000000000036E-002    1657.966666665224     
   4.8000000000000036E-002    1666.726666665216     
   4.8000000000000036E-002    1675.493333331875     
   4.8000000000000036E-002    1684.253333331867     
   4.8000000000000036E-002    1693.013333331859     
   4.8000000000000036E-002    1701.779999998517     
   4.8000000000000036E-002    1710.539999998509     
   4.8000000000000036E-002    1719.299999998501     
   4.8000000000000036E-002    1728.066666665160     
   4.8000000000000036E-002    1736.826666665152     
   4.8000000000000036E-002    1745.586666665144     
   4.8000000000000036E-002    1754.353333331803     
   4.8000000000000036E-002    1763.113333331795     
   4.8000000000000036E-002    1771.873333331787     
   4.8000000000000036E-002    1780.639999998446     
   4.8000000000000036E-002    1789.399999998438     
   4.8000000000000036E-002    1798.159999998430     
   4.8000000000000036E-002    1806.919999998422     
   4.8000000000000036E-002    1815.686666665080     
   4.8000000000000036E-002    1824.446666665072     
   4.8000000000000036E-002    1833.206666665064     
   4.8000000000000036E-002    1841.973333331723     
   4.8000000000000036E-002    1850.733333331715     
   4.8000000000000036E-002    1859.493333331707     
   4.8000000000000036E-002    1868.253333331699     
   4.8000000000000036E-002    1877.019999998358     
   4.8000000000000036E-002    1885.779999998350     
   4.8000000000000036E-002    1894.539999998342     
   4.8500000000000036E-002    671.7066666661208     
   4.8500000000000036E-002    680.1266666661131     
   4.8500000000000036E-002    688.5466666661055     
   4.8500000000000036E-002    696.9733333327645     
   4.8500000000000036E-002    705.4066666660901     
   4.8500000000000036E-002    713.8399999994158     
   4.8500000000000036E-002    722.2799999994081     
   4.8500000000000036E-002    730.7199999994004     
   4.8500000000000036E-002    739.1666666660594     
   4.8500000000000036E-002    747.6066666660518     
   4.8500000000000036E-002    756.0533333327107     
   4.8500000000000036E-002    764.4999999993697     
   4.8500000000000036E-002    772.9466666660287     
   4.8500000000000036E-002    781.3933333326877     
   4.8500000000000036E-002    789.8399999993467     
   4.8500000000000036E-002    798.2933333326723     
   4.8500000000000036E-002    806.7399999993313     
   4.8500000000000036E-002    815.1933333326569     
   4.8500000000000036E-002    823.6466666659826     
   4.8500000000000036E-002    832.0933333326416     
   4.8500000000000036E-002    840.5466666659672     
   4.8500000000000036E-002    848.9999999992929     
   4.8500000000000036E-002    857.4533333326185     
   4.8500000000000036E-002    865.9066666659442     
   4.8500000000000036E-002    874.3599999992698     
   4.8500000000000036E-002    882.8133333325954     
   4.8500000000000036E-002    891.2666666659211     
   4.8500000000000036E-002    899.7199999992467     
   4.8500000000000036E-002    908.1733333325724     
   4.8500000000000036E-002    916.6266666658980     
   4.8500000000000036E-002    925.0799999992237     
   4.8500000000000036E-002    933.5333333325493     
   4.8500000000000036E-002    941.9866666658750     
   4.8500000000000036E-002    950.4399999992006     
   4.8500000000000036E-002    958.8999999991929     
   4.8500000000000036E-002    967.3533333325186     
   4.8500000000000036E-002    975.8066666658442     
   4.8500000000000036E-002    984.2599999991698     
   4.8500000000000036E-002    992.7133333324955     
   4.8500000000000036E-002    1001.173333332488     
   4.8500000000000036E-002    1009.626666665813     
   4.8500000000000036E-002    1018.079999999139     
   4.8500000000000036E-002    1026.533333332465     
   4.8500000000000036E-002    1034.993333332457     
   4.8500000000000036E-002    1043.446666665783     
   4.8500000000000036E-002    1051.899999999108     
   4.8500000000000036E-002    1060.359999999101     
   4.8500000000000036E-002    1068.813333332426     
   4.8500000000000036E-002    1077.266666665752     
   4.8500000000000036E-002    1085.719999999078     
   4.8500000000000036E-002    1094.179999999070     
   4.8500000000000036E-002    1102.633333332396     
   4.8500000000000036E-002    1111.086666665721     
   4.8500000000000036E-002    1119.546666665713     
   4.8500000000000036E-002    1127.999999999039     
   4.8500000000000036E-002    1136.453333332365     
   4.8500000000000036E-002    1144.913333332357     
   4.8500000000000036E-002    1153.366666665683     
   4.8500000000000036E-002    1161.819999999008     
   4.8500000000000036E-002    1170.273333332334     
   4.8500000000000036E-002    1178.733333332326     
   4.8500000000000036E-002    1187.186666665652     
   4.8500000000000036E-002    1195.639999998978     
   4.8500000000000036E-002    1204.099999998970     
   4.8500000000000036E-002    1212.553333332296     
   4.8500000000000036E-002    1221.006666665621     
   4.8500000000000036E-002    1229.466666665614     
   4.8500000000000036E-002    1237.919999998939     
   4.8500000000000036E-002    1246.373333332265     
   4.8500000000000036E-002    1254.833333332257     
   4.8500000000000036E-002    1263.286666665583     
   4.8500000000000036E-002    1271.739999998908     
   4.8500000000000036E-002    1280.199999998901     
   4.8500000000000036E-002    1288.653333332226     
   4.8500000000000036E-002    1297.106666665552     
   4.8500000000000036E-002    1305.566666665544     
   4.8500000000000036E-002    1314.019999998870     
   4.8500000000000036E-002    1322.473333332196     
   4.8500000000000036E-002    1330.933333332188     
   4.8500000000000036E-002    1339.386666665514     
   4.8500000000000036E-002    1347.839999998839     
   4.8500000000000036E-002    1356.299999998831     
   4.8500000000000036E-002    1364.753333332157     
   4.8500000000000036E-002    1373.206666665483     
   4.8500000000000036E-002    1381.666666665475     
   4.8500000000000036E-002    1390.119999998801     
   4.8500000000000036E-002    1398.579999998793     
   4.8500000000000036E-002    1407.033333332119     
   4.8500000000000036E-002    1415.486666665444     
   4.8500000000000036E-002    1423.946666665437     
   4.8500000000000036E-002    1432.399999998762     
   4.8500000000000036E-002    1440.853333332088     
   4.8500000000000036E-002    1449.313333332080     
   4.8500000000000036E-002    1457.766666665406     
   4.8500000000000036E-002    1466.219999998732     
   4.8500000000000036E-002    1474.679999998724     
   4.8500000000000036E-002    1483.133333332049     
   4.8500000000000036E-002    1491.586666665375     
   4.8500000000000036E-002    1500.046666665367     
   4.8500000000000036E-002    1508.499999998693     
   4.8500000000000036E-002    1516.953333332019     
   4.8500000000000036E-002    1525.413333332011     
   4.8500000000000036E-002    1533.866666665337     
   4.8500000000000036E-002    1542.319999998662     
   4.8500000000000036E-002    1550.779999998655     
   4.8500000000000036E-002    1559.233333331980     
   4.8500000000000036E-002    1567.686666665306     
   4.8500000000000036E-002    1576.146666665298     
   4.8500000000000036E-002    1584.599999998624     
   4.8500000000000036E-002    1593.053333331949     
   4.8500000000000036E-002    1601.513333331942     
   4.8500000000000036E-002    1609.966666665267     
   4.8500000000000036E-002    1618.419999998593     
   4.8500000000000036E-002    1626.879999998585     
   4.8500000000000036E-002    1635.333333331911     
   4.8500000000000036E-002    1643.793333331903     
   4.8500000000000036E-002    1652.246666665229     
   4.8500000000000036E-002    1660.699999998555     
   4.8500000000000036E-002    1669.159999998547     
   4.8500000000000036E-002    1677.613333331873     
   4.8500000000000036E-002    1686.066666665198     
   4.8500000000000036E-002    1694.526666665191     
   4.8500000000000036E-002    1702.979999998516     
   4.8500000000000036E-002    1711.433333331842     
   4.8500000000000036E-002    1719.893333331834     
   4.8500000000000036E-002    1728.346666665160     
   4.8500000000000036E-002    1736.799999998485     
   4.8500000000000036E-002    1745.259999998478     
   4.8500000000000036E-002    1753.713333331803     
   4.8500000000000036E-002    1762.166666665129     
   4.8500000000000036E-002    1770.626666665121     
   4.8500000000000036E-002    1779.079999998447     
   4.8500000000000036E-002    1787.533333331773     
   4.8500000000000036E-002    1795.993333331765     
   4.8500000000000036E-002    1804.446666665091     
   4.8500000000000036E-002    1812.906666665083     
   4.8500000000000036E-002    1821.359999998409     
   4.8500000000000036E-002    1829.813333331734     
   4.8500000000000036E-002    1838.273333331726     
   4.8500000000000036E-002    1846.726666665052     
   4.8500000000000036E-002    1855.179999998378     
   4.8500000000000036E-002    1863.639999998370     
   4.9000000000000037E-002    831.7333333326419     
   4.9000000000000037E-002    839.8599999993012     
   4.9000000000000037E-002    847.9999999992938     
   4.9000000000000037E-002    856.1466666659530     
   4.9000000000000037E-002    864.2933333326123     
   4.9000000000000037E-002    872.4399999992715     
   4.9000000000000037E-002    880.5933333325975     
   4.9000000000000037E-002    888.7466666659234     
   4.9000000000000037E-002    896.9066666659160     
   4.9000000000000037E-002    905.0599999992419     
   4.9000000000000037E-002    913.2199999992345     
   4.9000000000000037E-002    921.3799999992270     
   4.9000000000000037E-002    929.5466666658863     
   4.9000000000000037E-002    937.7066666658789     
   4.9000000000000037E-002    945.8733333325381     
   4.9000000000000037E-002    954.0333333325307     
   4.9000000000000037E-002    962.1999999991899     
   4.9000000000000037E-002    970.3666666658492     
   4.9000000000000037E-002    978.5333333325084     
   4.9000000000000037E-002    986.6999999991676     
   4.9000000000000037E-002    994.8666666658269     
   4.9000000000000037E-002    1003.033333332486     
   4.9000000000000037E-002    1011.199999999145     
   4.9000000000000037E-002    1019.373333332471     
   4.9000000000000037E-002    1027.539999999130     
   4.9000000000000037E-002    1035.713333332456     
   4.9000000000000037E-002    1043.879999999116     
   4.9000000000000037E-002    1052.053333332442     
   4.9000000000000037E-002    1060.219999999101     
   4.9000000000000037E-002    1068.393333332427     
   4.9000000000000037E-002    1076.559999999086     
   4.9000000000000037E-002    1084.733333332412     
   4.9000000000000037E-002    1092.906666665738     
   4.9000000000000037E-002    1101.073333332397     
   4.9000000000000037E-002    1109.246666665723     
   4.9000000000000037E-002    1117.419999999049     
   4.9000000000000037E-002    1125.593333332375     
   4.9000000000000037E-002    1133.766666665701     
   4.9000000000000037E-002    1141.939999999026     
   4.9000000000000037E-002    1150.113333332352     
   4.9000000000000037E-002    1158.286666665678     
   4.9000000000000037E-002    1166.453333332337     
   4.9000000000000037E-002    1174.626666665663     
   4.9000000000000037E-002    1182.799999998989     
   4.9000000000000037E-002    1190.973333332315     
   4.9000000000000037E-002    1199.153333332308     
   4.9000000000000037E-002    1207.326666665634     
   4.9000000000000037E-002    1215.499999998960     
   4.9000000000000037E-002    1223.673333332285     
   4.9000000000000037E-002    1231.846666665611     
   4.9000000000000037E-002    1240.019999998937     
   4.9000000000000037E-002    1248.193333332263     
   4.9000000000000037E-002    1256.366666665589     
   4.9000000000000037E-002    1264.539999998915     
   4.9000000000000037E-002    1272.719999998907     
   4.9000000000000037E-002    1280.893333332233     
   4.9000000000000037E-002    1289.066666665559     
   4.9000000000000037E-002    1297.239999998885     
   4.9000000000000037E-002    1305.419999998878     
   4.9000000000000037E-002    1313.593333332204     
   4.9000000000000037E-002    1321.766666665530     
   4.9000000000000037E-002    1329.939999998855     
   4.9000000000000037E-002    1338.119999998848     
   4.9000000000000037E-002    1346.293333332174     
   4.9000000000000037E-002    1354.466666665500     
   4.9000000000000037E-002    1362.646666665492     
   4.9000000000000037E-002    1370.819999998818     
   4.9000000000000037E-002    1378.993333332144     
   4.9000000000000037E-002    1387.166666665470     
   4.9000000000000037E-002    1395.346666665463     
   4.9000000000000037E-002    1403.519999998789     
   4.9000000000000037E-002    1411.699999998781     
   4.9000000000000037E-002    1419.873333332107     
   4.9000000000000037E-002    1428.046666665433     
   4.9000000000000037E-002    1436.226666665425     
   4.9000000000000037E-002    1444.399999998751     
   4.9000000000000037E-002    1452.579999998744     
   4.9000000000000037E-002    1460.753333332070     
   4.9000000000000037E-002    1468.926666665396     
   4.9000000000000037E-002    1477.106666665388     
   4.9000000000000037E-002    1485.279999998714     
   4.9000000000000037E-002    1493.459999998707     
   4.9000000000000037E-002    1501.633333332033     
   4.9000000000000037E-002    1509.813333332025     
   4.9000000000000037E-002    1517.986666665351     
   4.9000000000000037E-002    1526.159999998677     
   4.9000000000000037E-002    1534.339999998670     
   4.9000000000000037E-002    1542.513333331995     
   4.9000000000000037E-002    1550.693333331988     
   4.9000000000000037E-002    1558.866666665314     
   4.9000000000000037E-002    1567.046666665306     
   4.9000000000000037E-002    1575.219999998632     
   4.9000000000000037E-002    1583.399999998625     
   4.9000000000000037E-002    1591.573333331951     
   4.9000000000000037E-002    1599.753333331943     
   4.9000000000000037E-002    1607.926666665269     
   4.9000000000000037E-002    1616.106666665262     
   4.9000000000000037E-002    1624.279999998588     
   4.9000000000000037E-002    1632.459999998580     
   4.9000000000000037E-002    1640.633333331906     
   4.9000000000000037E-002    1648.813333331899     
   4.9000000000000037E-002    1656.986666665225     
   4.9000000000000037E-002    1665.166666665217     
   4.9000000000000037E-002    1673.346666665210     
   4.9000000000000037E-002    1681.519999998536     
   4.9000000000000037E-002    1689.699999998528     
   4.9000000000000037E-002    1697.873333331854     
   4.9000000000000037E-002    1706.053333331847     
   4.9000000000000037E-002    1714.226666665173     
   4.9000000000000037E-002    1722.406666665165     
   4.9000000000000037E-002    1730.579999998491     
   4.9000000000000037E-002    1738.759999998484     
   4.9000000000000037E-002    1746.939999998476     
   4.9000000000000037E-002    1755.113333331802     
   4.9000000000000037E-002    1763.293333331795     
   4.9000000000000037E-002    1771.466666665121     
   4.9000000000000037E-002    1779.646666665113     
   4.9000000000000037E-002    1787.819999998439     
   4.9000000000000037E-002    1795.999999998432     
   4.9000000000000037E-002    1804.179999998424     
   4.9000000000000037E-002    1812.353333331750     
   4.9000000000000037E-002    1820.533333331743     
   4.9000000000000037E-002    1828.706666665068     
   4.9500000000000037E-002    994.3266666658274     
   4.9500000000000037E-002    1002.199999999154     
   4.9500000000000037E-002    1010.073333332480     
   4.9500000000000037E-002    1017.959999999139     
   4.9500000000000037E-002    1025.846666665799     
   4.9500000000000037E-002    1033.739999999125     
   4.9500000000000037E-002    1041.633333332451     
   4.9500000000000037E-002    1049.526666665777     
   4.9500000000000037E-002    1057.426666665770     
   4.9500000000000037E-002    1065.326666665763     
   4.9500000000000037E-002    1073.226666665756     
   4.9500000000000037E-002    1081.126666665748     
   4.9500000000000037E-002    1089.033333332408     
   4.9500000000000037E-002    1096.933333332401     
   4.9500000000000037E-002    1104.839999999060     
   4.9500000000000037E-002    1112.746666665720     
   4.9500000000000037E-002    1120.653333332379     
   4.9500000000000037E-002    1128.559999999039     
   4.9500000000000037E-002    1136.466666665698     
   4.9500000000000037E-002    1144.373333332358     
   4.9500000000000037E-002    1152.286666665684     
   4.9500000000000037E-002    1160.193333332343     
   4.9500000000000037E-002    1168.106666665669     
   4.9500000000000037E-002    1176.013333332329     
   4.9500000000000037E-002    1183.926666665655     
   4.9500000000000037E-002    1191.839999998981     
   4.9500000000000037E-002    1199.746666665641     
   4.9500000000000037E-002    1207.659999998967     
   4.9500000000000037E-002    1215.573333332293     
   4.9500000000000037E-002    1223.486666665619     
   4.9500000000000037E-002    1231.399999998945     
   4.9500000000000037E-002    1239.313333332271     
   4.9500000000000037E-002    1247.226666665597     
   4.9500000000000037E-002    1255.139999998923     
   4.9500000000000037E-002    1263.053333332250     
   4.9500000000000037E-002    1270.973333332242     
   4.9500000000000037E-002    1278.886666665569     
   4.9500000000000037E-002    1286.799999998895     
   4.9500000000000037E-002    1294.713333332221     
   4.9500000000000037E-002    1302.633333332214     
   4.9500000000000037E-002    1310.546666665540     
   4.9500000000000037E-002    1318.466666665533     
   4.9500000000000037E-002    1326.379999998859     
   4.9500000000000037E-002    1334.293333332185     
   4.9500000000000037E-002    1342.213333332178     
   4.9500000000000037E-002    1350.126666665504     
   4.9500000000000037E-002    1358.046666665497     
   4.9500000000000037E-002    1365.966666665489     
   4.9500000000000037E-002    1373.879999998815     
   4.9500000000000037E-002    1381.799999998808     
   4.9500000000000037E-002    1389.713333332134     
   4.9500000000000037E-002    1397.633333332127     
   4.9500000000000037E-002    1405.553333332120     
   4.9500000000000037E-002    1413.466666665446     
   4.9500000000000037E-002    1421.386666665439     
   4.9500000000000037E-002    1429.306666665432     
   4.9500000000000037E-002    1437.226666665425     
   4.9500000000000037E-002    1445.139999998751     
   4.9500000000000037E-002    1453.059999998743     
   4.9500000000000037E-002    1460.979999998736     
   4.9500000000000037E-002    1468.899999998729     
   4.9500000000000037E-002    1476.813333332055     
   4.9500000000000037E-002    1484.733333332048     
   4.9500000000000037E-002    1492.653333332041     
   4.9500000000000037E-002    1500.573333332034     
   4.9500000000000037E-002    1508.493333332026     
   4.9500000000000037E-002    1516.413333332019     
   4.9500000000000037E-002    1524.333333332012     
   4.9500000000000037E-002    1532.253333332005     
   4.9500000000000037E-002    1540.173333331998     
   4.9500000000000037E-002    1548.093333331990     
   4.9500000000000037E-002    1556.013333331983     
   4.9500000000000037E-002    1563.926666665309     
   4.9500000000000037E-002    1571.846666665302     
   4.9500000000000037E-002    1579.766666665295     
   4.9500000000000037E-002    1587.686666665288     
   4.9500000000000037E-002    1595.606666665280     
   4.9500000000000037E-002    1603.533333331940     
   4.9500000000000037E-002    1611.453333331933     
   4.9500000000000037E-002    1619.373333331926     
   4.9500000000000037E-002    1627.293333331918     
   4.9500000000000037E-002    1635.213333331911     
   4.9500000000000037E-002    1643.133333331904     
   4.9500000000000037E-002    1651.053333331897     
   4.9500000000000037E-002    1658.973333331890     
   4.9500000000000037E-002    1666.893333331882     
   4.9500000000000037E-002    1674.813333331875     
   4.9500000000000037E-002    1682.733333331868     
   4.9500000000000037E-002    1690.653333331861     
   4.9500000000000037E-002    1698.579999998520     
   4.9500000000000037E-002    1706.499999998513     
   4.9500000000000037E-002    1714.419999998506     
   4.9500000000000037E-002    1722.339999998499     
   4.9500000000000037E-002    1730.259999998491     
   4.9500000000000037E-002    1738.179999998484     
   4.9500000000000037E-002    1746.099999998477     
   4.9500000000000037E-002    1754.026666665136     
   4.9500000000000037E-002    1761.946666665129     
   4.9500000000000037E-002    1769.866666665122     
   4.9500000000000037E-002    1777.786666665115     
   4.9500000000000037E-002    1785.706666665108     
   4.9500000000000037E-002    1793.633333331767     
   5.0000000000000037E-002    1170.479999999000     
   5.0000000000000037E-002    1178.113333332327     
   5.0000000000000037E-002    1185.753333332320     
   5.0000000000000037E-002    1193.399999998980     
   5.0000000000000037E-002    1201.046666665639     
   5.0000000000000037E-002    1208.699999998966     
   5.0000000000000037E-002    1216.353333332292     
   5.0000000000000037E-002    1224.013333332285     
   5.0000000000000037E-002    1231.673333332278     
   5.0000000000000037E-002    1239.333333332271     
   5.0000000000000037E-002    1246.993333332264     
   5.0000000000000037E-002    1254.659999998924     
   5.0000000000000037E-002    1262.319999998917     
   5.0000000000000037E-002    1269.986666665577     
   5.0000000000000037E-002    1277.653333332236     
   5.0000000000000037E-002    1285.319999998896     
   5.0000000000000037E-002    1292.993333332222     
   5.0000000000000037E-002    1300.659999998882     
   5.0000000000000037E-002    1308.333333332208     
   5.0000000000000037E-002    1315.999999998868     
   5.0000000000000037E-002    1323.673333332194     
   5.0000000000000037E-002    1331.346666665521     
   5.0000000000000037E-002    1339.013333332181     
   5.0000000000000037E-002    1346.686666665507     
   5.0000000000000037E-002    1354.359999998833     
   5.0000000000000037E-002    1362.033333332160     
   5.0000000000000037E-002    1369.713333332153     
   5.0000000000000037E-002    1377.386666665479     
   5.0000000000000037E-002    1385.059999998805     
   5.0000000000000037E-002    1392.733333332132     
   5.0000000000000037E-002    1400.413333332125     
   5.0000000000000037E-002    1408.086666665451     
   5.0000000000000037E-002    1415.759999998777     
   5.0000000000000037E-002    1423.439999998770     
   5.0000000000000037E-002    1431.113333332097     
   5.0000000000000037E-002    1438.793333332090     
   5.0000000000000037E-002    1446.473333332083     
   5.0000000000000037E-002    1454.146666665409     
   5.0000000000000037E-002    1461.826666665402     
   5.0000000000000037E-002    1469.506666665395     
   5.0000000000000037E-002    1477.179999998722     
   5.0000000000000037E-002    1484.859999998715     
   5.0000000000000037E-002    1492.539999998708     
   5.0000000000000037E-002    1500.219999998701     
   5.0000000000000037E-002    1507.899999998694     
   5.0000000000000037E-002    1515.579999998687     
   5.0000000000000037E-002    1523.259999998680     
   5.0000000000000037E-002    1530.939999998673     
   5.0000000000000037E-002    1538.619999998666     
   5.0000000000000037E-002    1546.299999998659     
   5.0000000000000037E-002    1553.979999998652     
   5.0000000000000037E-002    1561.659999998645     
   5.0000000000000037E-002    1569.339999998638     
   5.0000000000000037E-002    1577.019999998631     
   5.0000000000000037E-002    1584.699999998624     
   5.0000000000000037E-002    1592.379999998617     
   5.0000000000000037E-002    1600.059999998610     
   5.0000000000000037E-002    1607.746666665269     
   5.0000000000000037E-002    1615.426666665262     
   5.0000000000000037E-002    1623.106666665255     
   5.0000000000000037E-002    1630.786666665249     
   5.0000000000000037E-002    1638.473333331908     
   5.0000000000000037E-002    1646.153333331901     
   5.0000000000000037E-002    1653.833333331894     
   5.0000000000000037E-002    1661.519999998554     
   5.0000000000000037E-002    1669.199999998547     
   5.0000000000000037E-002    1676.879999998540     
   5.0000000000000037E-002    1684.566666665200     
   5.0000000000000037E-002    1692.246666665193     
   5.0000000000000037E-002    1699.926666665186     
   5.0000000000000037E-002    1707.613333331845     
   5.0000000000000037E-002    1715.293333331838     
   5.0000000000000037E-002    1722.979999998498     
   5.0000000000000037E-002    1730.659999998491     
   5.0000000000000037E-002    1738.346666665151     
   5.0000000000000037E-002    1746.026666665144     
   5.0000000000000037E-002    1753.713333331803     
   5.0000000000000037E-002    1761.393333331796     
   5.0000000000000037E-002    1769.079999998456     
   5.0000000000000037E-002    1776.759999998449     
   5.0000000000000037E-002    1784.446666665109     
   5.0000000000000037E-002    1792.126666665102     
   5.0000000000000037E-002    1799.813333331761     
   5.0000000000000037E-002    1807.493333331754     
   5.0000000000000037E-002    1815.179999998414     
   5.0000000000000037E-002    1822.866666665074     
   5.0000000000000037E-002    1830.546666665067     
   5.0500000000000038E-002    1379.226666665477     
   5.0500000000000038E-002    1386.639999998804     
   5.0500000000000038E-002    1394.059999998797     
   5.0500000000000038E-002    1401.479999998790     
   5.0500000000000038E-002    1408.913333332117     
   5.0500000000000038E-002    1416.339999998777     
   5.0500000000000038E-002    1423.773333332103     
   5.0500000000000038E-002    1431.213333332097     
   5.0500000000000038E-002    1438.653333332090     
   5.0500000000000038E-002    1446.093333332083     
   5.0500000000000038E-002    1453.533333332076     
   5.0500000000000038E-002    1460.973333332070     
   5.0500000000000038E-002    1468.419999998730     
   5.0500000000000038E-002    1475.859999998723     
   5.0500000000000038E-002    1483.306666665383     
   5.0500000000000038E-002    1490.753333332043     
   5.0500000000000038E-002    1498.199999998702     
   5.0500000000000038E-002    1505.646666665362     
   5.0500000000000038E-002    1513.093333332022     
   5.0500000000000038E-002    1520.546666665349     
   5.0500000000000038E-002    1527.993333332009     
   5.0500000000000038E-002    1535.446666665335     
   5.0500000000000038E-002    1542.893333331995     
   5.0500000000000038E-002    1550.346666665322     
   5.0500000000000038E-002    1557.799999998648     
   5.0500000000000038E-002    1565.253333331975     
   5.0500000000000038E-002    1572.706666665301     
   5.0500000000000038E-002    1580.159999998628     
   5.0500000000000038E-002    1587.613333331954     
   5.0500000000000038E-002    1595.066666665281     
   5.0500000000000038E-002    1602.519999998608     
   5.0500000000000038E-002    1609.973333331934     
   5.0500000000000038E-002    1617.426666665261     
   5.0500000000000038E-002    1624.879999998587     
   5.0500000000000038E-002    1632.339999998580     
   5.0500000000000038E-002    1639.793333331907     
   5.0500000000000038E-002    1647.253333331900     
   5.0500000000000038E-002    1654.706666665227     
   5.0500000000000038E-002    1662.159999998553     
   5.0500000000000038E-002    1669.619999998547     
   5.0500000000000038E-002    1677.073333331873     
   5.0500000000000038E-002    1684.533333331866     
   5.0500000000000038E-002    1691.993333331860     
   5.0500000000000038E-002    1699.446666665186     
   5.0500000000000038E-002    1706.906666665179     
   5.0500000000000038E-002    1714.366666665172     
   5.0500000000000038E-002    1721.819999998499     
   5.0500000000000038E-002    1729.279999998492     
   5.0500000000000038E-002    1736.739999998485     
   5.0500000000000038E-002    1744.199999998479     
   5.0500000000000038E-002    1751.659999998472     
   5.0500000000000038E-002    1759.113333331798     
   5.0500000000000038E-002    1766.573333331792     
   5.0500000000000038E-002    1774.033333331785     
   5.0500000000000038E-002    1781.493333331778     
   5.0500000000000038E-002    1788.953333331771     
   5.0500000000000038E-002    1796.413333331765     
   5.0500000000000038E-002    1803.873333331758     
   5.0500000000000038E-002    1811.333333331751     
   5.0500000000000038E-002    1818.793333331744     
   5.0500000000000038E-002    1826.253333331737     
   5.0500000000000038E-002    1833.713333331731     
   5.0500000000000038E-002    1841.173333331724     
   5.0500000000000038E-002    1848.633333331717     
   5.0500000000000038E-002    1856.099999998377     
   5.0500000000000038E-002    1863.559999998370     
   5.1000000000000038E-002    1638.113333331909     
   5.1000000000000038E-002    1645.319999998569     
   5.1000000000000038E-002    1652.533333331895     
   5.1000000000000038E-002    1659.746666665222     
   5.1000000000000038E-002    1666.966666665216     
   5.1000000000000038E-002    1674.193333331876     
   5.1000000000000038E-002    1681.419999998536     
   5.1000000000000038E-002    1688.646666665196     
   5.1000000000000038E-002    1695.879999998523     
   5.1000000000000038E-002    1703.106666665183     
   5.1000000000000038E-002    1710.339999998509     
   5.1000000000000038E-002    1717.573333331836     
   5.1000000000000038E-002    1724.813333331830     
   5.1000000000000038E-002    1732.046666665156     
   5.1000000000000038E-002    1739.279999998483     
   5.1000000000000038E-002    1746.519999998477     
   5.1000000000000038E-002    1753.759999998470     
   5.1000000000000038E-002    1760.999999998463     
   5.1000000000000038E-002    1768.239999998457     
   5.1000000000000038E-002    1775.479999998450     
   5.1000000000000038E-002    1782.719999998444     
   5.1000000000000038E-002    1789.959999998437     
   5.1000000000000038E-002    1797.199999998430     
   5.1000000000000038E-002    1804.446666665091     
   5.1000000000000038E-002    1811.686666665084     
   5.1000000000000038E-002    1818.933333331744     
   5.1000000000000038E-002    1826.173333331737     
   5.1000000000000038E-002    1833.419999998398     
   5.1000000000000038E-002    1840.666666665058     
   5.1000000000000038E-002    1847.906666665051     
   5.1000000000000038E-002    1855.153333331711     
   5.1000000000000038E-002    1862.399999998371     
   5.1000000000000038E-002    1869.646666665031     
   5.1000000000000038E-002    1876.893333331691     
   5.1000000000000038E-002    1884.139999998351     
   5.1000000000000038E-002    1891.386666665011     
   5.1000000000000038E-002    1898.633333331672     
   5.1000000000000038E-002    1905.879999998332     
   5.1000000000000038E-002    1913.126666664992     
   5.1000000000000038E-002    1920.373333331652     
   5.1000000000000038E-002    1927.619999998312     
   5.1500000000000039E-002    1986.066666664925     
   5.1500000000000039E-002    1993.073333331586     
   5.1500000000000039E-002    2000.086666664913     
   5.1500000000000039E-002    2007.106666664906     
   5.1500000000000039E-002    2014.133333331567     
   5.1500000000000039E-002    2021.153333331560     
   5.1500000000000039E-002    2028.186666664887     
   5.1500000000000039E-002    2035.213333331547     
   5.1500000000000039E-002    2042.246666664874     
   5.1500000000000039E-002    2049.279999998201     
   5.1500000000000039E-002    2056.313333331528     
   5.1500000000000039E-002    2063.346666664855     
   5.2000000000000039E-002    2517.333333331109     
   5.2000000000000039E-002    2524.153333331103     
   5.2000000000000039E-002    2530.979999997763     
   5.2000000000000039E-002    2537.813333331090     
   5.2000000000000039E-002    2544.639999997751     
   5.2000000000000039E-002    2551.473333331078     
   5.2000000000000039E-002    2558.313333331072     
   5.2000000000000039E-002    2565.146666664399     
   5.2000000000000039E-002    2571.986666664392     
   5.2000000000000039E-002    2578.826666664386     
   5.2000000000000039E-002    2585.666666664380     
   5.2000000000000039E-002    2592.506666664374     
   5.2000000000000039E-002    2599.346666664368     
   5.3000000000000040E-002    7788.593333578194     
   5.3000000000000040E-002    7795.000000245292     
   5.3000000000000040E-002    7801.406666912389     
   5.3000000000000040E-002    7807.813333579487     
   5.3000000000000040E-002    7814.226666913252     
   5.3000000000000040E-002    7820.633333580350     
   5.3000000000000040E-002    7827.046666914115     
   5.3000000000000040E-002    7833.460000247880     
   5.3000000000000040E-002    7839.873333581645     
   5.3000000000000040E-002    7846.286666915410     
   5.3000000000000040E-002    7852.700000249175     
   5.3000000000000040E-002    7859.113333582940     
   5.3000000000000040E-002    7865.533333583372     
